35, 33, 23

 F, 1, 2, 94

 F, 1, 3, 0

 E, 1, 4, 93

 C, 1, 4, 5

 F, 1, 4, 0

 F, 1, 5, 0

 F, 1, 6, 0

 E, 1, 7, 3

 C, 1, 7, 790

 F, 1, 7, 0

 F, 1, 8, 2

 F, 1, 9, 0

 F, 1, 10, 0

 E, 1, 11, 92

 C, 1, 11, 50

 F, 1, 11, 0

 E, 1, 12, 2

 C, 1, 12, 399

 F, 1, 12, 0

 F, 1, 13, 91

 E, 1, 14, 2

 C, 1, 14, 214

 F, 1, 14, 0

 F, 1, 15, 3

 F, 1, 16, 2

 F, 1, 17, 0

 F, 1, 18, 0

 F, 1, 19, 0

 F, 1, 20, 2

 F, 1, 21, 0

 F, 1, 22, 5

 F, 1, 23, 0

 F, 1, 24, 0

 F, 1, 25, 3

 F, 1, 26, 4

 F, 1, 27, 0

 E, 1, 28, 95

 C, 1, 28, 5

 F, 1, 28, 0

 F, 1, 29, 4

 F, 1, 30, 0

 F, 1, 31, 5

 F, 1, 32, 0

 F, 1, 33, 0

 F, 1, 34, 2

 F, 1, 35, 93

 E, 2, 1, 4

 C, 2, 1, 601

 F, 2, 1, 98

 F, 2, 3, 2

 F, 2, 4, 0

 E, 2, 5, 92

 C, 2, 5, 50

 F, 2, 5, 0

 F, 2, 6, 0

 F, 2, 7, 90

 E, 2, 8, 2

 C, 2, 8, 1846

 F, 2, 8, 0

 F, 2, 9, 0

 E, 2, 10, 3

 C, 2, 10, 193

 F, 2, 10, 97

 F, 2, 11, 0

 F, 2, 12, 2

 E, 2, 13, 3

 C, 2, 13, 497

 F, 2, 13, 0

 E, 2, 14, 90

 C, 2, 14, 5

 F, 2, 14, 5

 E, 2, 15, 94

 C, 2, 15, 5

 F, 2, 15, 94

 F, 2, 16, 0

 F, 2, 17, 0

 F, 2, 18, 0

 F, 2, 19, 0

 E, 2, 20, 2

 C, 2, 20, 738

 F, 2, 20, 0

 F, 2, 21, 90

 F, 2, 22, 91

 F, 2, 23, 94

 F, 2, 24, 0

 F, 2, 25, 4

 F, 2, 26, 3

 F, 2, 27, 5

 E, 2, 28, 96

 C, 2, 28, 5

 F, 2, 28, 90

 F, 2, 29, 0

 F, 2, 30, 0

 F, 2, 31, 2

 F, 2, 32, 0

 F, 2, 33, 0

 F, 2, 34, 0

 F, 2, 35, 0

 F, 3, 1, 2

 F, 3, 2, 0

 F, 3, 4, 0

 F, 3, 5, 0

 E, 3, 6, 99

 C, 3, 6, 5

 F, 3, 6, 0

 E, 3, 7, 2

 C, 3, 7, 619

 F, 3, 7, 0

 F, 3, 8, 0

 F, 3, 9, 96

 F, 3, 10, 0

 F, 3, 11, 0

 F, 3, 12, 0

 F, 3, 13, 90

 E, 3, 14, 97

 C, 3, 14, 5

 F, 3, 14, 0

 E, 3, 15, 94

 C, 3, 15, 5

 F, 3, 15, 0

 F, 3, 16, 0

 F, 3, 17, 4

 F, 3, 18, 5

 F, 3, 19, 5

 E, 3, 20, 93

 C, 3, 20, 5

 F, 3, 20, 0

 F, 3, 21, 0

 F, 3, 22, 91

 F, 3, 23, 0

 F, 3, 24, 96

 F, 3, 25, 0

 E, 3, 26, 90

 C, 3, 26, 50

 F, 3, 26, 3

 F, 3, 27, 0

 F, 3, 28, 0

 F, 3, 29, 0

 F, 3, 30, 0

 F, 3, 31, 94

 F, 3, 32, 0

 E, 3, 33, 3

 C, 3, 33, 1463

 F, 3, 33, 0

 E, 3, 34, 96

 C, 3, 34, 5

 F, 3, 34, 93

 F, 3, 35, 0

 F, 4, 1, 0

 F, 4, 2, 0

 E, 4, 3, 93

 C, 4, 3, 5

 F, 4, 3, 0

 E, 4, 5, 95

 C, 4, 5, 5

 F, 4, 5, 4

 E, 4, 6, 98

 C, 4, 6, 5

 F, 4, 6, 0

 F, 4, 7, 5

 F, 4, 8, 0

 F, 4, 9, 0

 E, 4, 10, 97

 C, 4, 10, 5

 F, 4, 10, 0

 F, 4, 11, 0

 F, 4, 12, 0

 F, 4, 13, 0

 E, 4, 14, 91

 C, 4, 14, 5

 F, 4, 14, 0

 F, 4, 15, 96

 F, 4, 16, 91

 E, 4, 17, 2

 C, 4, 17, 3420

 F, 4, 17, 0

 F, 4, 18, 0

 E, 4, 19, 99

 C, 4, 19, 50

 F, 4, 19, 0

 F, 4, 20, 0

 F, 4, 21, 98

 F, 4, 22, 97

 E, 4, 23, 92

 C, 4, 23, 5

 F, 4, 23, 0

 F, 4, 24, 0

 F, 4, 25, 5

 F, 4, 26, 0

 E, 4, 27, 3

 C, 4, 27, 868

 F, 4, 27, 90

 E, 4, 28, 3

 C, 4, 28, 364

 F, 4, 28, 0

 F, 4, 29, 0

 F, 4, 30, 94

 F, 4, 31, 0

 F, 4, 32, 0

 F, 4, 33, 0

 F, 4, 34, 0

 F, 4, 35, 0

 F, 5, 1, 94

 F, 5, 2, 4

 F, 5, 3, 0

 F, 5, 4, 0

 E, 5, 6, 99

 C, 5, 6, 5

 F, 5, 6, 3

 E, 5, 7, 93

 C, 5, 7, 50

 F, 5, 7, 0

 F, 5, 8, 0

 F, 5, 9, 0

 F, 5, 10, 0

 E, 5, 11, 94

 C, 5, 11, 5

 F, 5, 11, 0

 F, 5, 12, 0

 F, 5, 13, 0

 E, 5, 14, 99

 C, 5, 14, 5

 F, 5, 14, 0

 E, 5, 15, 91

 C, 5, 15, 5

 F, 5, 15, 0

 F, 5, 16, 0

 E, 5, 17, 97

 C, 5, 17, 5

 F, 5, 17, 97

 F, 5, 18, 90

 F, 5, 19, 0

 F, 5, 20, 95

 F, 5, 21, 0

 F, 5, 22, 0

 F, 5, 23, 96

 F, 5, 24, 0

 F, 5, 25, 0

 F, 5, 26, 3

 F, 5, 27, 4

 E, 5, 28, 4

 C, 5, 28, 387

 F, 5, 28, 0

 F, 5, 29, 0

 E, 5, 30, 2

 C, 5, 30, 309

 F, 5, 30, 0

 F, 5, 31, 93

 F, 5, 32, 0

 E, 5, 33, 3

 C, 5, 33, 1909

 F, 5, 33, 0

 E, 5, 34, 97

 C, 5, 34, 5

 F, 5, 34, 0

 F, 5, 35, 0

 F, 6, 1, 4

 F, 6, 2, 95

 F, 6, 3, 93

 F, 6, 4, 0

 F, 6, 5, 91

 F, 6, 7, 95

 E, 6, 8, 98

 C, 6, 8, 50

 F, 6, 8, 0

 F, 6, 9, 0

 F, 6, 10, 5

 E, 6, 11, 2

 C, 6, 11, 865

 F, 6, 11, 93

 F, 6, 12, 0

 F, 6, 13, 0

 F, 6, 14, 0

 F, 6, 15, 90

 E, 6, 16, 98

 C, 6, 16, 5

 F, 6, 16, 0

 F, 6, 17, 0

 F, 6, 18, 2

 E, 6, 19, 94

 C, 6, 19, 5

 F, 6, 19, 0

 F, 6, 20, 0

 F, 6, 21, 0

 E, 6, 22, 98

 C, 6, 22, 5

 F, 6, 22, 0

 E, 6, 23, 4

 C, 6, 23, 454

 F, 6, 23, 93

 F, 6, 24, 99

 F, 6, 25, 0

 F, 6, 26, 0

 F, 6, 27, 0

 F, 6, 28, 0

 F, 6, 29, 0

 E, 6, 30, 4

 C, 6, 30, 54

 F, 6, 30, 0

 F, 6, 31, 0

 F, 6, 32, 0

 E, 6, 33, 96

 C, 6, 33, 5

 F, 6, 33, 0

 F, 6, 34, 3

 F, 6, 35, 0

 F, 7, 1, 0

 F, 7, 2, 0

 F, 7, 3, 92

 E, 7, 4, 2

 C, 7, 4, 1263

 F, 7, 4, 0

 F, 7, 5, 0

 E, 7, 6, 96

 C, 7, 6, 5

 F, 7, 6, 0

 F, 7, 8, 4

 F, 7, 9, 0

 E, 7, 10, 95

 C, 7, 10, 5

 F, 7, 10, 0

 F, 7, 11, 97

 E, 7, 12, 90

 C, 7, 12, 5

 F, 7, 12, 0

 F, 7, 13, 0

 F, 7, 14, 0

 F, 7, 15, 0

 F, 7, 16, 4

 F, 7, 17, 98

 F, 7, 18, 0

 F, 7, 19, 0

 F, 7, 20, 0

 F, 7, 21, 0

 E, 7, 22, 95

 C, 7, 22, 50

 F, 7, 22, 4

 F, 7, 23, 0

 F, 7, 24, 0

 F, 7, 25, 5

 F, 7, 26, 92

 F, 7, 27, 95

 F, 7, 28, 0

 F, 7, 29, 0

 F, 7, 30, 4

 F, 7, 31, 0

 E, 7, 32, 98

 C, 7, 32, 50

 F, 7, 32, 0

 F, 7, 33, 4

 F, 7, 34, 96

 E, 7, 35, 2

 C, 7, 35, 588

 F, 7, 35, 99

 F, 8, 1, 0

 F, 8, 2, 0

 F, 8, 3, 0

 F, 8, 4, 0

 F, 8, 5, 0

 F, 8, 6, 90

 F, 8, 7, 0

 F, 8, 9, 5

 E, 8, 10, 94

 C, 8, 10, 5

 F, 8, 10, 0

 F, 8, 11, 0

 F, 8, 12, 3

 F, 8, 13, 96

 F, 8, 14, 97

 F, 8, 15, 0

 F, 8, 16, 4

 F, 8, 17, 5

 F, 8, 18, 0

 F, 8, 19, 4

 F, 8, 20, 95

 E, 8, 21, 3

 C, 8, 21, 781

 F, 8, 21, 0

 F, 8, 22, 0

 F, 8, 23, 0

 F, 8, 24, 0

 F, 8, 25, 0

 E, 8, 26, 2

 C, 8, 26, 1065

 F, 8, 26, 93

 F, 8, 27, 93

 F, 8, 28, 0

 F, 8, 29, 0

 E, 8, 30, 90

 C, 8, 30, 5

 F, 8, 30, 0

 F, 8, 31, 0

 F, 8, 32, 0

 F, 8, 33, 5

 F, 8, 34, 0

 E, 8, 35, 5

 C, 8, 35, 92

 F, 8, 35, 0

 E, 9, 1, 91

 C, 9, 1, 5

 F, 9, 1, 95

 F, 9, 2, 0

 F, 9, 3, 0

 F, 9, 4, 2

 F, 9, 5, 0

 F, 9, 6, 0

 F, 9, 7, 0

 E, 9, 8, 97

 C, 9, 8, 50

 F, 9, 8, 0

 F, 9, 10, 0

 F, 9, 11, 0

 F, 9, 12, 0

 F, 9, 13, 0

 E, 9, 14, 95

 C, 9, 14, 5

 F, 9, 14, 92

 E, 9, 15, 96

 C, 9, 15, 5

 F, 9, 15, 2

 E, 9, 16, 99

 C, 9, 16, 5

 F, 9, 16, 97

 F, 9, 17, 0

 E, 9, 18, 91

 C, 9, 18, 5

 F, 9, 18, 95

 E, 9, 19, 91

 C, 9, 19, 5

 F, 9, 19, 3

 F, 9, 20, 2

 F, 9, 21, 0

 F, 9, 22, 0

 E, 9, 23, 2

 C, 9, 23, 588

 F, 9, 23, 0

 F, 9, 24, 0

 E, 9, 25, 2

 C, 9, 25, 200

 F, 9, 25, 0

 F, 9, 26, 0

 E, 9, 27, 5

 C, 9, 27, 5

 F, 9, 27, 0

 F, 9, 28, 0

 F, 9, 29, 0

 F, 9, 30, 0

 F, 9, 31, 0

 F, 9, 32, 0

 F, 9, 33, 0

 F, 9, 34, 0

 F, 9, 35, 90

 E, 10, 1, 4

 C, 10, 1, 222

 F, 10, 1, 4

 F, 10, 2, 3

 E, 10, 3, 91

 C, 10, 3, 50

 F, 10, 3, 0

 F, 10, 4, 0

 F, 10, 5, 0

 F, 10, 6, 0

 F, 10, 7, 5

 F, 10, 8, 0

 E, 10, 9, 99

 C, 10, 9, 5

 F, 10, 9, 0

 F, 10, 11, 0

 E, 10, 12, 90

 C, 10, 12, 50

 F, 10, 12, 5

 F, 10, 13, 0

 F, 10, 14, 96

 F, 10, 15, 0

 F, 10, 16, 0

 F, 10, 17, 0

 E, 10, 18, 96

 C, 10, 18, 5

 F, 10, 18, 3

 F, 10, 19, 0

 F, 10, 20, 95

 F, 10, 21, 0

 F, 10, 22, 0

 E, 10, 23, 3

 C, 10, 23, 1041

 F, 10, 23, 0

 F, 10, 24, 0

 F, 10, 25, 4

 F, 10, 26, 0

 F, 10, 27, 0

 E, 10, 28, 91

 C, 10, 28, 5

 F, 10, 28, 3

 F, 10, 29, 5

 E, 10, 30, 5

 C, 10, 30, 98

 F, 10, 30, 0

 F, 10, 31, 3

 F, 10, 32, 3

 E, 10, 33, 4

 C, 10, 33, 31

 F, 10, 33, 0

 F, 10, 34, 97

 F, 10, 35, 0

 F, 11, 1, 0

 F, 11, 2, 0

 E, 11, 3, 3

 C, 11, 3, 2273

 F, 11, 3, 90

 F, 11, 4, 5

 F, 11, 5, 0

 F, 11, 6, 95

 F, 11, 7, 3

 F, 11, 8, 0

 F, 11, 9, 0

 F, 11, 10, 3

 F, 11, 12, 0

 E, 11, 13, 92

 C, 11, 13, 5

 F, 11, 13, 0

 E, 11, 14, 3

 C, 11, 14, 311

 F, 11, 14, 0

 F, 11, 15, 0

 F, 11, 16, 2

 F, 11, 17, 0

 F, 11, 18, 0

 E, 11, 19, 94

 C, 11, 19, 5

 F, 11, 19, 0

 F, 11, 20, 0

 F, 11, 21, 0

 F, 11, 22, 0

 F, 11, 23, 96

 F, 11, 24, 5

 F, 11, 25, 5

 F, 11, 26, 0

 F, 11, 27, 2

 F, 11, 28, 0

 F, 11, 29, 0

 F, 11, 30, 0

 F, 11, 31, 0

 F, 11, 32, 0

 F, 11, 33, 5

 F, 11, 34, 0

 F, 11, 35, 3

 F, 12, 1, 0

 E, 12, 2, 96

 C, 12, 2, 17

 F, 12, 2, 0

 F, 12, 3, 0

 F, 12, 4, 0

 F, 12, 5, 93

 F, 12, 6, 0

 F, 12, 7, 0

 F, 12, 8, 4

 F, 12, 9, 97

 E, 12, 10, 90

 C, 12, 10, 205

 F, 12, 10, 0

 F, 12, 11, 0

 F, 12, 13, 4

 F, 12, 14, 0

 F, 12, 15, 0

 F, 12, 16, 0

 F, 12, 17, 94

 F, 12, 18, 4

 F, 12, 19, 0

 F, 12, 20, 0

 F, 12, 21, 0

 F, 12, 22, 0

 F, 12, 23, 5

 F, 12, 24, 4

 F, 12, 25, 99

 F, 12, 26, 5

 F, 12, 27, 0

 F, 12, 28, 3

 F, 12, 29, 0

 F, 12, 30, 3

 F, 12, 31, 0

 F, 12, 32, 96

 E, 12, 33, 92

 C, 12, 33, 395

 F, 12, 33, 0

 E, 12, 34, 99

 C, 12, 34, 5

 F, 12, 34, 98

 E, 12, 35, 95

 C, 12, 35, 9

 F, 12, 35, 4

 E, 13, 1, 3

 C, 13, 1, 206

 F, 13, 1, 0

 E, 13, 2, 98

 C, 13, 2, 5

 F, 13, 2, 0

 F, 13, 3, 4

 F, 13, 4, 0

 F, 13, 5, 2

 E, 13, 6, 92

 C, 13, 6, 5

 F, 13, 6, 0

 F, 13, 7, 97

 F, 13, 8, 0

 E, 13, 9, 96

 C, 13, 9, 5

 F, 13, 9, 0

 F, 13, 10, 0

 E, 13, 11, 96

 C, 13, 11, 5

 F, 13, 11, 96

 F, 13, 12, 0

 E, 13, 14, 2

 C, 13, 14, 121

 F, 13, 14, 4

 F, 13, 15, 2

 F, 13, 16, 0

 E, 13, 17, 5

 C, 13, 17, 299

 F, 13, 17, 0

 F, 13, 18, 91

 F, 13, 19, 3

 F, 13, 20, 0

 F, 13, 21, 0

 F, 13, 22, 3

 F, 13, 23, 0

 F, 13, 24, 0

 F, 13, 25, 0

 F, 13, 26, 0

 F, 13, 27, 0

 F, 13, 28, 2

 F, 13, 29, 0

 F, 13, 30, 0

 F, 13, 31, 0

 F, 13, 32, 4

 F, 13, 33, 0

 F, 13, 34, 99

 F, 13, 35, 0

 F, 14, 1, 0

 F, 14, 2, 0

 F, 14, 3, 0

 F, 14, 4, 0

 E, 14, 5, 2

 C, 14, 5, 809

 F, 14, 5, 0

 E, 14, 6, 93

 C, 14, 6, 50

 F, 14, 6, 90

 E, 14, 7, 96

 C, 14, 7, 5

 F, 14, 7, 0

 F, 14, 8, 5

 E, 14, 9, 94

 C, 14, 9, 5

 F, 14, 9, 3

 F, 14, 10, 0

 E, 14, 11, 90

 C, 14, 11, 5

 F, 14, 11, 3

 F, 14, 12, 0

 F, 14, 13, 95

 F, 14, 15, 4

 F, 14, 16, 0

 E, 14, 17, 96

 C, 14, 17, 5

 F, 14, 17, 3

 F, 14, 18, 0

 F, 14, 19, 0

 F, 14, 20, 93

 F, 14, 21, 5

 F, 14, 22, 0

 F, 14, 23, 0

 F, 14, 24, 93

 E, 14, 25, 5

 C, 14, 25, 316

 F, 14, 25, 0

 E, 14, 26, 99

 C, 14, 26, 50

 F, 14, 26, 0

 E, 14, 27, 94

 C, 14, 27, 50

 F, 14, 27, 0

 F, 14, 28, 0

 F, 14, 29, 0

 F, 14, 30, 5

 E, 14, 31, 99

 C, 14, 31, 5

 F, 14, 31, 0

 F, 14, 32, 96

 F, 14, 33, 2

 F, 14, 34, 0

 F, 14, 35, 0

 F, 15, 1, 0

 F, 15, 2, 0

 F, 15, 3, 2

 F, 15, 4, 2

 E, 15, 5, 3

 C, 15, 5, 571

 F, 15, 5, 0

 F, 15, 6, 0

 F, 15, 7, 99

 F, 15, 8, 0

 F, 15, 9, 0

 F, 15, 10, 2

 F, 15, 11, 5

 F, 15, 12, 0

 F, 15, 13, 3

 F, 15, 14, 5

 F, 15, 16, 0

 F, 15, 17, 0

 F, 15, 18, 0

 E, 15, 19, 93

 C, 15, 19, 5

 F, 15, 19, 0

 F, 15, 20, 99

 F, 15, 21, 0

 F, 15, 22, 0

 F, 15, 23, 2

 E, 15, 24, 5

 C, 15, 24, 900

 F, 15, 24, 90

 F, 15, 25, 92

 E, 15, 26, 90

 C, 15, 26, 5

 F, 15, 26, 92

 F, 15, 27, 0

 F, 15, 28, 90

 F, 15, 29, 2

 F, 15, 30, 0

 F, 15, 31, 0

 E, 15, 32, 4

 C, 15, 32, 679

 F, 15, 32, 94

 F, 15, 33, 92

 F, 15, 34, 3

 E, 15, 35, 96

 C, 15, 35, 5

 F, 15, 35, 5

 E, 16, 1, 99

 C, 16, 1, 5

 F, 16, 1, 94

 E, 16, 2, 4

 C, 16, 2, 1370

 F, 16, 2, 0

 F, 16, 3, 98

 F, 16, 4, 0

 F, 16, 5, 0

 F, 16, 6, 0

 F, 16, 7, 99

 F, 16, 8, 98

 F, 16, 9, 2

 E, 16, 10, 4

 C, 16, 10, 291

 F, 16, 10, 0

 E, 16, 11, 92

 C, 16, 11, 50

 F, 16, 11, 0

 E, 16, 12, 3

 C, 16, 12, 159

 F, 16, 12, 0

 F, 16, 13, 0

 F, 16, 14, 0

 E, 16, 15, 99

 C, 16, 15, 5

 F, 16, 15, 0

 F, 16, 17, 4

 F, 16, 18, 91

 E, 16, 19, 96

 C, 16, 19, 5

 F, 16, 19, 96

 F, 16, 20, 2

 E, 16, 21, 5

 C, 16, 21, 384

 F, 16, 21, 0

 F, 16, 22, 0

 E, 16, 23, 96

 C, 16, 23, 5

 F, 16, 23, 0

 E, 16, 24, 94

 C, 16, 24, 5

 F, 16, 24, 92

 F, 16, 25, 0

 F, 16, 26, 0

 E, 16, 27, 99

 C, 16, 27, 50

 F, 16, 27, 99

 F, 16, 28, 0

 F, 16, 29, 0

 E, 16, 30, 5

 C, 16, 30, 104

 F, 16, 30, 4

 F, 16, 31, 0

 F, 16, 32, 0

 E, 16, 33, 4

 C, 16, 33, 194

 F, 16, 33, 91

 F, 16, 34, 98

 F, 16, 35, 94

 E, 17, 1, 5

 C, 17, 1, 845

 F, 17, 1, 0

 F, 17, 2, 0

 E, 17, 3, 93

 C, 17, 3, 5

 F, 17, 3, 0

 E, 17, 4, 92

 C, 17, 4, 5

 F, 17, 4, 92

 F, 17, 5, 0

 F, 17, 6, 0

 F, 17, 7, 92

 F, 17, 8, 0

 F, 17, 9, 0

 F, 17, 10, 3

 F, 17, 11, 2

 E, 17, 12, 92

 C, 17, 12, 50

 F, 17, 12, 3

 F, 17, 13, 0

 F, 17, 14, 0

 F, 17, 15, 3

 F, 17, 16, 0

 F, 17, 18, 0

 F, 17, 19, 0

 F, 17, 20, 0

 F, 17, 21, 0

 F, 17, 22, 0

 E, 17, 23, 2

 C, 17, 23, 3512

 F, 17, 23, 5

 F, 17, 24, 94

 E, 17, 25, 96

 C, 17, 25, 50

 F, 17, 25, 94

 F, 17, 26, 91

 F, 17, 27, 95

 F, 17, 28, 4

 F, 17, 29, 0

 F, 17, 30, 0

 E, 17, 31, 91

 C, 17, 31, 50

 F, 17, 31, 0

 F, 17, 32, 91

 F, 17, 33, 0

 E, 17, 34, 92

 C, 17, 34, 5

 F, 17, 34, 0

 F, 17, 35, 99

 F, 18, 1, 4

 F, 18, 2, 0

 F, 18, 3, 99

 E, 18, 4, 3

 C, 18, 4, 1054

 F, 18, 4, 93

 F, 18, 5, 0

 F, 18, 6, 0

 F, 18, 7, 0

 F, 18, 8, 4

 F, 18, 9, 5

 F, 18, 10, 91

 F, 18, 11, 0

 F, 18, 12, 0

 E, 18, 13, 5

 C, 18, 13, 343

 F, 18, 13, 0

 F, 18, 14, 0

 F, 18, 15, 0

 F, 18, 16, 0

 E, 18, 17, 96

 C, 18, 17, 5

 F, 18, 17, 0

 F, 18, 19, 0

 F, 18, 20, 4

 F, 18, 21, 0

 E, 18, 22, 4

 C, 18, 22, 643

 F, 18, 22, 0

 F, 18, 23, 97

 F, 18, 24, 0

 F, 18, 25, 92

 F, 18, 26, 0

 F, 18, 27, 0

 F, 18, 28, 0

 F, 18, 29, 90

 E, 18, 30, 94

 C, 18, 30, 5

 F, 18, 30, 0

 F, 18, 31, 0

 F, 18, 32, 0

 F, 18, 33, 0

 E, 18, 34, 91

 C, 18, 34, 5

 F, 18, 34, 0

 F, 18, 35, 94

 F, 19, 1, 92

 F, 19, 2, 0

 F, 19, 3, 4

 F, 19, 4, 5

 E, 19, 5, 95

 C, 19, 5, 5

 F, 19, 5, 0

 E, 19, 6, 93

 C, 19, 6, 5

 F, 19, 6, 0

 E, 19, 7, 95

 C, 19, 7, 5

 F, 19, 7, 4

 E, 19, 8, 91

 C, 19, 8, 5

 F, 19, 8, 4

 F, 19, 9, 0

 F, 19, 10, 0

 F, 19, 11, 0

 F, 19, 12, 97

 F, 19, 13, 0

 F, 19, 14, 0

 F, 19, 15, 0

 F, 19, 16, 5

 F, 19, 17, 0

 F, 19, 18, 3

 F, 19, 20, 0

 F, 19, 21, 0

 F, 19, 22, 0

 E, 19, 23, 98

 C, 19, 23, 5

 F, 19, 23, 0

 F, 19, 24, 0

 F, 19, 25, 0

 F, 19, 26, 0

 F, 19, 27, 2

 F, 19, 28, 0

 E, 19, 29, 94

 C, 19, 29, 5

 F, 19, 29, 0

 E, 19, 30, 5

 C, 19, 30, 406

 F, 19, 30, 0

 F, 19, 31, 0

 F, 19, 32, 0

 F, 19, 33, 95

 F, 19, 34, 0

 F, 19, 35, 2

 E, 20, 1, 97

 C, 20, 1, 5

 F, 20, 1, 90

 F, 20, 2, 0

 F, 20, 3, 0

 F, 20, 4, 93

 F, 20, 5, 0

 F, 20, 6, 0

 F, 20, 7, 0

 E, 20, 8, 99

 C, 20, 8, 5

 F, 20, 8, 0

 F, 20, 9, 0

 F, 20, 10, 0

 F, 20, 11, 0

 F, 20, 12, 92

 F, 20, 13, 0

 F, 20, 14, 93

 F, 20, 15, 5

 F, 20, 16, 0

 E, 20, 17, 3

 C, 20, 17, 464

 F, 20, 17, 0

 F, 20, 18, 0

 E, 20, 19, 4

 C, 20, 19, 124

 F, 20, 19, 0

 E, 20, 21, 97

 C, 20, 21, 5

 F, 20, 21, 0

 F, 20, 22, 0

 F, 20, 23, 0

 F, 20, 24, 0

 E, 20, 25, 93

 C, 20, 25, 5

 F, 20, 25, 0

 E, 20, 26, 90

 C, 20, 26, 5

 F, 20, 26, 0

 F, 20, 27, 2

 F, 20, 28, 0

 E, 20, 29, 4

 C, 20, 29, 522

 F, 20, 29, 0

 F, 20, 30, 0

 E, 20, 31, 5

 C, 20, 31, 199

 F, 20, 31, 5

 F, 20, 32, 0

 F, 20, 33, 0

 E, 20, 34, 90

 C, 20, 34, 5

 F, 20, 34, 92

 F, 20, 35, 90

 F, 21, 1, 0

 F, 21, 2, 0

 F, 21, 3, 95

 E, 21, 4, 4

 C, 21, 4, 202

 F, 21, 4, 0

 F, 21, 5, 0

 F, 21, 6, 0

 F, 21, 7, 4

 F, 21, 8, 0

 E, 21, 9, 91

 C, 21, 9, 5

 F, 21, 9, 0

 F, 21, 10, 0

 F, 21, 11, 99

 F, 21, 12, 0

 F, 21, 13, 4

 F, 21, 14, 0

 E, 21, 15, 3

 C, 21, 15, 380

 F, 21, 15, 0

 E, 21, 16, 3

 C, 21, 16, 17

 F, 21, 16, 0

 E, 21, 17, 99

 C, 21, 17, 5

 F, 21, 17, 0

 F, 21, 18, 0

 F, 21, 19, 3

 F, 21, 20, 0

 E, 21, 22, 2

 C, 21, 22, 679

 F, 21, 22, 0

 F, 21, 23, 0

 F, 21, 24, 0

 F, 21, 25, 2

 F, 21, 26, 0

 F, 21, 27, 2

 F, 21, 28, 98

 F, 21, 29, 3

 F, 21, 30, 92

 F, 21, 31, 0

 E, 21, 32, 90

 C, 21, 32, 5

 F, 21, 32, 4

 F, 21, 33, 94

 E, 21, 34, 95

 C, 21, 34, 5

 F, 21, 34, 0

 F, 21, 35, 0

 F, 22, 1, 0

 E, 22, 2, 91

 C, 22, 2, 50

 F, 22, 2, 99

 F, 22, 3, 91

 F, 22, 4, 0

 F, 22, 5, 3

 F, 22, 6, 97

 F, 22, 7, 3

 F, 22, 8, 0

 F, 22, 9, 0

 F, 22, 10, 0

 E, 22, 11, 97

 C, 22, 11, 5

 F, 22, 11, 0

 E, 22, 12, 97

 C, 22, 12, 5

 F, 22, 12, 4

 F, 22, 13, 0

 F, 22, 14, 4

 F, 22, 15, 93

 F, 22, 16, 2

 F, 22, 17, 0

 E, 22, 18, 4

 C, 22, 18, 280

 F, 22, 18, 92

 F, 22, 19, 0

 F, 22, 20, 0

 F, 22, 21, 0

 E, 22, 23, 4

 C, 22, 23, 701

 F, 22, 23, 0

 E, 22, 24, 93

 C, 22, 24, 50

 F, 22, 24, 4

 E, 22, 25, 3

 C, 22, 25, 467

 F, 22, 25, 0

 F, 22, 26, 2

 F, 22, 27, 0

 F, 22, 28, 0

 F, 22, 29, 4

 F, 22, 30, 0

 F, 22, 31, 95

 F, 22, 32, 90

 E, 22, 33, 2

 C, 22, 33, 694

 F, 22, 33, 0

 F, 22, 34, 0

 E, 22, 35, 92

 C, 22, 35, 50

 F, 22, 35, 0

 E, 23, 1, 97

 C, 23, 1, 5

 F, 23, 1, 2

 E, 23, 2, 5

 C, 23, 2, 2045

 F, 23, 2, 0

 F, 23, 3, 96

 F, 23, 4, 0

 E, 23, 5, 5

 C, 23, 5, 1134

 F, 23, 5, 96

 F, 23, 6, 0

 E, 23, 7, 92

 C, 23, 7, 5

 F, 23, 7, 0

 E, 23, 8, 99

 C, 23, 8, 5

 F, 23, 8, 0

 F, 23, 9, 5

 F, 23, 10, 0

 E, 23, 11, 3

 C, 23, 11, 891

 F, 23, 11, 2

 F, 23, 12, 0

 F, 23, 13, 0

 E, 23, 14, 3

 C, 23, 14, 772

 F, 23, 14, 92

 F, 23, 15, 0

 F, 23, 16, 91

 F, 23, 17, 0

 E, 23, 18, 5

 C, 23, 18, 50

 F, 23, 18, 0

 F, 23, 19, 0

 F, 23, 20, 2

 F, 23, 21, 0

 E, 23, 22, 95

 C, 23, 22, 5

 F, 23, 22, 93

 E, 23, 24, 95

 C, 23, 24, 5

 F, 23, 24, 93

 E, 23, 25, 90

 C, 23, 25, 5

 F, 23, 25, 3

 E, 23, 26, 91

 C, 23, 26, 50

 F, 23, 26, 3

 F, 23, 27, 0

 F, 23, 28, 4

 E, 23, 29, 99

 C, 23, 29, 5

 F, 23, 29, 3

 F, 23, 30, 5

 F, 23, 31, 0

 F, 23, 32, 0

 F, 23, 33, 2

 E, 23, 34, 2

 C, 23, 34, 1783

 F, 23, 34, 4

 E, 23, 35, 3

 C, 23, 35, 754

 F, 23, 35, 0

 F, 24, 1, 94

 E, 24, 2, 93

 C, 24, 2, 5

 F, 24, 2, 0

 E, 24, 3, 4

 C, 24, 3, 151

 F, 24, 3, 0

 E, 24, 4, 2

 C, 24, 4, 483

 F, 24, 4, 0

 F, 24, 5, 0

 F, 24, 6, 0

 F, 24, 7, 0

 F, 24, 8, 0

 F, 24, 9, 0

 F, 24, 10, 0

 F, 24, 11, 95

 F, 24, 12, 96

 F, 24, 13, 0

 E, 24, 14, 4

 C, 24, 14, 55

 F, 24, 14, 0

 F, 24, 15, 0

 F, 24, 16, 0

 E, 24, 17, 96

 C, 24, 17, 5

 F, 24, 17, 92

 E, 24, 18, 98

 C, 24, 18, 5

 F, 24, 18, 0

 E, 24, 19, 2

 C, 24, 19, 241

 F, 24, 19, 0

 E, 24, 20, 3

 C, 24, 20, 437

 F, 24, 20, 96

 F, 24, 21, 0

 F, 24, 22, 0

 F, 24, 23, 98

 F, 24, 25, 0

 E, 24, 26, 91

 C, 24, 26, 50

 F, 24, 26, 2

 F, 24, 27, 91

 F, 24, 28, 0

 E, 24, 29, 98

 C, 24, 29, 5

 F, 24, 29, 95

 E, 24, 30, 97

 C, 24, 30, 5

 F, 24, 30, 91

 F, 24, 31, 95

 F, 24, 32, 0

 F, 24, 33, 0

 F, 24, 34, 4

 E, 24, 35, 2

 C, 24, 35, 204

 F, 24, 35, 99

 F, 25, 1, 0

 F, 25, 2, 2

 F, 25, 3, 0

 E, 25, 4, 91

 C, 25, 4, 298

 F, 25, 4, 5

 E, 25, 5, 96

 C, 25, 5, 112

 F, 25, 5, 97

 F, 25, 6, 5

 E, 25, 7, 99

 C, 25, 7, 5

 F, 25, 7, 3

 F, 25, 8, 0

 F, 25, 9, 5

 F, 25, 10, 0

 F, 25, 11, 0

 F, 25, 12, 4

 E, 25, 13, 92

 C, 25, 13, 7

 F, 25, 13, 0

 F, 25, 14, 0

 E, 25, 15, 97

 C, 25, 15, 5

 F, 25, 15, 0

 F, 25, 16, 0

 F, 25, 17, 4

 F, 25, 18, 95

 F, 25, 19, 92

 F, 25, 20, 0

 E, 25, 21, 99

 C, 25, 21, 5

 F, 25, 21, 0

 F, 25, 22, 0

 F, 25, 23, 5

 E, 25, 24, 99

 C, 25, 24, 146

 F, 25, 24, 4

 F, 25, 26, 95

 E, 25, 27, 96

 C, 25, 27, 5

 F, 25, 27, 0

 F, 25, 28, 96

 F, 25, 29, 0

 F, 25, 30, 5

 E, 25, 31, 96

 C, 25, 31, 5

 F, 25, 31, 0

 F, 25, 32, 0

 F, 25, 33, 0

 E, 25, 34, 93

 C, 25, 34, 100

 F, 25, 34, 0

 E, 25, 35, 90

 C, 25, 35, 9

 F, 25, 35, 0

 F, 26, 1, 3

 E, 26, 2, 4

 C, 26, 2, 314

 F, 26, 2, 0

 F, 26, 3, 0

 F, 26, 4, 97

 F, 26, 5, 0

 F, 26, 6, 95

 E, 26, 7, 4

 C, 26, 7, 477

 F, 26, 7, 96

 F, 26, 8, 0

 F, 26, 9, 0

 F, 26, 10, 0

 E, 26, 11, 4

 C, 26, 11, 399

 F, 26, 11, 99

 F, 26, 12, 5

 F, 26, 13, 0

 F, 26, 14, 4

 E, 26, 15, 4

 C, 26, 15, 5

 F, 26, 15, 0

 F, 26, 16, 0

 F, 26, 17, 91

 F, 26, 18, 0

 F, 26, 19, 5

 F, 26, 20, 0

 F, 26, 21, 96

 F, 26, 22, 0

 E, 26, 23, 5

 C, 26, 23, 94

 F, 26, 23, 92

 F, 26, 24, 0

 F, 26, 25, 96

 E, 26, 27, 91

 C, 26, 27, 5

 F, 26, 27, 95

 E, 26, 28, 5

 C, 26, 28, 187

 F, 26, 28, 94

 F, 26, 29, 5

 E, 26, 30, 4

 C, 26, 30, 146

 F, 26, 30, 96

 F, 26, 31, 2

 F, 26, 32, 0

 F, 26, 33, 98

 F, 26, 34, 0

 E, 26, 35, 90

 C, 26, 35, 5

 F, 26, 35, 0

 F, 27, 1, 0

 F, 27, 2, 0

 F, 27, 3, 0

 E, 27, 4, 2

 C, 27, 4, 672

 F, 27, 4, 0

 F, 27, 5, 0

 F, 27, 6, 0

 E, 27, 7, 93

 C, 27, 7, 5

 F, 27, 7, 91

 F, 27, 8, 0

 F, 27, 9, 95

 F, 27, 10, 98

 E, 27, 11, 91

 C, 27, 11, 5

 F, 27, 11, 0

 F, 27, 12, 90

 F, 27, 13, 0

 F, 27, 14, 91

 F, 27, 15, 0

 F, 27, 16, 0

 E, 27, 17, 91

 C, 27, 17, 5

 F, 27, 17, 0

 F, 27, 18, 0

 F, 27, 19, 0

 F, 27, 20, 0

 E, 27, 21, 91

 C, 27, 21, 5

 F, 27, 21, 97

 E, 27, 22, 97

 C, 27, 22, 5

 F, 27, 22, 4

 F, 27, 23, 0

 F, 27, 24, 0

 F, 27, 25, 93

 F, 27, 26, 3

 F, 27, 28, 0

 F, 27, 29, 2

 F, 27, 30, 0

 F, 27, 31, 2

 E, 27, 32, 5

 C, 27, 32, 244

 F, 27, 32, 92

 F, 27, 33, 2

 F, 27, 34, 0

 F, 27, 35, 4

 F, 28, 1, 99

 F, 28, 2, 5

 F, 28, 3, 4

 F, 28, 4, 5

 F, 28, 5, 0

 F, 28, 6, 0

 E, 28, 7, 94

 C, 28, 7, 5

 F, 28, 7, 0

 F, 28, 8, 94

 F, 28, 9, 0

 E, 28, 10, 92

 C, 28, 10, 5

 F, 28, 10, 3

 F, 28, 11, 95

 F, 28, 12, 3

 F, 28, 13, 5

 F, 28, 14, 94

 F, 28, 15, 0

 F, 28, 16, 99

 E, 28, 17, 95

 C, 28, 17, 5

 F, 28, 17, 96

 F, 28, 18, 0

 F, 28, 19, 0

 F, 28, 20, 0

 F, 28, 21, 95

 E, 28, 22, 90

 C, 28, 22, 5

 F, 28, 22, 0

 E, 28, 23, 3

 C, 28, 23, 1279

 F, 28, 23, 99

 E, 28, 24, 96

 C, 28, 24, 5

 F, 28, 24, 0

 F, 28, 25, 2

 E, 28, 26, 94

 C, 28, 26, 5

 F, 28, 26, 0

 F, 28, 27, 2

 F, 28, 29, 2

 F, 28, 30, 96

 E, 28, 31, 91

 C, 28, 31, 5

 F, 28, 31, 90

 F, 28, 32, 0

 E, 28, 33, 91

 C, 28, 33, 5

 F, 28, 33, 0

 F, 28, 34, 4

 F, 28, 35, 0

 F, 29, 1, 0

 E, 29, 2, 90

 C, 29, 2, 5

 F, 29, 2, 0

 F, 29, 3, 0

 F, 29, 4, 0

 F, 29, 5, 98

 F, 29, 6, 0

 F, 29, 7, 4

 F, 29, 8, 0

 F, 29, 9, 0

 E, 29, 10, 91

 C, 29, 10, 5

 F, 29, 10, 0

 E, 29, 11, 97

 C, 29, 11, 50

 F, 29, 11, 97

 E, 29, 12, 98

 C, 29, 12, 5

 F, 29, 12, 5

 F, 29, 13, 94

 F, 29, 14, 97

 E, 29, 15, 4

 C, 29, 15, 107

 F, 29, 15, 0

 E, 29, 16, 4

 C, 29, 16, 290

 F, 29, 16, 97

 F, 29, 17, 0

 F, 29, 18, 92

 F, 29, 19, 0

 F, 29, 20, 0

 F, 29, 21, 0

 E, 29, 22, 2

 C, 29, 22, 674

 F, 29, 22, 0

 F, 29, 23, 0

 F, 29, 24, 0

 E, 29, 25, 98

 C, 29, 25, 50

 F, 29, 25, 94

 F, 29, 26, 90

 F, 29, 27, 0

 F, 29, 28, 99

 F, 29, 30, 0

 F, 29, 31, 2

 F, 29, 32, 0

 E, 29, 33, 5

 C, 29, 33, 5

 F, 29, 33, 0

 F, 29, 34, 0

 E, 29, 35, 90

 C, 29, 35, 5

 F, 29, 35, 0

 F, 30, 1, 0

 F, 30, 2, 96

 E, 30, 3, 93

 C, 30, 3, 50

 F, 30, 3, 0

 F, 30, 4, 0

 F, 30, 5, 4

 F, 30, 6, 0

 F, 30, 7, 0

 F, 30, 8, 92

 E, 30, 9, 99

 C, 30, 9, 5

 F, 30, 9, 0

 F, 30, 10, 93

 E, 30, 11, 4

 C, 30, 11, 1000

 F, 30, 11, 0

 E, 30, 12, 95

 C, 30, 12, 50

 F, 30, 12, 0

 F, 30, 13, 0

 F, 30, 14, 5

 F, 30, 15, 0

 E, 30, 16, 90

 C, 30, 16, 5

 F, 30, 16, 0

 F, 30, 17, 0

 F, 30, 18, 0

 F, 30, 19, 0

 F, 30, 20, 0

 F, 30, 21, 0

 F, 30, 22, 97

 F, 30, 23, 0

 F, 30, 24, 0

 E, 30, 25, 90

 C, 30, 25, 5

 F, 30, 25, 0

 F, 30, 26, 0

 F, 30, 27, 0

 F, 30, 28, 0

 F, 30, 29, 4

 F, 30, 31, 0

 E, 30, 32, 94

 C, 30, 32, 5

 F, 30, 32, 0

 F, 30, 33, 92

 F, 30, 34, 0

 F, 30, 35, 2

 E, 31, 1, 91

 C, 31, 1, 5

 F, 31, 1, 0

 E, 31, 2, 93

 C, 31, 2, 5

 F, 31, 2, 0

 E, 31, 3, 96

 C, 31, 3, 5

 F, 31, 3, 3

 F, 31, 4, 0

 F, 31, 5, 5

 F, 31, 6, 0

 F, 31, 7, 0

 F, 31, 8, 98

 E, 31, 9, 97

 C, 31, 9, 5

 F, 31, 9, 0

 E, 31, 10, 4

 C, 31, 10, 216

 F, 31, 10, 0

 F, 31, 11, 0

 F, 31, 12, 0

 E, 31, 13, 94

 C, 31, 13, 5

 F, 31, 13, 0

 F, 31, 14, 2

 F, 31, 15, 5

 F, 31, 16, 2

 F, 31, 17, 0

 F, 31, 18, 0

 F, 31, 19, 5

 E, 31, 20, 5

 C, 31, 20, 302

 F, 31, 20, 0

 F, 31, 21, 0

 F, 31, 22, 3

 E, 31, 23, 91

 C, 31, 23, 5

 F, 31, 23, 0

 E, 31, 24, 99

 C, 31, 24, 5

 F, 31, 24, 0

 E, 31, 25, 95

 C, 31, 25, 5

 F, 31, 25, 90

 F, 31, 26, 0

 F, 31, 27, 0

 E, 31, 28, 99

 C, 31, 28, 5

 F, 31, 28, 5

 F, 31, 29, 5

 E, 31, 30, 91

 C, 31, 30, 5

 F, 31, 30, 0

 F, 31, 32, 0

 F, 31, 33, 0

 F, 31, 34, 0

 F, 31, 35, 90

 F, 32, 1, 0

 F, 32, 2, 0

 E, 32, 3, 97

 C, 32, 3, 5

 F, 32, 3, 92

 F, 32, 4, 0

 F, 32, 5, 93

 F, 32, 6, 0

 F, 32, 7, 0

 F, 32, 8, 0

 F, 32, 9, 96

 E, 32, 10, 96

 C, 32, 10, 5

 F, 32, 10, 0

 F, 32, 11, 0

 F, 32, 12, 97

 F, 32, 13, 0

 F, 32, 14, 0

 F, 32, 15, 0

 F, 32, 16, 0

 F, 32, 17, 0

 E, 32, 18, 4

 C, 32, 18, 580

 F, 32, 18, 93

 E, 32, 19, 97

 C, 32, 19, 5

 F, 32, 19, 0

 F, 32, 20, 98

 F, 32, 21, 0

 E, 32, 22, 98

 C, 32, 22, 5

 F, 32, 22, 0

 E, 32, 23, 90

 C, 32, 23, 5

 F, 32, 23, 0

 F, 32, 24, 5

 F, 32, 25, 94

 E, 32, 26, 99

 C, 32, 26, 5

 F, 32, 26, 0

 F, 32, 27, 91

 F, 32, 28, 0

 E, 32, 29, 96

 C, 32, 29, 5

 F, 32, 29, 98

 E, 32, 30, 4

 C, 32, 30, 142

 F, 32, 30, 0

 E, 32, 31, 5

 C, 32, 31, 492

 F, 32, 31, 0

 F, 32, 33, 0

 F, 32, 34, 0

 F, 32, 35, 0

 F, 33, 1, 0

 E, 33, 2, 92

 C, 33, 2, 5

 F, 33, 2, 97

 F, 33, 3, 4

 E, 33, 4, 3

 C, 33, 4, 651

 F, 33, 4, 0

 F, 33, 5, 0

 F, 33, 6, 0

 F, 33, 7, 0

 F, 33, 8, 2

 E, 33, 9, 5

 C, 33, 9, 767

 F, 33, 9, 0

 F, 33, 10, 0

 F, 33, 11, 99

 F, 33, 12, 0

 F, 33, 13, 0

 E, 33, 14, 90

 C, 33, 14, 5

 F, 33, 14, 5

 E, 33, 15, 4

 C, 33, 15, 1428

 F, 33, 15, 5

 E, 33, 16, 4

 C, 33, 16, 1671

 F, 33, 16, 99

 F, 33, 17, 0

 E, 33, 18, 91

 C, 33, 18, 50

 F, 33, 18, 0

 F, 33, 19, 0

 F, 33, 20, 0

 F, 33, 21, 0

 F, 33, 22, 3

 F, 33, 23, 0

 F, 33, 24, 0

 F, 33, 25, 4

 F, 33, 26, 3

 F, 33, 27, 0

 F, 33, 28, 5

 F, 33, 29, 3

 F, 33, 30, 2

 F, 33, 31, 0

 E, 33, 32, 99

 C, 33, 32, 5

 F, 33, 32, 0

 F, 33, 34, 0

 F, 33, 35, 0

 F, 34, 1, 0

 F, 34, 2, 2

 F, 34, 3, 3

 F, 34, 4, 0

 E, 34, 5, 99

 C, 34, 5, 50

 F, 34, 5, 4

 F, 34, 6, 4

 E, 34, 7, 4

 C, 34, 7, 21

 F, 34, 7, 0

 E, 34, 8, 94

 C, 34, 8, 5

 F, 34, 8, 97

 F, 34, 9, 0

 E, 34, 10, 3

 C, 34, 10, 511

 F, 34, 10, 2

 F, 34, 11, 0

 F, 34, 12, 0

 F, 34, 13, 96

 F, 34, 14, 0

 F, 34, 15, 4

 F, 34, 16, 0

 F, 34, 17, 3

 E, 34, 18, 2

 C, 34, 18, 1175

 F, 34, 18, 3

 E, 34, 19, 91

 C, 34, 19, 5

 F, 34, 19, 2

 F, 34, 20, 0

 F, 34, 21, 0

 F, 34, 22, 2

 F, 34, 23, 95

 F, 34, 24, 0

 F, 34, 25, 93

 F, 34, 26, 0

 F, 34, 27, 0

 E, 34, 28, 93

 C, 34, 28, 50

 F, 34, 28, 5

 F, 34, 29, 2

 F, 34, 30, 90

 E, 34, 31, 99

 C, 34, 31, 5

 F, 34, 31, 0

 F, 34, 32, 0

 E, 34, 33, 98

 C, 34, 33, 5

 F, 34, 33, 5

 F, 34, 35, 0

 F, 35, 1, 0

 F, 35, 2, 92

 F, 35, 3, 0

 F, 35, 4, 5

 F, 35, 5, 4

 E, 35, 6, 4

 C, 35, 6, 994

 F, 35, 6, 3

 F, 35, 7, 0

 F, 35, 8, 2

 F, 35, 9, 5

 F, 35, 10, 0

 F, 35, 11, 0

 F, 35, 12, 0

 F, 35, 13, 5

 F, 35, 14, 0

 F, 35, 15, 0

 F, 35, 16, 0

 F, 35, 17, 0

 F, 35, 18, 0

 F, 35, 19, 4

 E, 35, 20, 90

 C, 35, 20, 50

 F, 35, 20, 0

 F, 35, 21, 0

 F, 35, 22, 0

 E, 35, 23, 96

 C, 35, 23, 5

 F, 35, 23, 5

 F, 35, 24, 0

 F, 35, 25, 0

 F, 35, 26, 94

 E, 35, 27, 97

 C, 35, 27, 5

 F, 35, 27, 0

 F, 35, 28, 0

 F, 35, 29, 0

 E, 35, 30, 94

 C, 35, 30, 5

 F, 35, 30, 0

 F, 35, 31, 0

 F, 35, 32, 0

 F, 35, 33, 4

 F, 35, 34, 0
