****************************************************

SingleNodeAtATime

Size of Given input Graph is : 10
Path Matrix :
|	(1,)		(1,2,)		(1,10,5,3,)		(1,2,4,)		(1,10,5,)		(1,10,7,6,)		(1,10,7,)		(4,0,0,0,0,0,0,0,0,0,8,)		(1,10,5,9,)		(1,10,)|
|	(2,7,1,)		(2,)		(2,7,6,3,)		(2,4,)		(2,7,5,)		(2,7,6,)		(2,7,)		(4,0,0,0,0,0,0,0,0,0,8,)		(2,4,9,0,)		(2,7,1,10,)	|
|	(13,0,0,0,0,0,0,0,0,0,1,)		(3,0,3,0,0,0,0,0,0,0,2,0,0,)		(0,3,0,)		(13,0,0,0,0,0,0,0,0,0,4,)		(3,0,16,0,0,0,0,0,0,0,5,0,0,)		(3,0,0,0,0,17,0,0,0,0,0,0,0,0,3,0,)	(3,0,0,0,0,0,18,0,0,0,0,0,3,0,0,0,0,)		(3,0,0,0,0,0,0,19,0,0,0,0,3,0,0,0,0,0,)		(3,0,0,0,0,0,0,0,20,0,0,0,3,0,0,0,0,0,0,)		(3,0,0,0,0,0,0,0,0,0,0,0,3,0,0,0,0,0,0,0,)		|
|	(4,7,1,)		(4,7,1,2,)		(4,7,6,3,)		(4,)		(4,7,5,)		(4,7,6,)		(4,7,)		(5,0,0,0,0,0,0,0,0,0,8,)		(4,9,0,0,0,)		(4,9,10,)		|
|	(5,7,1,)		(5,7,1,2,)		(5,3,)		(5,4,)		(5,)		(5,7,6,)		(5,7,)		(6,0,0,0,0,0,0,0,0,0,8,)		(5,9,0,0,0,0,)		(5,9,10,)		|
|	(16,0,0,0,0,0,0,0,0,0,1,)		(6,6,0,0,0,4,0,0,0,0,2,0,0,0,0,0,)		(6,0,0,0,)		(16,0,0,0,0,0,0,0,0,0,4,)		(6,0,0,0,0,6,0,0,0,0,5,0,0,0,0,0,)		(0,6,0,0,0,0,)		(16,0,0,0,0,0,0,0,0,0,7,)		(6,0,0,0,0,19,0,0,0,0,8,0,0,0,0,0,)		(6,0,0,0,0,0,0,0,20,0,0,0,0,0,6,0,0,0,0,)		(6,0,0,0,0,0,0,0,0,0,0,0,6,0,0,0,0,0,0,0,)		|
|	(7,1,)		(7,1,2,)		(7,6,3,)		(7,5,4,)		(7,5,)		(7,6,)		(7,)		(9,0,0,0,0,0,0,0,0,0,8,)		(7,5,9,0,0,0,0,0,0,)		(7,1,10,)	|
|	(8,1,)		(8,2,)		(8,7,6,3,)		(8,2,4,)		(8,7,5,)		(8,7,6,)		(8,7,)		(8,)		(8,7,5,9,)		(8,1,10,)		|
|	(9,10,7,1,)		(9,10,7,1,2,)		(9,10,5,3,)		(9,10,5,4,)		(9,10,5,)		(9,10,7,6,)		(9,10,7,)		(9,0,0,0,0,0,0,0,0,0,8,)		(9,0,0,0,0,0,0,0,0,)		(9,10,)		|
|	(10,7,1,)		(10,7,1,2,)		(10,5,3,)		(10,5,4,)		(10,5,)		(10,7,6,)		(10,7,)		(12,0,0,0,0,0,0,0,0,0,8,)		(10,5,9,0,0,0,0,0,0,0,0,0,)	(10,0,0,0,10,)		|
Hop Count Matrix :
|0	1	3	2	2	3	2	10	3	1		|
|2	0	3	1	2	2	1	10	3	3		|
|10	12	2	10	12	15	16	17	18	19		|
|2	3	3	0	2	2	1	10	4	2		|
|2	3	1	1	0	2	1	10	5	2		|
|10	15	3	10	15	5	10	15	18	19		|
|1	2	2	2	1	1	0	10	8	2		|
|1	1	3	2	2	2	1	0	3	2		|
|3	4	3	3	2	3	2	10	8	1		|
|2	3	2	2	1	2	1	10	11	4		|
Congestion Edge Matrix :
|0.00	252.14	-nan	-nan	-nan	-nan	-nan	-nan	-nan	247.10		|
|-nan	0.00	-nan	251.04	-nan	-nan	248.28	-nan	-nan	-nan		|
|-nan	-nan	0.00	-nan	-nan	-nan	-nan	-nan	-nan	-nan		|
|-nan	-nan	-nan	0.00	-nan	-nan	13.52	-nan	258.82	-nan		|
|-nan	-nan	262.25	187.17	0.00	-nan	252.83	-nan	8.15	-nan		|
|-nan	-nan	243.53	-nan	-nan	0.00	-nan	-nan	-nan	-nan		|
|267.84	-nan	-nan	-nan	192.22	260.95	0.00	-nan	-nan	-nan		|
|243.52	203.75	-nan	-nan	-nan	-nan	254.52	0.00	-nan	-nan		|
|-nan	-nan	-nan	-nan	-nan	-nan	-nan	-nan	0.00	247.25		|
|-nan	-nan	-nan	-nan	238.24	-nan	249.11	-nan	-nan	0.00		|

Predicted Path Delay Matrix :
|0	93	287	186	189	278	182	10000000	192	91		|
|190	0	279	93	190	188	92	10000000	190	281		|
|10000000	10000000	0	10000000	10000000	10000000	10000000	10000000	10000000	10000000		|
|103	196	192	0	103	101	5	10000000	97	188		|
|193	286	98	97	0	191	95	10000000	3	94		|
|10000000	10000000	91	10000000	10000000	0	10000000	10000000	10000000	10000000		|
|98	191	187	195	98	96	0	10000000	101	189		|
|94	92	283	185	194	192	96	0	197	185		|
|280	373	287	286	189	278	182	10000000	0	91		|
|189	282	196	195	98	187	91	10000000	101	0		|

Final Congestion Actual Delay Matrix :
|0.00	252.14	747.60	503.19	-nan	757.17	-nan	-nan	493.50	247.10		|
|516.12	0.00	752.76	251.04	440.50	509.24	248.28	0.00	509.86	763.23		|
|2.00	0.00	0.00	2.00	-nan	-nan	-nan	-nan	-nan	0.00		|
|281.36	533.51	518.00	0.00	205.74	274.47	13.52	-nan	517.64	506.07		|
|520.67	772.81	262.25	187.17	0.00	513.78	252.83	-nan	16.31	255.40		|
|0.00	0.00	243.53	0.00	0.00	0.00	0.00	-nan	-nan	0.00		|
|267.84	519.98	504.48	379.39	192.22	260.95	0.00	-nan	200.37	514.94		|
|243.52	203.75	759.00	454.79	446.74	515.47	254.52	0.00	454.89	490.62		|
|764.20	1016.35	747.74	672.66	485.49	757.31	496.36	0.00	0.00	247.25		|
|516.95	769.10	500.49	425.41	238.24	510.06	249.11	-36636260551102209982464.00	246.40	0.00		|
*****************Final Output :*****************

Shorest Path between source 9 and destination 8 is: 10000000.


Shorest Path between source 9 and destination 8 is: 0.00.

Hop Count for source 9 and destination 8 is: 10.

Total Running Time of the Algorithm in Seconds is 0.0012210


Total no.of Key-Basic Operations are : 4347

*********************************************

****************************************************

GivenExampleStrategy

Size of Given input Graph is : 10
Path Matrix :
|	(1,)		(1,2,)		(1,10,5,3,)		(1,2,4,)		(1,10,5,)		(1,10,7,6,)		(1,10,7,)		(4,0,0,0,0,0,0,0,0,0,8,)		(1,10,5,9,)		(1,10,)|
|	(2,7,1,)		(2,)		(2,7,6,3,)		(2,4,)		(2,7,5,)		(2,7,6,)		(2,7,)		(4,0,0,0,0,0,0,0,0,0,8,)		(2,4,9,0,)		(2,7,1,10,)	|
|	(13,0,0,0,0,0,0,0,0,0,1,)		(3,0,3,0,0,0,0,0,0,0,2,0,0,)		(0,3,0,)		(13,0,0,0,0,0,0,0,0,0,4,)		(3,0,16,0,0,0,0,0,0,0,5,0,0,)		(3,0,0,0,0,17,0,0,0,0,0,0,0,0,3,0,)	(3,0,0,0,0,0,18,0,0,0,0,0,3,0,0,0,0,)		(3,0,0,0,0,0,0,19,0,0,0,0,3,0,0,0,0,0,)		(3,0,0,0,0,0,0,0,20,0,0,0,3,0,0,0,0,0,0,)		(3,0,0,0,0,0,0,0,0,0,0,0,3,0,0,0,0,0,0,0,)		|
|	(4,7,1,)		(4,7,1,2,)		(4,7,6,3,)		(4,)		(4,7,5,)		(4,7,6,)		(4,7,)		(5,0,0,0,0,0,0,0,0,0,8,)		(4,9,0,0,0,)		(4,9,10,)		|
|	(5,7,1,)		(5,7,1,2,)		(5,3,)		(5,4,)		(5,)		(5,7,6,)		(5,7,)		(6,0,0,0,0,0,0,0,0,0,8,)		(5,9,0,0,0,0,)		(5,9,10,)		|
|	(16,0,0,0,0,0,0,0,0,0,1,)		(6,6,0,0,0,4,0,0,0,0,2,0,0,0,0,0,)		(6,0,0,0,)		(16,0,0,0,0,0,0,0,0,0,4,)		(6,0,0,0,0,6,0,0,0,0,5,0,0,0,0,0,)		(0,6,0,0,0,0,)		(16,0,0,0,0,0,0,0,0,0,7,)		(6,0,0,0,0,19,0,0,0,0,8,0,0,0,0,0,)		(6,0,0,0,0,0,0,0,20,0,0,0,0,0,6,0,0,0,0,)		(6,0,0,0,0,0,0,0,0,0,0,0,6,0,0,0,0,0,0,0,)		|
|	(7,1,)		(7,1,2,)		(7,6,3,)		(7,5,4,)		(7,5,)		(7,6,)		(7,)		(9,0,0,0,0,0,0,0,0,0,8,)		(7,5,9,0,0,0,0,0,0,)		(7,1,10,)	|
|	(8,1,)		(8,2,)		(8,7,6,3,)		(8,2,4,)		(8,7,5,)		(8,7,6,)		(8,7,)		(8,)		(8,7,5,9,)		(8,1,10,)		|
|	(9,10,7,1,)		(9,10,7,1,2,)		(9,10,5,3,)		(9,10,5,4,)		(9,10,5,)		(9,10,7,6,)		(9,10,7,)		(9,0,0,0,0,0,0,0,0,0,8,)		(9,0,0,0,0,0,0,0,0,)		(9,10,)		|
|	(10,7,1,)		(10,7,1,2,)		(10,5,3,)		(10,5,4,)		(10,5,)		(10,7,6,)		(10,7,)		(12,0,0,0,0,0,0,0,0,0,8,)		(10,5,9,0,0,0,0,0,0,0,0,0,)	(10,0,0,0,10,)		|
Hop Count Matrix :
|0	1	3	2	2	3	2	10	3	1		|
|2	0	3	1	2	2	1	10	3	3		|
|10	12	2	10	12	15	16	17	18	19		|
|2	3	3	0	2	2	1	10	4	2		|
|2	3	1	1	0	2	1	10	5	2		|
|10	15	3	10	15	5	10	15	18	19		|
|1	2	2	2	1	1	0	10	8	2		|
|1	1	3	2	2	2	1	0	3	2		|
|3	4	3	3	2	3	2	10	8	1		|
|2	3	2	2	1	2	1	10	11	4		|

Congestion Edge Matrix :
|0.00	4603.50	na	na	-nan	na	-nan	-nan	na	8736.00		|
|na	0.00	na	6696.00	na	na	5152.00	na	na	na		|
|na	na	0.00	na	na	na	na	na	na	na		|
|na	na	na	0.00	na	na	245.00	na	3686.00	na		|
|na	na	3782.80	275.78	0.00	na	3024.17	na	191.00	na		|
|na	na	3530.80	na	na	-nan	na	na	na	na		|
|11539.50	na	na	na	286.31	10752.00	0.00	na	na	na		|
|1645.00	441.96	na	na	na	na	1977.60	0.00	na	na		|
|na	na	na	na	na	na	na	na	0.00	1820.00		|
|na	na	na	na	801.29	na	8887.67	na	na	0.00		|

Predicted Path Delay Matrix :
|0	93	287	186	189	278	182	10000000	192	91		|
|190	0	279	93	190	188	92	10000000	190	281		|
|10000000	10000000	0	10000000	10000000	10000000	10000000	10000000	10000000	10000000		|
|103	196	192	0	103	101	5	10000000	97	188		|
|193	286	98	97	0	191	95	10000000	3	94		|
|10000000	10000000	91	10000000	10000000	0	10000000	10000000	10000000	10000000		|
|98	191	187	195	98	96	0	10000000	101	189		|
|94	92	283	185	194	192	96	0	197	185		|
|280	373	287	286	189	278	182	10000000	0	91		|
|189	282	196	195	98	187	91	10000000	101	0		|

Congestion Actual Delay Matrix :
|0.00	4603.50	13320.09	11299.50	-nan	28375.67	-nan	-nan	9728.29	8736.00		|
|16691.50	0.00	19434.80	6696.00	5438.31	15904.00	5152.00	-nan	10382.00	25427.50		|
|-10430480384.00	-9126670336.00	0.00	-10430480384.00	-9126670336.00	-13038100480.00	-14341910528.00	-15645720576.00	-16949530624.00	-20860960768.00		|
|11784.50	16388.00	14527.80	0.00	531.31	10997.00	245.00	-10430480384.00	-2607612672.00	5506.00		|
|14563.67	19167.17	3782.80	275.78	0.00	13776.17	3024.17	-10430480384.00	-3911429632.00	2011.00		|
|-10430480384.00	-nan	-2607616512.00	-10430480384.00	-13038100480.00	-nan	-10430480384.00	-13038100480.00	-16949530624.00	-20860960768.00		|
|11539.50	16143.00	14282.80	562.10	286.31	10752.00	0.00	-10430480384.00	-6519049728.00	20275.50		|
|1645.00	441.96	16260.40	7137.96	2263.91	12729.60	1977.60	0.00	2454.91	10381.00		|
|22247.17	26850.67	6404.09	2897.08	2621.29	21459.67	10707.67	-10430480384.00	-9126670336.00	1820.00		|
|20427.17	25030.67	4584.09	1077.08	801.29	19639.67	8887.67	-10430480384.00	-10430479360.00	-2607620096.00		|
*****************Final Output :*****************

Shorest Path between source 9 and destination 8 is: 10000000.


Shorest Path between source 9 and destination 8 is: -10430480384.00.


Hop Count for source 9 and destination 8 is: 10.

Total Running Time of the Algorithm in Seconds is 0.0012680


Total no.of Key-Basic Operations are : 1478

***********************************

