****************************************************

SingleNodeAtATime

Size of Given input Graph is : 15
Path Matrix :
|	(1,)		(1,9,6,14,2,)		(1,9,3,)		(1,4,)		(1,8,5,)		(1,9,6,)		(1,4,7,)		(1,8,)		(1,9,)		(1,9,3,15,10,)		(1,8,11,)	(1,12,)		(1,9,3,13,)		(1,9,6,14,)		(1,9,3,15,)		|
|	(2,5,1,)		(2,)		(2,5,3,)		(2,4,)		(2,5,)		(2,6,)		(2,4,7,)		(2,8,)		(2,5,1,9,)		(2,8,11,10,)		(2,8,11,)		(2,5,1,12,)		(2,5,3,13,)		(2,6,14,)		(2,6,15,)		|
|	(3,7,5,1,)		(3,15,14,2,)		(3,)		(3,15,4,)		(3,7,5,)		(3,15,14,6,)		(3,7,)		(3,15,8,)		(3,9,)		(3,15,10,)		(3,7,11,)		(3,15,12,)		(3,13,)		(3,15,14,)		(3,15,)		|
|	(4,7,5,1,)		(4,7,15,14,2,)		(4,7,3,)		(4,)		(4,7,5,)		(4,7,15,14,6,)		(4,7,)		(4,7,15,8,)		(4,7,9,)		(4,7,11,10,)		(4,7,11,)		(4,7,15,12,)		(4,7,13,)		(4,7,15,14,)		(4,7,15,)		|
|	(5,1,)		(5,1,9,6,14,2,)		(5,3,)		(5,1,4,)		(5,)		(5,1,9,6,)		(5,3,7,)		(5,8,)		(5,1,9,)		(5,8,11,10,)		(5,8,11,)	(5,1,12,)		(5,3,13,)		(5,1,9,6,14,)		(5,3,15,)		|
|	(6,14,2,5,1,)		(6,14,2,)		(6,14,9,3,)		(6,15,4,)		(6,14,2,5,)		(6,)		(6,15,4,7,)		(6,15,8,)		(6,14,9,)		(6,15,10,)	(6,15,8,11,)		(6,15,12,)		(6,14,13,)		(6,14,)		(6,15,)		|
|	(7,5,1,)		(7,15,14,2,)		(7,3,)		(7,15,4,)		(7,5,)		(7,15,14,6,)		(7,)		(7,15,8,)		(7,9,)		(7,11,10,)		(7,11,)		(7,15,12,)		(7,13,)		(7,15,14,)		(7,15,)		|
|	(8,5,1,)		(8,11,15,14,2,)		(8,7,3,)		(8,11,15,4,)		(8,5,)		(8,11,15,14,6,)		(8,7,)		(8,)		(8,5,1,9,)		(8,11,10,)		(8,11,)(8,11,15,12,)		(8,7,13,)		(8,11,15,14,)		(8,11,15,)		|
|	(9,1,)		(9,6,14,2,)		(9,3,)		(9,3,15,4,)		(9,3,7,5,)		(9,6,)		(9,3,7,)		(9,3,15,8,)		(9,)		(9,3,15,10,)		(9,3,7,11,)	(9,3,15,12,)		(9,3,13,)		(9,6,14,)		(9,3,15,)		|
|	(10,11,5,1,)		(10,11,15,14,2,)		(10,3,)		(10,11,15,4,)		(10,11,5,)		(10,11,15,14,6,)		(10,3,7,)		(10,11,15,8,)		(10,11,5,1,9,)		(10,)		(10,11,)		(10,12,)		(10,3,13,)		(10,11,15,14,)		(10,11,15,)		|
|	(11,5,1,)		(11,15,14,2,)		(11,5,3,)		(11,15,4,)		(11,5,)		(11,15,14,6,)		(11,15,4,7,)		(11,15,8,)		(11,5,1,9,)		(11,10,)	(11,)		(11,15,12,)		(11,13,)		(11,15,14,)		(11,15,)		|
|	(12,14,2,5,1,)		(12,14,2,)		(12,14,9,3,)		(12,14,2,4,)		(12,14,2,5,)		(12,14,6,)		(12,14,2,4,7,)		(12,14,15,8,)		(12,14,9,)		(12,10,)		(12,11,)		(12,)		(12,14,13,)		(12,14,)		(12,14,15,)		|
|	(13,5,1,)		(13,14,2,)		(13,3,)		(13,3,15,4,)		(13,5,)		(13,6,)		(13,3,7,)		(13,3,15,8,)		(13,14,9,)		(13,3,15,10,)		(13,3,7,11,)		(13,3,15,12,)		(13,)		(13,14,)		(13,3,15,)		|
|	(14,2,5,1,)		(14,2,)		(14,9,3,)		(14,2,4,)		(14,2,5,)		(14,6,)		(14,2,4,7,)		(14,15,8,)		(14,9,)		(14,15,10,)		(14,15,8,11,)		(14,15,12,)		(14,13,)		(14,)		(14,15,)		|
|	(15,8,5,1,)		(15,14,2,)		(15,4,7,3,)		(15,4,)		(15,8,5,)		(15,14,6,)		(15,4,7,)		(15,8,)		(15,14,9,)		(15,10,)		(15,8,11,)		(15,12,)		(15,4,7,13,)		(15,14,)		(15,)		|
Hop Count Matrix :
|0	4	2	1	2	2	2	1	1	4	2	1	3	3	3		|
|2	0	2	1	1	1	2	1	3	3	2	3	3	2	2		|
|3	3	0	2	2	3	1	2	1	2	2	2	1	2	1		|
|3	4	2	0	2	4	1	3	2	3	2	3	2	3	2		|
|1	5	1	2	0	3	2	1	2	3	2	2	2	4	2		|
|4	2	3	2	3	0	3	2	2	2	3	2	2	1	1		|
|2	3	1	2	1	3	0	2	1	2	1	2	1	2	1		|
|2	4	2	3	1	4	1	0	3	2	1	3	2	3	2		|
|1	3	1	3	3	1	2	3	0	3	3	3	2	2	2		|
|3	4	1	3	2	4	2	3	4	0	1	1	2	3	2		|
|2	3	2	2	1	3	3	2	3	1	0	2	1	2	1		|
|4	2	3	3	3	2	4	3	2	1	1	0	2	1	2		|
|2	2	1	3	1	1	2	3	2	3	3	3	0	1	2		|
|3	1	2	2	2	1	3	2	1	2	3	2	1	0	1		|
|3	2	3	1	2	2	2	1	2	1	2	1	3	1	0		|
Congestion Edge Matrix :
|0.00	-nan	-nan	10.59	-nan	-nan	-nan	11.31	8.54	-nan	-nan	10.94	-nan	-nan	-nan		|
|-nan	0.00	-nan	10.60	3.53	10.85	-nan	10.28	-nan	-nan	-nan	-nan	-nan	-nan	-nan		|
|-nan	-nan	0.00	-nan	-nan	-nan	2.51	-nan	17.15	-nan	-nan	-nan	12.66	-nan	4.53		|
|-nan	-nan	-nan	0.00	-nan	-nan	5.50	-nan	-nan	-nan	-nan	-nan	-nan	-nan	-nan		|
|2.80	-nan	14.94	-nan	0.00	-nan	-nan	11.79	-nan	-nan	-nan	-nan	-nan	-nan	-nan		|
|-nan	-nan	-nan	-nan	-nan	0.00	-nan	-nan	-nan	-nan	-nan	-nan	-nan	5.80	5.66		|
|-nan	-nan	5.94	-nan	9.75	-nan	0.00	-nan	15.37	-nan	10.72	-nan	18.99	-nan	13.70		|
|-nan	-nan	-nan	-nan	6.81	-nan	6.54	0.00	-nan	-nan	5.56	-nan	-nan	-nan	-nan		|
|6.17	-nan	5.42	-nan	-nan	6.88	-nan	-nan	0.00	-nan	-nan	-nan	-nan	-nan	-nan		|
|-nan	-nan	9.79	-nan	-nan	-nan	-nan	-nan	-nan	0.00	2.76	5.86	-nan	-nan	-nan		|
|-nan	-nan	-nan	-nan	5.46	-nan	-nan	-nan	-nan	10.56	0.00	-nan	15.55	-nan	2.47		|
|-nan	-nan	-nan	-nan	-nan	-nan	-nan	-nan	-nan	11.06	5.65	0.00	-nan	2.42	-nan		|
|-nan	-nan	2.07	-nan	12.16	6.35	-nan	-nan	-nan	-nan	-nan	-nan	0.00	3.50	-nan		|
|-nan	2.77	-nan	-nan	-nan	10.80	-nan	-nan	10.69	-nan	-nan	-nan	11.66	0.00	4.80		|
|-nan	-nan	-nan	5.91	-nan	-nan	-nan	5.35	-nan	10.78	-nan	13.78	-nan	5.56	0.00		|

Predicted Path Delay Matrix :
|0	10	5	4	10	7	6	7	3	12	9	9	10	9	7		|
|3	0	8	4	2	5	6	6	6	12	8	12	13	7	9		|
|8	5	0	4	7	8	1	4	8	7	5	7	5	4	2		|
|9	10	6	0	8	13	2	9	10	10	6	12	9	9	7		|
|1	11	6	5	0	8	7	6	4	12	8	10	11	10	8		|
|6	3	8	6	5	0	8	6	6	9	8	9	12	2	4		|
|7	8	4	7	6	11	0	7	8	8	4	10	7	7	5		|
|4	6	7	5	3	9	3	0	7	6	2	8	10	5	3		|
|5	7	2	6	9	4	3	6	0	9	7	9	7	6	4		|
|4	5	4	4	3	8	5	4	7	0	1	4	9	4	2		|
|3	4	8	3	2	7	5	3	6	4	0	6	9	3	1		|
|5	2	7	6	4	5	8	6	5	7	4	0	11	1	4		|
|7	4	1	5	6	6	2	5	7	8	6	8	0	3	3		|
|4	1	6	5	3	4	7	5	4	8	7	8	10	0	3		|
|6	3	8	2	5	6	4	2	6	5	4	5	11	2	0		|

Final Congestion Actual Delay Matrix :
|0.00	23.99	13.96	10.59	18.12	15.42	16.09	11.31	8.54	29.26	16.87	10.94	26.62	21.22	18.49		|
|6.33	0.00	18.47	10.60	3.53	10.85	16.10	10.28	14.87	26.40	15.84	17.27	31.13	16.65	16.51		|
|15.07	12.85	0.00	10.44	12.27	20.89	2.51	9.88	17.15	15.30	13.24	18.31	12.66	10.08	4.53		|
|18.06	27.53	11.44	0.00	15.26	35.56	5.50	24.56	20.87	26.78	16.23	32.98	24.49	24.76	19.20		|
|2.80	26.79	14.94	13.39	0.00	18.22	17.46	11.79	11.34	27.90	17.34	13.74	27.60	24.02	19.47		|
|14.90	8.57	21.91	11.57	12.10	0.00	17.07	11.01	16.49	16.43	16.57	19.44	17.46	5.80	5.66		|
|12.56	22.03	5.94	19.61	9.75	30.06	0.00	19.05	15.37	21.28	10.72	27.48	18.99	19.26	13.70		|
|9.61	16.35	12.48	13.93	6.81	24.38	6.54	0.00	18.15	16.11	5.56	21.80	25.53	13.58	8.02		|
|6.17	15.45	5.42	15.86	17.69	6.88	7.93	15.30	0.00	20.72	18.66	23.73	18.08	12.68	9.95		|
|11.02	13.55	9.79	11.13	8.21	21.58	12.30	10.58	19.56	0.00	2.76	5.86	22.45	10.78	5.22		|
|8.26	10.79	20.40	8.38	5.46	18.82	13.88	7.82	16.80	10.56	0.00	16.25	15.55	8.02	2.47		|
|11.52	5.19	18.52	15.79	8.71	13.22	21.29	12.57	13.10	11.06	5.65	0.00	14.08	2.42	7.21		|
|14.97	6.27	2.07	12.51	12.16	6.35	4.58	11.95	14.19	17.37	15.31	20.38	0.00	3.50	6.60		|
|9.10	2.77	16.11	13.37	6.30	10.80	18.87	10.15	10.69	15.57	15.71	18.58	11.66	0.00	4.80		|
|14.97	8.33	17.35	5.91	12.16	16.36	11.41	5.35	16.24	10.78	10.91	13.78	30.40	5.56	0.00		|
*****************Final Output :*****************

Shorest Path between source 15 and destination 1 is: 6.


Shorest Path between source 15 and destination 1 is: 14.97.

Hop Count for source 15 and destination 1 is: 3.

Total Running Time of the Algorithm in Seconds is 0.0023320


Total no.of Key-Basic Operations are : 8076

*********************************************

****************************************************

GivenExampleStrategy

Size of Given input Graph is : 15
Path Matrix :
|	(1,)		(1,9,6,14,2,)		(1,9,3,)		(1,4,)		(1,8,5,)		(1,9,6,)		(1,4,7,)		(1,8,)		(1,9,)		(1,9,3,15,10,)		(1,8,11,)	(1,12,)		(1,9,3,13,)		(1,9,6,14,)		(1,9,3,15,)		|
|	(2,5,1,)		(2,)		(2,5,3,)		(2,4,)		(2,5,)		(2,6,)		(2,4,7,)		(2,8,)		(2,5,1,9,)		(2,8,11,10,)		(2,8,11,)		(2,5,1,12,)		(2,5,3,13,)		(2,6,14,)		(2,6,15,)		|
|	(3,7,5,1,)		(3,15,14,2,)		(3,)		(3,15,4,)		(3,7,5,)		(3,15,14,6,)		(3,7,)		(3,15,8,)		(3,9,)		(3,15,10,)		(3,7,11,)		(3,15,12,)		(3,13,)		(3,15,14,)		(3,15,)		|
|	(4,7,5,1,)		(4,7,15,14,2,)		(4,7,3,)		(4,)		(4,7,5,)		(4,7,15,14,6,)		(4,7,)		(4,7,15,8,)		(4,7,9,)		(4,7,11,10,)		(4,7,11,)		(4,7,15,12,)		(4,7,13,)		(4,7,15,14,)		(4,7,15,)		|
|	(5,1,)		(5,1,9,6,14,2,)		(5,3,)		(5,1,4,)		(5,)		(5,1,9,6,)		(5,3,7,)		(5,8,)		(5,1,9,)		(5,8,11,10,)		(5,8,11,)	(5,1,12,)		(5,3,13,)		(5,1,9,6,14,)		(5,3,15,)		|
|	(6,14,2,5,1,)		(6,14,2,)		(6,14,9,3,)		(6,15,4,)		(6,14,2,5,)		(6,)		(6,15,4,7,)		(6,15,8,)		(6,14,9,)		(6,15,10,)	(6,15,8,11,)		(6,15,12,)		(6,14,13,)		(6,14,)		(6,15,)		|
|	(7,5,1,)		(7,15,14,2,)		(7,3,)		(7,15,4,)		(7,5,)		(7,15,14,6,)		(7,)		(7,15,8,)		(7,9,)		(7,11,10,)		(7,11,)		(7,15,12,)		(7,13,)		(7,15,14,)		(7,15,)		|
|	(8,5,1,)		(8,11,15,14,2,)		(8,7,3,)		(8,11,15,4,)		(8,5,)		(8,11,15,14,6,)		(8,7,)		(8,)		(8,5,1,9,)		(8,11,10,)		(8,11,)(8,11,15,12,)		(8,7,13,)		(8,11,15,14,)		(8,11,15,)		|
|	(9,1,)		(9,6,14,2,)		(9,3,)		(9,3,15,4,)		(9,3,7,5,)		(9,6,)		(9,3,7,)		(9,3,15,8,)		(9,)		(9,3,15,10,)		(9,3,7,11,)	(9,3,15,12,)		(9,3,13,)		(9,6,14,)		(9,3,15,)		|
|	(10,11,5,1,)		(10,11,15,14,2,)		(10,3,)		(10,11,15,4,)		(10,11,5,)		(10,11,15,14,6,)		(10,3,7,)		(10,11,15,8,)		(10,11,5,1,9,)		(10,)		(10,11,)		(10,12,)		(10,3,13,)		(10,11,15,14,)		(10,11,15,)		|
|	(11,5,1,)		(11,15,14,2,)		(11,5,3,)		(11,15,4,)		(11,5,)		(11,15,14,6,)		(11,15,4,7,)		(11,15,8,)		(11,5,1,9,)		(11,10,)	(11,)		(11,15,12,)		(11,13,)		(11,15,14,)		(11,15,)		|
|	(12,14,2,5,1,)		(12,14,2,)		(12,14,9,3,)		(12,14,2,4,)		(12,14,2,5,)		(12,14,6,)		(12,14,2,4,7,)		(12,14,15,8,)		(12,14,9,)		(12,10,)		(12,11,)		(12,)		(12,14,13,)		(12,14,)		(12,14,15,)		|
|	(13,5,1,)		(13,14,2,)		(13,3,)		(13,3,15,4,)		(13,5,)		(13,6,)		(13,3,7,)		(13,3,15,8,)		(13,14,9,)		(13,3,15,10,)		(13,3,7,11,)		(13,3,15,12,)		(13,)		(13,14,)		(13,3,15,)		|
|	(14,2,5,1,)		(14,2,)		(14,9,3,)		(14,2,4,)		(14,2,5,)		(14,6,)		(14,2,4,7,)		(14,15,8,)		(14,9,)		(14,15,10,)		(14,15,8,11,)		(14,15,12,)		(14,13,)		(14,)		(14,15,)		|
|	(15,8,5,1,)		(15,14,2,)		(15,4,7,3,)		(15,4,)		(15,8,5,)		(15,14,6,)		(15,4,7,)		(15,8,)		(15,14,9,)		(15,10,)		(15,8,11,)		(15,12,)		(15,4,7,13,)		(15,14,)		(15,)		|
Hop Count Matrix :
|0	4	2	1	2	2	2	1	1	4	2	1	3	3	3		|
|2	0	2	1	1	1	2	1	3	3	2	3	3	2	2		|
|3	3	0	2	2	3	1	2	1	2	2	2	1	2	1		|
|3	4	2	0	2	4	1	3	2	3	2	3	2	3	2		|
|1	5	1	2	0	3	2	1	2	3	2	2	2	4	2		|
|4	2	3	2	3	0	3	2	2	2	3	2	2	1	1		|
|2	3	1	2	1	3	0	2	1	2	1	2	1	2	1		|
|2	4	2	3	1	4	1	0	3	2	1	3	2	3	2		|
|1	3	1	3	3	1	2	3	0	3	3	3	2	2	2		|
|3	4	1	3	2	4	2	3	4	0	1	1	2	3	2		|
|2	3	2	2	1	3	3	2	3	1	0	2	1	2	1		|
|4	2	3	3	3	2	4	3	2	1	1	0	2	1	2		|
|2	2	1	3	1	1	2	3	2	3	3	3	0	1	2		|
|3	1	2	2	2	1	3	2	1	2	3	2	1	0	1		|
|3	2	3	1	2	2	2	1	2	1	2	1	3	1	0		|

Congestion Edge Matrix :
|0.00	na	na	42.00	na	na	na	12.44	69.00	na	na	11.12	na	na	na		|
|na	0.00	na	80.67	4.31	18.57	na	12.00	na	na	na	na	na	na	na		|
|na	na	0.00	na	na	na	6.82	na	29.33	na	na	na	32.00	na	9.10		|
|na	na	na	0.00	na	na	74.25	na	na	na	na	na	na	na	na		|
|47.40	na	26.40	na	0.00	na	na	18.12	na	na	na	na	na	na	na		|
|na	na	na	na	na	0.00	na	na	na	na	na	na	na	48.67	5.96		|
|na	na	6.51	na	11.29	na	0.00	na	22.75	na	38.00	na	70.00	na	411.25		|
|na	na	na	na	12.60	na	11.00	0.00	na	na	95.00	na	na	na	na		|
|6.25	na	41.78	na	na	8.31	na	na	0.00	na	na	na	na	na	na		|
|na	na	21.33	na	na	na	na	na	na	0.10	48.67	6.29	na	na	na		|
|na	na	na	na	84.00	na	na	na	na	38.00	0.00	na	18.00	na	8.41		|
|na	na	na	na	na	na	na	na	na	12.60	6.00	0.00	na	7.59	na		|
|na	na	3.47	na	18.00	6.36	na	na	na	na	na	na	0.00	3.53	na		|
|na	26.88	na	na	na	154.67	na	na	79.33	na	na	na	11.76	0.00	5.47		|
|na	na	na	39.33	na	na	na	37.64	na	15.50	na	557.50	na	116.40	0.00		|

Predicted Path Delay Matrix :
|0	10	5	4	10	7	6	7	3	12	9	9	10	9	7		|
|3	0	8	4	2	5	6	6	6	12	8	12	13	7	9		|
|8	5	0	4	7	8	1	4	8	7	5	7	5	4	2		|
|9	10	6	0	8	13	2	9	10	10	6	12	9	9	7		|
|1	11	6	5	0	8	7	6	4	12	8	10	11	10	8		|
|6	3	8	6	5	0	8	6	6	9	8	9	12	2	4		|
|7	8	4	7	6	11	0	7	8	8	4	10	7	7	5		|
|4	6	7	5	3	9	3	0	7	6	2	8	10	5	3		|
|5	7	2	6	9	4	3	6	0	9	7	9	7	6	4		|
|4	5	4	4	3	8	5	4	7	0	1	4	9	4	2		|
|3	4	8	3	2	7	5	3	6	4	0	6	9	3	1		|
|5	2	7	6	4	5	8	6	5	7	4	0	11	1	4		|
|7	4	1	5	6	6	2	5	7	8	6	8	0	3	3		|
|4	1	6	5	3	4	7	5	4	8	7	8	10	0	3		|
|6	3	8	2	5	6	4	2	6	5	4	5	11	2	0		|

Congestion Actual Delay Matrix :
|0.00	152.86	110.78	42.00	25.04	77.31	116.25	12.44	69.00	135.38	107.44	11.12	142.78	125.98	119.88		|
|51.71	0.00	30.71	80.67	4.31	18.57	154.92	12.00	120.71	145.00	107.00	62.83	62.71	67.24	24.53		|
|65.51	152.37	0.00	48.43	18.11	280.16	6.82	46.73	29.33	24.60	44.82	566.60	32.00	125.50	9.10		|
|132.94	628.78	80.76	0.00	85.54	756.57	74.25	523.14	97.00	150.25	112.25	1043.00	144.25	601.90	485.50		|
|47.40	200.26	26.40	89.40	0.00	124.71	33.22	18.12	116.40	151.12	113.12	58.52	58.40	173.38	35.50		|
|127.26	75.54	169.78	45.29	79.86	0.00	119.54	43.60	128.00	21.46	138.60	563.46	60.43	48.67	5.96		|
|58.69	554.53	6.51	450.58	11.29	682.32	0.00	448.89	22.75	76.00	38.00	968.75	70.00	527.65	411.25		|
|60.00	246.69	17.51	142.75	12.60	374.48	11.00	0.00	129.00	133.00	95.00	660.91	81.00	219.81	103.41		|
|6.25	83.86	41.78	90.21	59.89	8.31	48.60	88.51	0.00	66.38	86.60	608.38	73.78	56.98	50.88		|
|180.07	200.35	21.33	96.41	132.67	328.15	28.15	94.71	249.07	0.10	48.67	6.29	53.33	173.48	57.08		|
|131.40	151.69	110.40	47.75	84.00	279.48	122.00	46.05	200.40	38.00	0.00	565.91	18.00	124.81	8.41		|
|86.18	34.46	128.70	115.13	38.78	162.25	189.38	50.70	86.92	12.60	6.00	0.00	19.35	7.59	13.06		|
|65.40	30.40	3.47	51.90	18.00	6.36	10.29	50.20	82.86	28.07	48.29	570.07	0.00	3.53	12.57		|
|78.59	26.88	121.11	107.54	31.19	154.67	181.79	43.11	79.33	20.97	138.11	562.97	11.76	0.00	5.47		|
|97.64	143.27	120.09	39.33	50.24	271.07	113.58	37.64	195.73	15.50	132.64	557.50	183.58	116.40	0.00		|
*****************Final Output :*****************

Shorest Path between source 15 and destination 1 is: 6.


Shorest Path between source 15 and destination 1 is: 97.64.


Hop Count for source 15 and destination 1 is: 3.

Total Running Time of the Algorithm in Seconds is 0.0022230


Total no.of Key-Basic Operations are : 2014

***********************************


