Final Congestion Actual Delay Matrix :
|0.00	23.06	45.94	55.94	97.22	116.24	136.87	165.32	185.16	199.40	224.96	241.79	255.99	273.02	301.07	343.69	365.58	383.71	396.83	429.13	438.83	485.88	511.35	525.95	556.59	576.42	607.55	621.72	644.42661.42	681.25	695.32	712.36	729.33	759.21	768.99	797.08	811.54	844.72	828.76	797.54	780.49	755.01	734.95	703.87	729.52	664.07	641.39	612.94	594.00	565.40	519.05	490.65	470.35	436.63	422.43	402.54	388.35359.85	328.77	308.89	283.33	266.30	243.23	223.73	209.55	186.84	180.68	147.07	129.83	107.31	81.84	0.00	30.73	20.52		|
|14.02	0.00	22.87	32.87	74.15	93.18	113.81	142.25	162.10	176.34	201.90	218.72	232.92	249.96	278.01	320.62	342.52	360.65	373.77	406.07	415.76	462.82	488.29	502.89	533.52	553.35	584.49	598.66	621.36638.36	658.19	672.26	689.30	706.27	736.15	745.93	774.02	788.47	821.65	820.36	789.14	772.09	746.61	726.55	695.47	721.11	655.67	632.98	604.53	585.60	556.99	510.65	482.24	461.94	428.23	414.02	394.14	379.95351.45	320.37	300.49	274.92	257.89	234.82	215.32	201.14	178.43	172.28	138.67	121.43	98.91	73.43	42.42	22.33	0.00		|
|31.01	16.98	0.00	0.00	51.28	70.31	90.94	119.38	139.23	153.47	179.02	195.85	210.05	227.08	255.14	297.75	319.65	337.77	350.90	383.20	392.89	439.95	465.42	480.01	510.65	530.48	561.62	575.78	598.48615.48	635.32	649.39	666.43	683.39	713.28	723.05	751.15	765.60	798.78	808.06	792.63	775.58	750.10	730.04	698.96	724.61	659.16	636.47	608.03	589.09	560.49	514.14	485.73	465.44	431.72	417.51	397.63	383.44354.94	323.86	303.98	278.41	261.38	238.31	218.82	204.63	181.92	175.77	142.16	124.92	102.40	76.93	45.91	25.82	0.00		|
|45.23	31.21	14.22	0.00	30.70	49.73	70.36	98.80	118.65	132.89	158.45	175.27	189.47	206.51	234.56	277.17	299.07	317.20	330.32	362.62	372.31	419.37	444.84	459.44	490.07	509.90	541.04	555.21	577.90594.90	614.74	628.81	645.85	662.82	692.70	702.47	730.57	745.02	778.20	787.48	806.22	789.18	763.69	743.63	712.56	738.20	672.75	650.07	621.62	602.69	574.08	527.74	499.33	479.03	445.31	431.11	411.23	397.03368.53	337.45	317.58	292.01	274.98	251.91	232.41	218.23	195.52	179.47	155.76	128.63	116.00	90.52	41.17	40.04	0.00		|
|66.08	52.06	35.07	20.85	0.00	19.03	39.66	68.10	87.95	102.19	127.74	144.57	158.77	175.80	203.86	246.47	268.37	286.49	299.62	331.92	341.61	388.67	414.14	428.73	459.37	479.20	510.34	524.50	547.20564.20	584.04	598.11	615.15	632.11	662.00	671.77	699.87	714.32	747.50	756.78	801.31	784.26	758.78	738.72	707.64	733.29	667.84	645.16	616.71	597.77	569.17	522.82	494.42	474.12	440.40	426.20	406.31	392.12363.62	332.54	312.66	287.10	270.07	247.00	227.50	213.32	190.61	176.69	150.84	125.84	111.08	85.61	38.39	20.71	0.00		|
|89.98	75.95	58.97	44.74	16.04	0.00	55.70	49.07	98.58	112.82	138.38	155.21	169.41	186.44	214.49	257.11	279.00	297.13	310.25	342.55	352.25	399.30	424.77	439.37	470.01	489.84	520.97	535.14	557.84574.84	594.67	608.74	625.78	642.75	672.63	682.41	710.50	724.96	758.14	767.42	783.70	766.66	741.17	721.12	690.04	715.68	650.24	627.55	599.10	580.17	551.56	505.22	476.81	456.51	422.80	408.59	388.71	374.52346.01	314.93	295.06	269.49	252.46	229.39	209.89	195.71	173.00	166.84	133.24	116.00	93.48	68.00	36.98	16.89	0.00		|
|109.00	94.98	77.99	63.77	35.07	19.02	0.00	68.10	48.29	62.53	88.09	104.91	119.11	136.15	164.20	206.81	228.71	246.84	259.96	292.26	301.95	349.01	374.48	389.08	419.71	439.54	470.68	484.85	507.55524.54	544.38	558.45	575.49	592.46	622.34	632.11	660.21	674.66	707.84	717.12	763.48	773.64	754.88	734.82	703.74	729.39	663.94	641.26	612.81	593.87	565.27	518.92	490.52	470.22	436.50	422.30	402.41	388.22359.72	328.64	308.76	283.20	266.17	243.09	223.60	209.42	186.71	163.51	146.94	112.67	107.18	81.71	25.21	30.60	26.02		|
|132.60	118.58	101.60	87.37	58.67	42.63	25.39	0.00	73.68	87.92	88.87	105.70	119.90	136.93	164.98	207.60	229.49	247.62	260.74	293.04	302.74	349.79	375.26	389.86	420.50	440.33	471.46	485.63	508.33525.33	545.16	559.23	576.27	593.24	623.12	632.90	660.99	675.45	708.63	717.91	764.26	763.71	738.22	718.17	687.09	712.73	647.29	624.60	596.15	577.22	548.61	502.27	473.86	453.56	419.85	405.64	385.76	371.57343.06	311.99	292.11	266.54	249.51	226.44	206.94	192.76	170.05	163.89	130.29	113.05	90.53	65.05	34.03	13.94	5.13		|
|155.28	141.26	124.28	110.05	81.35	65.31	48.07	22.68	0.00	14.24	39.80	56.62	70.82	87.86	115.91	158.52	180.42	198.55	211.67	243.97	253.66	300.72	326.19	340.79	371.42	391.25	422.39	436.56	459.26476.25	496.09	510.16	527.20	544.17	574.05	583.82	611.92	626.37	659.55	668.83	715.19	725.35	739.47	726.59	695.52	721.16	655.72	633.03	604.58	585.65	557.04	510.70	482.29	461.99	428.27	414.07	394.19	380.00351.49	320.41	300.54	274.97	257.94	234.87	215.37	201.19	178.48	172.32	138.72	121.48	98.96	73.48	42.46	22.37	0.00		|
|180.65	166.62	149.64	135.41	106.71	90.67	73.43	48.04	25.36	0.00	25.56	42.38	56.58	73.62	101.67	144.28	166.18	184.31	197.43	229.73	239.42	286.48	311.95	326.55	357.18	377.01	408.15	422.32	445.02462.02	481.85	495.92	512.96	529.93	559.81	569.59	597.68	612.13	645.31	654.60	700.95	711.12	725.24	740.68	709.61	735.25	669.81	647.12	618.67	599.74	571.13	524.79	496.38	476.08	442.36	428.16	408.28	394.09365.58	334.50	314.63	289.06	272.03	248.96	229.46	215.28	192.57	165.73	152.81	114.89	113.05	87.57	27.43	0.00	0.00		|
|206.15	192.13	175.14	160.92	132.21	116.17	98.93	73.55	50.87	25.50	0.00	16.83	31.03	48.06	76.11	118.73	140.62	158.75	171.87	204.17	213.87	260.92	286.39	300.99	331.63	351.46	382.59	396.76	419.46436.46	456.29	470.36	487.40	504.37	534.25	544.03	572.12	586.58	619.76	629.04	675.39	685.56	699.68	720.79	689.72	715.36	649.92	627.23	598.78	579.85	551.24	504.90	476.49	456.19	422.47	408.27	388.39	374.20345.69	314.61	294.74	269.17	252.14	229.07	209.57	195.39	172.68	166.52	132.92	115.68	93.16	67.68	36.66	16.57	15.45		|
|219.26	205.23	188.25	174.03	145.32	129.28	112.04	86.65	63.97	38.61	13.11	0.00	14.20	31.23	59.29	101.90	123.80	141.92	155.05	187.35	197.04	244.10	269.57	284.16	314.80	334.63	365.77	379.93	402.63419.63	439.47	453.54	470.58	487.54	517.43	527.20	555.30	569.75	602.93	612.21	658.56	668.73	682.85	723.59	692.52	718.16	652.72	630.03	601.58	582.65	554.04	507.70	479.29	458.99	425.27	411.07	391.19	377.00348.49	317.41	297.54	271.97	254.94	231.87	212.37	198.19	175.48	169.32	135.72	118.48	95.96	70.48	0.00	19.37	22.95		|
|245.87	231.85	214.86	200.64	171.93	155.89	138.65	113.27	90.59	65.22	39.72	18.20	0.00	17.03	45.09	87.70	109.60	127.72	140.84	173.14	182.84	229.90	255.37	269.96	300.60	320.43	351.57	365.73	388.43405.43	425.27	439.34	456.38	473.34	503.22	513.00	541.09	555.55	588.73	598.01	644.36	654.53	668.65	714.19	701.29	726.93	661.49	638.80	610.35	591.42	562.81	516.47	488.06	467.76	434.04	419.84	399.96	385.77357.26	326.18	306.31	280.74	263.71	240.64	221.14	206.96	184.25	178.09	144.49	127.25	104.73	79.25	48.23	28.14	8.75		|
|275.25	261.22	244.24	230.01	201.31	185.27	168.03	142.64	119.96	94.60	69.10	55.99	70.19	0.00	28.05	157.89	92.56	110.69	123.81	156.11	165.81	212.86	238.33	252.93	283.57	303.40	334.53	348.70	371.40388.40	408.23	422.30	439.34	456.31	486.19	495.97	524.06	538.52	571.70	580.98	627.33	637.50	651.62	697.16	690.52	716.16	661.10	638.41	609.96	591.03	562.43	516.08	487.67	467.38	433.66	419.45	399.57	385.38356.88	325.80	305.92	280.35	263.32	240.25	220.76	206.57	183.86	177.71	144.10	126.86	104.34	78.87	33.45	27.76	4.86		|
|302.01	287.98	271.00	256.78	228.07	212.03	194.79	169.40	146.72	121.36	95.86	77.94	56.14	21.95	0.00	136.56	108.26	82.64	95.76	128.06	137.75	184.81	210.28	224.88	255.51	275.34	306.48	320.65	343.35360.34	380.18	394.25	411.29	428.26	458.14	467.92	496.01	510.46	543.64	552.92	599.28	609.44	623.56	669.11	662.46	688.11	661.82	639.13	610.68	591.75	563.14	516.80	488.39	468.09	434.37	420.17	400.29	386.10357.59	326.51	306.64	281.07	264.04	240.97	221.47	207.29	184.58	178.42	144.82	127.58	105.06	79.58	0.00	28.47	0.00		|
|331.06	317.03	300.05	285.83	257.12	241.08	223.84	198.45	175.77	150.41	124.91	103.38	85.19	0.00	0.00	0.00	0.00	50.49	63.61	95.91	105.61	152.66	178.13	192.73	223.37	243.20	274.33	288.50	311.20328.20	348.03	362.10	379.14	396.11	425.99	435.77	463.86	478.32	511.50	520.78	567.13	577.30	591.42	636.96	630.31	655.96	648.00	625.32	596.87	577.93	549.33	502.98	474.58	454.28	420.56	406.36	386.47	372.28343.78	312.70	292.82	267.26	250.23	227.15	207.66	193.48	170.77	164.61	131.00	113.76	91.24	65.77	34.75	14.66	0.00		|
|359.15	345.12	328.14	313.92	285.21	269.17	251.93	226.54	203.86	178.50	153.00	135.08	113.28	79.09	57.14	73.36	0.00	19.44	32.56	64.86	74.55	121.61	147.08	161.68	192.31	212.14	243.28	257.45	280.15297.14	316.98	331.05	348.09	365.06	394.94	404.72	432.81	447.26	480.44	489.73	536.08	546.24	560.37	605.91	599.26	624.91	651.98	647.02	618.57	599.64	571.03	524.69	496.28	475.98	442.26	428.06	408.18	393.99365.48	334.40	314.53	288.96	271.93	248.86	229.36	215.18	192.47	155.29	152.71	104.44	112.95	87.47	16.98	36.36	0.00		|
|384.98	370.96	353.97	339.75	311.05	295.00	277.76	252.38	229.70	204.34	178.83	160.70	139.11	104.71	82.76	53.92	25.62	0.00	13.12	45.42	55.12	102.17	127.64	142.24	172.88	192.71	223.85	238.01	260.71277.71	297.55	311.61	328.65	345.62	375.50	385.28	413.37	427.83	461.01	470.29	516.64	526.81	540.93	586.47	579.83	605.47	632.54	627.58	599.13	580.20	551.60	505.25	476.84	456.55	422.83	408.62	388.74	374.55346.05	314.97	295.09	269.52	252.49	229.42	209.93	195.74	173.03	166.88	133.27	116.03	93.51	68.04	37.02	16.93	7.07		|
|401.96	387.94	370.95	356.73	328.03	311.99	294.75	269.36	246.68	221.32	195.81	177.68	156.09	121.69	99.75	70.90	42.61	16.98	0.00	13.61	42.00	81.52	106.99	129.12	152.23	172.06	203.19	217.36	240.06257.06	276.89	290.96	308.00	324.97	354.85	364.63	392.72	407.18	440.36	449.64	495.99	506.16	520.28	565.82	559.18	584.82	611.89	634.73	606.28	587.35	558.74	512.40	483.99	463.69	429.98	415.77	395.89	381.70353.19	322.11	302.24	276.67	259.64	236.57	217.07	202.89	180.18	174.02	140.42	123.18	100.66	75.18	44.16	24.07	0.00		|
|427.55	413.53	396.54	382.32	353.62	337.57	320.34	294.95	272.27	246.91	221.40	203.27	181.68	147.28	125.34	96.49	68.19	42.57	25.59	0.00	0.00	56.75	82.22	93.12	127.46	147.28	178.42	192.59	215.29232.29	252.12	266.19	283.23	300.20	330.08	339.86	367.95	382.40	415.59	424.87	471.22	481.39	495.51	541.05	534.40	560.05	587.12	609.64	615.29	596.36	567.75	521.40	493.00	472.70	438.98	424.78	404.89	390.70362.20	331.12	311.25	285.68	268.65	245.58	226.08	211.90	189.19	183.03	149.43	132.18	109.67	84.19	0.00	19.06	0.00		|
|460.44	446.41	429.43	415.21	386.50	370.46	353.22	327.83	305.15	279.79	254.29	236.16	214.57	180.17	158.22	129.38	101.08	75.46	58.48	28.44	0.00	85.20	104.17	87.12	115.63	135.46	166.60	180.76	203.46220.46	240.30	254.37	271.40	288.37	318.25	328.03	356.12	370.58	403.76	413.04	459.39	469.56	483.68	529.22	522.58	548.22	575.29	597.81	609.69	590.76	562.15	515.81	487.40	467.10	433.38	419.18	399.30	385.11356.60	325.52	305.65	280.08	263.05	239.98	220.48	206.30	183.59	177.43	143.83	126.58	104.07	78.59	47.57	27.48	22.01		|
|472.85	458.83	441.84	427.62	398.92	382.88	365.64	340.25	317.57	292.21	266.70	248.57	226.98	192.59	170.64	141.79	113.50	87.87	70.89	45.30	19.86	0.00	25.47	36.45	70.70	90.53	121.67	135.84	158.54175.53	195.37	209.44	226.48	243.45	273.33	283.11	311.20	325.65	358.83	368.12	414.47	424.63	438.76	484.30	477.65	503.30	530.37	552.89	572.63	592.37	567.62	521.28	492.87	472.57	438.85	424.65	404.77	390.57362.07	330.99	311.12	285.55	268.52	245.45	225.95	211.77	189.06	155.90	149.30	105.05	109.54	84.06	17.59	32.95	32.61		|
|489.90	475.88	458.89	444.67	415.97	399.92	382.68	357.30	334.62	309.26	283.75	265.62	244.03	209.63	187.69	158.84	130.54	104.92	87.94	62.35	36.91	17.05	0.00	53.50	45.23	65.06	96.20	110.37	133.07150.06	169.90	183.97	201.01	217.98	247.86	257.63	285.73	300.18	333.36	342.64	389.00	399.16	413.28	458.82	452.18	477.83	504.89	527.41	547.16	566.90	564.66	518.31	489.90	469.61	435.89	421.69	401.80	387.61359.11	328.03	308.15	282.58	265.56	242.48	222.99	208.81	186.10	179.94	146.33	129.09	106.57	81.10	26.43	29.99	7.14		|
|506.95	492.92	475.94	461.71	433.01	416.97	399.73	374.34	351.66	326.30	300.79	282.67	261.07	226.68	204.73	175.89	147.59	121.96	104.98	79.39	53.96	34.09	17.04	0.00	28.51	48.34	79.47	93.64	116.34133.34	153.17	167.24	184.28	201.25	231.13	240.91	269.00	283.46	316.64	325.92	372.27	382.44	396.56	442.10	435.45	461.10	488.17	510.69	530.44	550.17	551.26	504.91	476.50	456.21	422.49	408.29	388.40	374.21345.71	314.63	294.75	269.18	252.16	229.08	209.59	195.40	172.69	166.54	132.93	115.69	93.17	67.70	36.68	16.59	0.00		|
|524.92	510.90	493.91	479.69	450.99	434.94	417.70	392.32	369.64	344.28	318.77	300.64	279.05	244.65	222.70	193.86	165.56	139.94	122.96	97.37	71.93	52.07	35.02	59.59	0.00	19.83	50.97	65.13	87.83	104.83	124.67	138.74	155.78	172.74	202.63	212.40	240.49	254.95	288.13	297.41	343.76	353.93	368.05	413.59	406.95	432.59	459.66	482.18	501.93	521.66	557.53	516.35	487.94	467.64	433.93	419.72	399.84	385.65357.14	326.06	306.19	280.62	263.59	240.52	221.02	206.84	184.13	177.97	144.37	127.13	104.61	79.13	31.63	28.02	17.15		|
|546.71	532.68	515.70	501.47	472.77	456.73	439.49	414.10	391.42	366.06	340.56	322.43	300.84	266.44	244.49	215.65	187.35	161.73	144.75	119.16	93.72	73.86	56.81	39.76	19.66	0.00	31.14	45.30	68.00	85.00	104.84	118.91	135.95	152.91	182.80	192.57	220.67	235.12	268.30	277.58	323.93	334.10	348.22	393.76	387.12	412.76	439.83	462.35	482.10	501.83	537.70	510.97	482.56	462.26	428.54	414.34	394.46	380.26351.76	320.68	300.81	275.24	258.21	235.14	215.64	201.46	178.75	172.59	138.99	121.74	99.23	73.75	42.73	22.64	10.60		|
|566.59	552.56	535.58	521.35	492.65	476.61	459.37	433.98	411.30	385.94	360.44	342.31	320.72	286.32	264.37	235.53	207.23	181.61	164.62	139.03	113.60	93.73	76.69	59.64	39.54	19.88	0.00	14.17	36.86	53.86	73.70	87.77	104.81	121.78	151.66	161.43	189.53	203.98	237.16	246.44	292.80	302.96	317.08	362.62	355.98	381.63	408.69	431.21	450.96	470.70	506.56	516.19	487.79	467.49	433.77	419.57	399.68	385.49356.99	325.91	306.04	280.47	263.44	240.37	220.87	206.69	183.98	177.82	144.22	126.97	104.45	78.98	47.96	27.87	16.17		|
|597.37	583.35	566.36	552.14	523.43	507.39	490.15	464.77	442.09	416.72	391.22	373.09	351.50	317.10	295.15	266.31	238.01	212.39	195.41	169.82	144.38	124.52	107.47	90.42	70.33	50.66	30.76	0.00	22.70	39.70	59.53	73.60	90.64	107.61	137.49	147.27	175.36	189.82	223.00	232.28	278.63	288.80	302.92	348.46	341.81	367.46	394.53	417.05	436.80	456.53	492.40	501.65	479.44	459.14	425.42	411.22	391.34	377.15348.64	317.56	297.69	272.12	255.09	232.02	212.52	198.34	175.63	169.47	135.87	118.62	96.11	70.63	39.61	19.52	0.00		|
|606.22	592.20	575.21	560.99	532.29	516.25	499.01	473.62	450.94	425.58	400.07	381.94	360.35	325.96	304.01	275.16	246.87	221.24	204.26	178.67	153.23	133.37	116.32	99.28	79.18	59.52	39.64	0.00	0.00	17.00	36.84	50.90	67.94	84.91	114.79	124.57	152.66	167.12	200.30	209.58	255.93	266.10	280.22	325.76	319.12	344.76	371.83	394.35	414.10	433.83	469.70	478.95	482.42	462.13	428.41	414.20	394.32	380.13351.63	320.55	300.67	275.10	258.07	235.00	215.51	201.32	178.61	172.46	138.85	121.61	99.09	73.61	42.60	22.51	7.00		|
|631.78	617.76	600.78	586.55	557.85	541.81	524.57	499.18	476.50	451.14	425.63	407.51	385.91	351.52	329.57	300.73	272.43	246.80	229.82	204.23	178.79	158.93	141.88	124.84	104.74	85.08	65.20	39.05	25.56	0.00	19.84	33.91	50.95	67.91	97.79	107.57	135.66	150.12	183.30	192.58	238.93	249.10	263.22	308.76	302.12	327.76	354.83	377.35	397.10	416.83	452.70	461.96	476.44	456.14	422.42	408.22	388.33	374.14345.64	314.56	294.69	269.12	252.09	229.02	209.52	195.34	172.63	166.47	132.87	115.62	93.10	67.63	36.61	16.52	0.00		|
|660.15	646.13	629.14	614.92	586.22	570.17	552.93	527.55	504.87	479.51	454.00	435.87	414.28	379.88	357.93	329.09	300.79	275.17	258.19	232.60	207.16	187.30	170.25	153.21	133.11	113.44	93.56	67.42	53.93	28.37	0.00	14.07	31.11	48.08	77.96	87.73	115.83	130.28	163.46	172.74	219.10	229.26	243.38	288.92	282.28	307.93	334.99	357.51	377.26	397.00	432.86	442.12	464.68	464.74	431.02	416.81	396.93	382.74354.24	323.16	303.28	277.71	260.68	237.61	218.12	203.93	181.22	175.07	141.46	124.22	101.70	76.23	41.58	25.12	0.00		|
|674.66	660.63	643.65	629.43	600.72	584.68	567.44	542.05	519.37	494.01	468.51	450.38	428.79	394.39	372.44	343.60	315.30	289.68	272.70	247.11	221.67	201.81	184.76	167.71	147.62	127.95	108.07	81.92	68.44	42.87	14.51	0.00	17.04	34.01	63.89	73.66	101.76	116.21	149.39	158.67	205.03	215.19	229.31	274.85	268.21	293.86	320.92	343.44	363.19	382.93	418.79	428.05	450.61	465.16	431.44	417.24	397.35	383.16354.66	323.58	303.70	278.14	261.11	238.04	218.54	204.36	181.65	152.31	141.89	101.46	102.12	76.65	0.00	25.54	0.00		|
|702.64	688.61	671.63	657.40	628.70	612.66	595.42	570.03	547.35	521.99	496.49	478.36	456.77	422.37	400.42	371.58	343.28	317.66	300.68	275.09	249.65	229.78	212.74	195.69	175.59	155.93	136.05	109.90	96.41	70.85	42.49	28.15	0.00	16.97	46.85	56.63	84.72	99.17	132.35	141.64	187.99	198.15	212.28	257.82	251.17	276.82	303.89	326.41	346.15	365.89	401.76	411.01	433.57	450.49	428.29	414.09	394.21	380.02351.51	320.43	300.56	274.99	257.96	234.89	215.39	201.21	178.50	172.34	138.74	121.50	98.98	73.50	42.48	22.39	0.00		|
|715.06	701.04	684.05	669.83	641.12	625.08	607.84	582.46	559.78	534.41	508.91	490.78	469.19	434.79	412.84	384.00	355.70	330.08	313.10	287.51	262.07	242.21	225.16	208.12	188.02	168.35	148.47	122.32	108.8483.28	54.91	40.40	0.00	0.00	0.00	39.66	67.75	82.21	115.39	124.67	171.02	181.19	195.31	240.85	234.20	259.85	286.92	309.44	329.19	348.92	384.79	394.04	416.60	433.52	436.54	422.33	402.45	388.26359.76	328.68	308.80	283.23	266.20	243.13	223.64	209.45	186.74	180.59	146.98	129.74	107.22	81.75	50.73	30.64	0.00		|
|747.96	733.94	716.95	702.73	674.03	657.99	640.75	615.36	592.68	567.32	541.81	523.68	502.09	467.70	445.75	416.90	388.61	362.98	346.00	320.41	294.97	275.11	258.06	241.02	220.92	201.26	181.38	155.23	141.74116.18	87.81	73.48	45.33	62.29	0.00	13.77	41.86	56.32	89.50	98.78	145.13	155.30	169.42	214.96	208.32	233.96	261.03	283.55	303.30	323.03	358.90	368.15	390.71	407.63	427.47	419.67	399.79	385.60357.09	326.01	306.14	280.57	263.54	240.47	220.97	206.79	184.08	177.92	144.32	127.08	104.56	79.08	0.00	27.97	0.00		|
|762.09	748.06	731.08	716.85	688.15	672.11	654.87	629.48	606.80	581.44	555.94	537.81	516.22	481.82	459.87	431.03	402.73	377.11	360.12	334.53	309.10	289.23	272.19	255.14	235.04	215.38	195.50	169.35	155.86130.30	101.94	87.60	59.45	53.89	14.12	0.00	28.09	42.55	75.73	85.01	131.36	141.53	155.65	201.19	194.55	220.19	247.26	269.78	289.53	309.26	345.13	354.39	376.94	393.86	413.70	405.86	385.98	371.79343.29	312.21	292.33	266.76	249.73	226.66	207.16	192.98	170.27	164.12	130.51	113.27	90.75	65.27	34.26	14.17	0.00		|
|781.95	767.92	750.94	736.72	708.01	691.97	674.73	649.34	626.66	601.30	575.80	557.67	536.08	501.68	479.73	450.89	422.59	396.97	379.99	354.40	328.96	309.10	292.05	275.00	254.91	235.24	215.36	189.21	175.73150.16	121.80	107.47	79.31	73.75	33.99	19.86	0.00	0.00	47.64	61.59	103.27	118.11	132.23	177.77	171.13	196.77	223.84	246.36	266.11	285.85	321.71	330.97	353.52	370.45	390.29	409.96	396.80	382.61354.11	323.03	303.15	277.59	260.56	237.48	217.99	203.81	181.10	174.94	141.33	124.09	101.57	76.10	0.00	24.99	5.39		|
|818.98	804.96	787.97	773.75	745.04	729.00	711.76	686.38	663.70	638.33	612.83	594.70	573.11	538.71	516.76	487.92	459.62	434.00	417.02	391.43	365.99	346.13	329.08	312.04	291.94	272.27	252.39	226.24	212.76187.20	158.83	144.50	116.34	133.31	71.02	84.79	107.71	0.00	65.17	42.46	0.00	98.98	113.10	158.64	152.00	177.64	204.71	227.23	246.98	266.71	302.58	311.84	334.39	351.32	371.16	390.83	393.98	379.79351.29	320.21	300.33	274.76	257.73	234.66	215.17	200.98	178.27	172.12	138.51	121.27	98.75	73.28	51.00	30.84	0.00		|
|824.49	810.47	793.48	779.26	750.55	734.51	717.27	691.88	669.21	643.84	618.34	600.21	578.62	544.22	522.27	493.43	465.13	439.51	422.53	396.94	371.50	351.64	334.59	317.54	297.45	277.78	257.90	231.75	218.27192.71	164.34	150.01	121.85	116.29	76.53	62.40	42.54	12.87	0.00	13.96	55.63	70.48	84.60	130.14	123.50	149.14	176.21	198.73	218.48	238.21	274.08	283.33	305.89	322.81	342.65	362.33	393.37	385.95357.45	326.37	306.49	280.93	263.90	240.82	221.33	207.15	184.44	178.28	144.67	127.43	104.91	79.44	24.77	28.33	5.48		|
|847.20	833.17	816.19	801.96	773.26	757.22	739.98	714.59	691.91	666.55	641.04	622.92	601.32	566.93	544.98	516.14	487.84	462.21	445.23	419.64	394.21	374.34	357.29	340.25	320.15	300.49	280.61	254.46	240.97215.41	187.04	172.71	144.56	139.00	99.23	85.11	65.25	35.57	22.71	0.00	73.56	56.52	70.64	116.18	109.54	135.18	162.25	184.77	204.52	224.25	260.12	269.38	291.93	308.86	328.69	348.37	379.42	382.15353.65	322.57	302.69	277.12	260.09	237.02	217.52	203.34	180.63	174.48	140.87	123.63	101.11	75.63	44.62	24.53	0.00		|
|878.42	864.40	847.41	833.19	804.48	788.44	771.20	745.81	723.14	697.77	672.27	654.14	632.55	598.15	576.20	547.36	519.06	493.44	476.46	450.87	425.43	405.57	388.52	371.47	351.38	331.71	311.83	285.68	272.20246.63	218.27	203.94	175.78	170.22	130.46	116.33	96.47	66.80	53.93	31.22	0.00	31.15	45.27	0.00	84.17	109.81	136.88	159.40	179.15	198.88	234.75	244.01	266.56	283.48	303.32	323.00	354.05	377.40357.42	326.34	306.46	280.90	263.87	240.79	221.30	207.12	184.41	178.25	144.64	127.40	104.88	79.41	18.71	28.30	5.45		|
|895.46	881.44	864.46	850.23	821.53	805.49	788.25	762.86	740.18	714.82	689.31	671.19	649.59	615.20	593.25	564.41	536.11	510.48	493.50	467.91	442.47	422.61	405.56	388.52	368.42	348.76	328.88	302.73	289.24263.68	235.31	220.98	192.83	187.27	147.50	133.38	113.51	83.84	70.97	48.27	17.04	0.00	14.12	59.66	53.02	78.66	105.73	128.25	148.00	167.73	203.60	212.86	235.41	252.34	272.17	291.85	322.90	346.25356.06	324.98	305.11	279.54	262.51	239.44	219.94	205.76	183.05	176.89	143.29	126.04	103.53	78.05	31.36	26.94	0.00		|
|920.95	906.92	889.94	875.72	847.01	830.97	813.73	788.34	765.66	740.30	714.80	696.67	675.08	640.68	618.73	589.89	561.59	535.97	518.99	493.40	467.96	448.10	431.05	414.00	393.91	374.24	354.36	328.21	314.73289.16	260.80	246.47	218.31	212.75	172.99	158.86	139.00	109.33	96.46	73.75	42.53	25.48	0.00	69.97	38.90	64.54	91.61	114.13	133.88	153.61	189.48	198.74	221.29	238.22	258.05	277.73	308.78	332.13345.79	314.71	294.84	269.27	252.24	229.17	209.67	195.49	172.78	166.62	133.02	115.78	93.26	67.78	36.44	16.67	19.50		|
|956.76	942.74	925.75	911.53	882.83	866.79	849.55	824.16	801.48	776.12	750.61	732.48	710.89	676.50	654.55	625.70	597.41	571.78	554.80	529.21	503.77	483.91	466.86	449.82	429.72	410.06	390.18	364.03	350.54324.98	296.61	282.28	254.13	248.57	208.80	194.68	174.81	145.14	132.27	109.57	78.34	61.30	82.71	0.00	31.58	57.22	84.29	106.81	126.56	146.29	182.16	191.42	213.97	230.90	250.74	270.41	301.46	324.81357.60	325.62	305.75	280.18	263.15	240.08	220.58	206.40	183.69	177.53	143.93	126.68	104.17	78.69	47.67	27.58	5.03		|
|972.08	958.06	941.08	926.85	898.15	882.11	864.87	839.48	816.80	791.44	765.93	747.81	726.21	691.82	669.87	641.03	612.73	587.10	570.12	544.53	519.10	499.23	482.18	465.14	445.04	425.38	405.50	379.35	365.86340.30	311.93	297.60	269.45	263.89	224.12	210.00	190.14	160.46	147.60	124.89	93.67	76.62	51.14	31.08	0.00	25.64	52.71	75.23	94.98	114.72	150.58	159.84	182.39	199.32	219.16	238.83	269.88	293.23326.03	320.93	301.05	275.48	258.46	235.38	215.89	201.71	179.00	172.84	139.23	121.99	99.47	74.00	0.00	22.89	0.00		|
|994.47	980.44	963.46	949.23	920.53	904.49	887.25	861.86	839.18	813.82	788.32	770.19	748.60	714.20	692.25	663.41	635.11	609.49	592.50	566.92	541.48	521.61	504.57	487.52	467.42	447.76	427.88	401.73	388.24362.68	334.32	319.98	291.83	286.27	246.50	232.38	212.52	182.85	169.98	147.27	116.05	99.00	73.52	53.46	22.38	0.00	30.91	53.43	73.18	92.91	128.78	138.04	160.59	177.51	197.35	217.03	248.07	271.43304.22	326.32	306.45	280.88	263.85	240.78	221.28	207.10	184.39	178.23	144.63	127.38	104.87	79.39	24.72	28.28	5.44		|
|1011.89	997.86	980.88	966.65	937.95	921.91	904.67	879.28	856.60	831.24	805.74	787.61	766.02	731.62	709.67	680.83	652.53	626.91	609.92	584.33	558.90	539.03	521.98	504.94	484.84	465.18	445.30	419.15405.66	380.10	351.74	337.40	309.25	303.69	263.92	249.80	229.94	200.27	187.40	164.69	133.47	116.42	90.94	70.88	39.80	65.45	0.00	22.52	42.27	62.00	97.87	107.13	129.68	146.60	166.44	186.12	217.17240.52	273.31	292.92	314.50	288.93	271.90	248.83	229.33	215.15	192.44	186.28	152.68	135.44	112.92	87.44	0.00	36.33	31.52		|
|1034.57	1020.55	1003.56	989.34	960.64	944.59	927.35	901.97	879.29	853.93	828.42	810.29	788.70	754.30	732.36	703.51	675.21	649.59	632.61	607.02	581.58	561.72	544.67	527.63	507.53	487.86	467.98	441.84428.35	402.79	374.42	360.09	331.93	326.38	286.61	272.48	252.62	222.95	210.08	187.38	156.15	139.11	113.62	93.56	62.49	88.13	22.69	0.00	22.57	30.96	78.17	76.09	98.64	115.57	135.41	155.08	186.13209.48	242.27	261.89	291.98	266.41	249.38	226.31	206.81	192.63	169.92	163.76	130.16	112.92	90.40	64.92	33.90	13.81	0.00		|
|1063.02	1049.00	1032.01	1017.79	989.09	973.04	955.80	930.42	907.74	882.38	856.87	838.74	817.15	782.75	760.80	731.96	703.66	678.04	661.06	635.47	610.03	590.17	573.12	556.08	535.98	516.31	496.43	470.29456.80	431.24	402.87	388.54	360.38	354.83	315.06	300.93	281.07	251.40	238.53	215.83	184.60	167.56	142.07	122.01	90.94	116.58	51.13	28.45	0.00	19.73	55.60	64.86	87.41	104.34	124.17	143.85	174.90198.25	231.04	250.66	282.27	279.92	262.89	239.82	220.32	206.14	183.43	153.31	143.67	102.46	103.91	78.43	0.00	27.32	0.00		|
|1093.40	1079.38	1062.40	1048.17	1019.47	1003.43	986.19	960.80	938.12	912.76	887.25	869.13	847.53	813.14	791.19	762.35	734.05	708.42	691.44	665.85	640.41	620.55	603.50	586.46	566.36	546.70	526.82	500.67487.18	461.62	433.25	418.92	390.77	385.21	345.44	331.32	311.46	281.78	268.92	246.21	214.99	197.94	172.46	152.40	121.32	0.00	81.52	58.83	11.88	0.00	67.48	45.12	67.68	84.60	104.44	124.12	155.16178.52	211.31	230.92	262.54	274.28	257.26	234.18	214.69	200.50	177.79	171.64	138.03	120.79	98.27	72.80	41.78	21.69	13.55		|
|1105.54	1091.52	1074.53	1060.31	1031.61	1015.57	998.33	972.94	950.26	924.90	899.39	881.26	859.67	825.28	803.33	774.48	746.19	720.56	703.58	677.99	652.55	632.69	615.64	598.60	578.50	558.84	538.96	512.81499.32	473.76	445.39	431.06	402.91	397.35	357.58	343.46	323.59	293.92	281.05	258.35	227.12	210.08	184.59	164.53	133.46	159.10	93.66	70.97	42.52	26.30	0.00	71.43	48.14	65.07	84.90	104.58	135.63158.98	191.77	211.38	243.00	253.26	251.91	228.83	209.34	195.16	172.45	166.29	132.68	115.44	92.92	67.45	36.43	16.34	0.00		|
|1156.91	1142.88	1125.90	1111.67	1082.97	1066.93	1049.69	1024.30	1001.62	976.26	950.75	932.63	911.03	876.64	854.69	825.85	797.55	771.92	754.94	729.35	703.92	684.05	667.00	649.96	629.86	610.20	590.32	564.17550.68	525.12	496.75	482.42	454.27	448.71	408.94	394.82	374.96	345.28	332.42	309.71	278.49	261.44	235.96	215.90	184.82	210.46	145.02	122.33	93.88	113.62	134.53	0.00	22.56	39.48	59.32	79.00	110.04133.39	166.19	185.80	217.42	227.67	254.32	231.25	211.75	197.57	174.86	168.70	135.10	117.85	95.34	69.86	0.00	18.75	0.00		|
|1185.31	1171.29	1154.30	1140.08	1111.38	1095.34	1078.10	1052.71	1030.03	1004.67	979.16	961.03	939.44	905.04	883.10	854.25	825.96	800.33	783.35	757.76	732.32	712.46	695.41	678.37	658.27	638.60	618.73	592.58579.09	553.53	525.16	510.83	482.67	477.12	437.35	423.23	403.36	373.69	360.82	338.12	306.89	289.85	264.36	244.30	213.23	238.87	173.43	150.74	122.29	103.36	111.97	28.41	0.00	16.92	36.76	56.44	87.48	110.84	143.63	163.24	194.86	205.11	227.15	229.22	209.73	195.55	172.84	166.68	133.07	115.83	93.31	67.84	36.82	16.73	0.00		|
|1200.59	1186.57	1169.58	1155.36	1126.66	1110.62	1093.38	1067.99	1045.31	1019.95	994.44	976.31	954.72	920.33	898.38	869.53	841.24	815.61	798.63	773.04	747.60	727.74	710.69	693.65	673.55	653.89	634.01	607.86594.37	568.81	540.44	526.11	497.96	492.40	452.63	438.51	418.64	388.97	376.10	353.40	322.17	305.13	279.64	259.58	228.51	254.15	188.71	166.02	137.57	119.40	95.05	44.45	16.04	0.00	19.84	39.52	70.56	93.91	126.71	146.32	177.94	188.19	210.23	233.95	214.45	200.27	177.56	171.40	137.80	120.56	98.04	72.56	41.54	21.45	0.00		|
|1239.33	1225.30	1208.32	1194.09	1165.39	1149.35	1132.11	1106.72	1084.04	1058.68	1033.18	1015.05	993.46	959.06	937.11	908.27	879.97	854.35	837.37	811.78	786.34	766.48	749.43	732.38	712.28	692.62	672.74	646.59633.11	607.54	579.18	564.84	536.69	531.13	491.36	477.24	457.38	427.71	414.84	392.13	360.91	343.86	318.38	298.32	267.24	292.89	227.44	204.76	176.31	157.37	128.77	82.42	54.02	33.72	0.00	19.68	50.72	74.07	106.87	126.48	158.10	168.35	190.39	210.18	206.52	192.34	169.63	163.47	129.87	112.63	90.11	64.63	33.61	13.52	3.65		|
|1253.53	1239.51	1222.52	1208.30	1179.60	1163.55	1146.31	1120.93	1098.25	1072.89	1047.38	1029.25	1007.66	973.26	951.31	922.47	894.17	868.55	851.57	825.98	800.54	780.68	763.63	746.59	726.49	706.82	686.94	660.80647.31	621.75	593.38	579.05	550.89	545.34	505.57	491.44	471.58	441.91	429.04	406.34	375.11	358.07	332.58	312.52	281.45	307.09	241.64	218.96	190.51	171.58	142.97	96.63	68.22	47.92	14.20	0.00	0.00	54.40	87.19	106.80	138.42	148.67	170.71	190.50	211.86	197.68	174.97	168.81	135.20	117.96	95.44	69.97	38.95	18.86	17.85		|
|1273.42	1259.39	1242.41	1228.18	1199.48	1183.44	1166.20	1140.81	1118.13	1092.77	1067.26	1049.14	1027.54	993.15	971.20	942.36	914.06	888.43	871.45	845.86	820.43	800.56	783.51	766.47	746.37	726.71	706.83	680.68667.19	641.63	613.26	598.93	570.78	565.22	525.45	511.33	491.47	461.79	448.93	426.22	395.00	377.95	352.47	332.41	301.33	326.97	261.53	238.84	210.39	191.46	162.86	116.51	88.10	67.81	34.09	19.88	0.00	21.91	107.08	74.31	103.00	116.18	138.22	158.01	170.45	203.10	180.39	174.24	140.63	123.39	100.87	75.40	44.38	24.29	0.00		|
|1287.61	1273.58	1256.60	1242.37	1213.67	1197.63	1180.39	1155.00	1132.32	1106.96	1081.46	1063.33	1041.74	1007.34	985.39	956.55	928.25	902.62	885.64	860.05	834.62	814.75	797.70	780.66	760.56	740.90	721.02	694.87681.38	655.82	627.46	613.12	584.97	579.41	539.64	525.52	505.66	475.99	463.12	440.41	409.19	392.14	366.66	346.60	315.52	341.17	275.72	253.03	224.59	205.65	177.05	130.70	102.29	82.00	48.28	34.07	14.19	0.00	83.49	52.41	81.10	94.28	116.31	136.10	148.55	176.35	163.70	157.55	123.94	106.70	84.18	58.71	27.69	7.60	0.00		|
|1317.70	1303.68	1286.69	1272.47	1243.77	1227.73	1210.49	1185.10	1162.42	1137.06	1111.55	1093.42	1071.83	1037.43	1015.49	986.64	958.35	932.72	915.74	890.15	864.71	844.85	827.80	810.76	790.66	770.99	751.12	724.97711.48	685.92	657.55	643.22	615.06	609.51	569.74	555.62	535.75	506.08	493.21	470.51	439.28	422.24	396.75	376.69	345.62	371.26	305.82	283.13	254.68	235.75	207.14	160.80	132.39	112.09	78.37	64.17	44.29	30.10	0.00	0.00	51.23	52.87	79.83	99.62	112.07	139.87	185.32	179.16	145.56	128.32	105.80	80.32	0.00	25.84	0.00		|
|1347.19	1333.16	1316.18	1301.96	1273.25	1257.21	1239.97	1214.58	1191.90	1166.54	1141.04	1122.91	1101.32	1066.92	1044.97	1016.13	987.83	962.21	945.23	919.64	894.20	874.34	857.29	840.24	820.15	800.48	780.60	754.45740.97	715.40	687.04	672.71	644.55	638.99	599.23	585.10	565.24	535.57	522.70	499.99	468.77	451.72	426.24	406.18	375.10	400.75	335.30	312.62	284.17	265.23	236.63	190.28	161.88	141.58	107.86	93.66	73.77	59.58	31.08	0.00	28.69	41.87	63.91	83.70	96.14	123.95	150.61	160.24	126.63	109.39	86.87	61.40	30.38	10.29	3.70		|
|1373.75	1359.72	1342.74	1328.51	1299.81	1283.77	1266.53	1241.14	1218.46	1193.10	1167.60	1149.47	1127.88	1093.48	1071.53	1042.69	1014.39	988.77	971.78	946.19	920.76	900.89	883.85	866.80	846.70	827.04	807.16	781.01767.52	741.96	713.60	699.26	671.11	665.55	625.78	611.66	591.80	562.13	549.26	526.55	495.33	478.28	452.80	432.74	401.66	427.31	361.86	339.18	310.73	291.79	263.19	216.84	188.43	168.14	134.42	120.22	100.3386.14	56.04	20.42	0.00	11.69	28.60	48.39	60.84	88.64	115.30	132.13	143.13	125.89	103.37	77.90	46.88	26.79	0.00		|
|1392.63	1378.61	1361.62	1347.40	1318.70	1302.65	1285.42	1260.03	1237.35	1211.99	1186.48	1168.35	1146.76	1112.36	1090.42	1061.57	1033.27	1007.65	990.67	965.08	939.64	919.78	902.73	885.69	865.59	845.92	826.05	799.90786.41	760.85	732.48	718.15	689.99	684.44	644.67	630.55	610.68	581.01	568.14	545.44	514.21	497.17	471.68	451.62	420.55	446.19	380.75	358.06	329.61	310.68	282.07	235.73	207.32	187.02	153.30	139.10	119.22105.03	76.52	45.44	25.57	0.00	22.04	41.82	54.27	82.08	108.74	125.57	141.17	123.93	101.41	75.94	44.92	24.83	0.00		|
|1409.66	1395.64	1378.65	1364.43	1335.73	1319.68	1302.44	1277.06	1254.38	1229.02	1203.51	1185.38	1163.79	1129.39	1107.44	1078.60	1050.30	1024.68	1007.70	982.11	956.67	936.81	919.76	902.72	882.62	862.95	843.07	816.93803.44	777.88	749.51	735.18	707.02	701.47	661.70	647.57	627.71	598.04	585.17	562.47	531.24	514.20	488.71	468.65	437.58	463.22	397.77	375.09	346.64	327.71	299.10	252.76	224.35	204.05	170.33	156.13	136.25122.06	93.55	62.47	42.60	17.03	0.00	19.79	32.23	60.04	86.70	103.53	126.17	109.10	86.58	61.11	0.00	0.00	0.00		|
|1435.08	1421.05	1404.07	1389.84	1361.14	1345.10	1327.86	1302.47	1279.79	1254.43	1228.93	1210.80	1189.21	1154.81	1132.86	1104.02	1075.72	1050.10	1033.11	1007.53	982.09	962.22	945.18	928.13	908.03	888.37	868.49	842.34828.85	803.29	774.93	760.59	732.44	726.88	687.11	672.99	653.13	623.46	610.59	587.88	556.66	539.61	514.13	494.07	462.99	488.64	423.19	400.51	372.06	353.12	324.52	278.17	249.76	229.47	195.75	181.55	161.66147.47	118.97	87.89	68.01	42.45	25.42	0.00	12.44	40.25	66.91	83.74	106.38	115.28	92.76	67.29	36.27	16.18	0.00		|
|1452.23	1438.21	1421.22	1407.00	1378.29	1362.25	1345.01	1319.62	1296.95	1271.58	1246.08	1227.95	1206.36	1171.96	1150.01	1121.17	1092.87	1067.25	1050.27	1024.68	999.24	979.38	962.33	945.28	925.19	905.52	885.64	859.49846.01	820.45	792.08	777.75	749.59	744.03	704.27	690.14	670.28	640.61	627.74	605.03	573.81	556.77	531.28	511.22	480.14	505.79	440.34	417.66	389.21	370.28	341.67	295.32	266.92	246.62	212.90	198.70	178.81164.62	136.12	105.04	85.17	59.60	42.57	19.50	0.00	27.81	54.47	71.30	93.94	112.19	107.43	81.95	27.29	30.84	8.00		|
|1466.41	1452.39	1435.40	1421.18	1392.48	1376.43	1359.20	1333.81	1311.13	1285.77	1260.26	1242.13	1220.54	1186.14	1164.20	1135.35	1107.05	1081.43	1064.45	1038.86	1013.42	993.56	976.51	959.47	939.37	919.70	899.82	873.68860.19	834.63	806.26	791.93	763.77	758.22	718.45	704.32	684.46	654.79	641.92	619.22	587.99	570.95	545.46	525.40	494.33	519.97	454.53	431.84	403.39	384.46	355.85	309.51	281.10	260.80	227.08	212.88	193.00178.81	150.30	119.22	99.35	73.78	56.75	33.68	14.18	0.00	26.66	43.49	66.13	84.38	101.37	75.90	23.04	24.79	12.08		|
|1489.12	1475.10	1458.11	1443.89	1415.19	1399.14	1381.91	1356.52	1333.84	1308.48	1282.97	1264.84	1243.25	1208.85	1186.91	1158.06	1129.76	1104.14	1087.16	1061.57	1036.13	1016.27	999.22	982.18	962.08	942.41	922.53	896.39882.90	857.34	828.97	814.64	786.48	780.93	741.16	727.03	707.17	677.50	664.63	641.93	610.70	593.66	568.17	548.11	517.04	542.68	477.24	454.55	426.10	407.17	378.56	332.22	303.81	283.51	249.79	235.59	215.71201.52	173.01	141.93	122.06	96.49	79.46	56.39	36.89	22.71	0.00	0.00	28.64	46.89	43.64	57.11	26.09	0.00	0.00		|
|1514.62	1500.59	1483.61	1469.38	1440.68	1424.64	1407.40	1382.01	1359.33	1333.97	1308.47	1290.34	1268.75	1234.35	1212.40	1183.56	1155.26	1129.64	1112.65	1087.07	1061.63	1041.76	1024.72	1007.67	987.57	967.91	948.03	921.88908.39	882.83	854.47	840.13	811.98	806.42	766.65	752.53	732.67	703.00	690.13	667.42	636.20	619.15	593.67	573.61	542.53	568.18	502.73	480.05	451.60	432.66	404.06	357.71	329.31	309.01	275.29	261.09	241.20227.01	198.51	167.43	147.55	121.99	104.96	81.88	62.39	48.21	62.40	0.00	22.64	40.89	37.64	58.61	27.59	7.50	4.47		|
|1528.88	1514.86	1497.87	1483.65	1454.95	1438.91	1421.67	1396.28	1373.60	1348.24	1322.73	1304.60	1283.01	1248.62	1226.67	1197.82	1169.53	1143.90	1126.92	1101.33	1075.89	1056.03	1038.98	1021.94	1001.84	982.18	962.30	936.15922.66	897.10	868.73	854.40	826.25	820.69	780.92	766.80	746.93	717.26	704.39	681.69	650.46	633.42	607.93	587.88	556.80	582.44	517.00	494.31	465.86	446.93	418.32	371.98	343.57	323.27	289.56	275.35	255.47241.28	212.77	181.69	161.82	136.25	119.22	96.15	76.65	62.47	39.76	0.00	0.00	18.25	0.00	26.00	0.00	0.00	0.00		|
|1561.96	1547.93	1530.95	1516.72	1488.02	1471.98	1454.74	1429.35	1406.67	1381.31	1355.80	1337.68	1316.08	1281.69	1259.74	1230.90	1202.60	1176.97	1159.99	1134.40	1108.97	1089.10	1072.05	1055.01	1034.91	1015.25	995.37	969.22955.73	930.17	901.80	887.47	859.32	853.76	813.99	799.87	780.01	750.33	737.47	714.76	683.54	666.49	641.01	620.95	589.87	615.51	550.07	527.38	498.93	480.00	451.40	405.05	376.64	356.35	322.63	308.42	288.54274.35	245.85	214.77	194.89	169.32	152.29	129.22	109.73	95.54	72.83	50.85	33.07	0.00	17.73	0.00	29.09	0.00	11.33		|
|1568.65	1554.62	1537.64	1523.41	1494.71	1478.67	1461.43	1436.04	1413.36	1388.00	1362.49	1344.37	1322.77	1288.38	1266.43	1237.59	1209.29	1183.66	1166.68	1141.09	1115.66	1095.79	1078.74	1061.70	1041.60	1021.94	1002.06	975.91962.42	936.86	908.49	894.16	866.01	860.45	820.68	806.56	786.70	757.02	744.16	721.45	690.23	673.18	647.70	627.64	596.56	622.20	556.76	534.07	505.62	486.69	458.09	411.74	383.33	363.04	329.32	315.11	295.23281.04	252.54	221.46	201.58	176.01	158.98	135.91	116.42	102.23	79.52	51.76	39.76	21.44	0.00	0.00	21.52	25.08	2.24		|
|1594.12	1580.10	1563.11	1548.89	1520.18	1504.14	1486.90	1461.52	1438.84	1413.47	1387.97	1369.84	1348.25	1313.85	1291.90	1263.06	1234.76	1209.14	1192.16	1166.57	1141.13	1121.27	1104.22	1087.17	1067.08	1047.41	1027.53	1001.38987.90	962.34	933.97	919.64	891.48	885.92	846.16	832.03	812.17	782.50	769.63	746.92	715.70	698.66	673.17	653.11	622.03	647.68	582.23	559.55	531.10	512.17	483.56	437.21	408.81	388.51	354.79	340.59	320.70306.51	278.01	246.93	227.06	201.49	184.46	161.39	141.89	127.71	105.00	98.84	65.24	47.99	25.47	0.00	24.20	0.00	0.00		|
|1649.41	1635.39	1618.41	1604.18	1575.48	1559.44	1542.20	1516.81	1494.13	1468.77	1443.26	1425.14	1403.54	1369.15	1347.20	1318.36	1290.06	1264.43	1247.45	1221.86	1196.42	1176.56	1159.51	1142.47	1122.37	1102.71	1082.83	1056.681043.19	1017.63	989.26	974.93	946.78	941.22	901.45	887.33	867.46	837.79	824.92	802.22	770.99	753.95	728.46	708.41	677.33	702.97	637.53	614.84	586.39	567.46	538.85	492.51	464.10	443.80	410.09	395.88	376.00361.81	333.30	302.23	282.35	256.78	239.75	216.68	197.18	183.00	160.29	138.31	120.53	87.46	105.18	90.42	0.00	39.31	16.47		|
|1645.23	1631.21	1614.22	1600.00	1571.29	1555.25	1538.01	1512.62	1489.95	1464.58	1439.08	1420.95	1399.36	1364.96	1343.01	1314.17	1285.87	1260.25	1243.27	1217.68	1192.24	1172.38	1155.33	1138.28	1118.19	1098.52	1078.64	1052.491039.01	1013.44	985.08	970.75	942.59	937.03	897.27	883.14	863.28	833.61	820.74	798.03	766.81	749.77	724.28	704.22	673.14	698.79	633.34	610.66	582.21	563.28	534.67	488.32	459.92	439.62	405.90	391.70	371.81357.62	329.12	298.04	278.17	252.60	235.57	212.50	193.00	178.82	156.11	149.95	116.35	99.10	76.58	51.11	20.09	0.00	12.04		|
|1668.07	1654.05	1637.06	1622.84	1594.14	1578.10	1560.86	1535.47	1512.79	1487.43	1461.92	1443.79	1422.20	1387.81	1365.86	1337.01	1308.72	1283.09	1266.11	1240.52	1215.08	1195.22	1178.17	1161.13	1141.03	1121.36	1101.49	1075.341061.85	1036.29	1007.92	993.59	965.44	959.88	920.11	905.99	886.12	856.45	843.58	820.88	789.65	772.61	747.12	727.06	695.99	721.63	656.19	633.50	605.05	586.12	557.51	511.17	482.76	462.46	428.74	414.54	394.66380.47	351.96	320.88	301.01	275.44	258.41	235.34	215.84	201.66	178.95	172.79	139.19	121.95	99.43	73.95	19.29	22.84	0.00		|
*****************Final Output :*****************

Shorest Path between source 2 and destination 24 is: 178.


Shorest Path between source 2 and destination 24 is: 502.89.

Hop Count for source 2 and destination 24 is: 14.

Total Running Time of the Algorithm in Seconds is 0.0590980


Total no.of Key-Basic Operations are : 469620

*********************************************

Congestion Actual Delay Matrix :
|0.00	1244.00	2328.80	2338.80	7251.80	7492.60	11027.80	8530.60	18460.20	21199.20	25215.77	25685.61	32515.61	38767.61	39482.52	33203.61	45334.61	58989.85	59055.87	71072.52	61028.37	84423.95	90442.70	65662.88	103306.70	109302.70	143358.69	173653.69	197101.69	205948.69	210959.81	211523.69	227825.69	231700.94	228908.36	254520.94	257422.94	261913.80	261744.34	1188398.00	1161829.88	1061227.88	1058231.00	963089.81	962285.00	969440.00	887305.69	884708.44	731518.44	595049.00	553240.25	614904.69	590633.00	552554.56	550613.56	540501.06	482534.06	465777.06	412726.06	411912.06	327485.22	326850.72	312439.56	274285.31	272187.06	186667.08	165243.08	52688.11	90455.08	50504.11	40289.57	37669.11	0.00	1350.25	122.00		|
|707.86	0.00	1084.80	1094.80	6007.80	6248.60	9783.80	7286.60	17216.20	19955.20	23971.77	24441.61	31271.61	37523.61	38238.52	31959.61	44090.61	57745.85	57811.87	69828.52	59784.37	83179.95	89198.70	64418.87	102062.70	108058.70	142114.69	172409.69	195857.69	204704.69	209715.81	210279.69	226581.69	230456.94	227664.36	253276.94	256178.94	260669.80	260500.34	1187519.75	1160951.62	1060349.62	1057352.75	962211.56	961406.75	968561.75	886427.44	883830.19	730640.19	594170.75	552362.00	614026.44	589754.75	551676.31	549735.31	539622.81	481655.81	464898.81	411847.81	411033.81	326606.97	325972.47	311561.31	273407.06	271308.81	185788.83	164364.83	51809.86	89576.83	49625.86	39411.32	36790.86	1000.50	472.00	0.00		|
|2432.86	1725.00	0.00	0.00	4923.00	5163.80	8699.00	6201.80	16131.40	18870.40	22886.97	23356.81	30186.81	36438.81	37153.72	30874.81	43005.81	56661.05	56727.07	68743.72	58699.57	82095.15	88113.90	63334.07	100977.90	106973.90	141029.91	171324.91	194772.91	203619.91	208631.03	209194.91	225496.91	229372.16	226579.58	252192.16	255094.16	259585.02	259415.56	268152.50	1161843.12	1061241.12	1058244.25	963103.06	962298.25	969453.25	887318.94	884721.69	731531.69	595062.25	553253.50	614917.94	590646.25	552567.81	550626.81	540514.31	482547.31	465790.31	412739.31	411925.31	327498.47	326863.97	312452.81	274298.56	272200.31	186680.33	165256.33	52701.36	90468.33	50517.36	40302.82	37682.36	1892.00	1363.50	0.00		|
|6484.52	5776.67	4051.67	0.00	693.00	933.80	4469.00	1971.80	11901.40	14640.40	18656.97	19126.81	25956.81	32208.81	32923.72	26644.81	38775.81	52431.05	52497.07	64513.72	54469.57	77865.15	83883.90	59104.07	96747.90	102743.90	136799.91	167094.91	190542.91	199389.91	204401.03	204964.91	221266.91	225142.16	222349.58	247962.16	250864.16	255355.02	255185.56	263922.50	1127510.00	1026908.06	1023911.25	928770.06	927965.25	935120.25	852985.94	850388.69	697198.69	560729.25	518920.53	580584.94	556313.25	518234.81	516293.81	506181.31	448214.31	431457.31	378406.31	377592.31	293165.47	292530.97	278119.81	239965.56	237867.31	152347.31	130923.30	7621.50	56135.30	5437.50	5969.80	3349.33	795.00	5415.17	0.00		|
|6510.73	5802.87	4077.87	26.20	0.00	240.80	3776.00	1278.80	11208.40	13947.40	17963.97	18433.81	25263.81	31515.81	32230.72	25951.81	38082.81	51738.05	51804.07	63820.72	53776.57	77172.15	83190.90	58411.07	96054.90	102050.90	136106.91	166401.91	189849.91	198696.91	203708.03	204271.91	220573.91	224449.16	221656.58	247269.16	250171.16	254662.02	254492.56	263229.50	1126005.75	1025403.69	1022406.88	927265.69	926460.88	933615.88	851481.56	848884.31	695694.31	559224.88	517416.19	579080.56	554808.88	516730.47	514789.47	504676.97	446709.97	429952.97	376901.97	376087.97	291661.12	291026.62	276615.47	238461.22	236362.97	150842.97	129418.97	7680.50	54630.97	5496.50	4465.47	1845.00	854.00	25.50	0.00		|
|7587.54	6879.69	5154.69	1103.02	105.92	0.00	3881.92	1038.00	8398.00	11137.00	15153.57	15623.41	22453.41	28705.41	29420.32	23141.41	35272.41	48927.66	48993.68	61010.32	50966.18	74361.75	80380.50	55600.68	93244.50	99240.50	133296.50	163591.50	187039.50	195886.50	200897.62	201461.50	217763.50	221638.75	218846.17	244458.75	247360.75	251851.61	251682.16	260419.11	1160683.62	1060081.62	1057084.75	961943.56	961138.75	968293.75	886159.44	883562.19	730372.19	593902.75	552094.00	613758.44	589486.75	551408.31	549467.31	539354.81	481387.81	464630.81	411579.81	410765.81	326338.97	325704.47	311293.31	273139.06	271040.81	185520.83	164096.83	51541.86	89308.83	49357.86	39143.32	36522.86	732.50	204.00	0.00		|
|7797.54	7089.69	5364.69	1313.02	315.92	210.00	0.00	1248.00	7432.40	10171.40	14187.97	14657.81	21487.81	27739.81	28454.72	22175.81	34306.81	47962.05	48028.07	60044.72	50000.57	73396.15	79414.90	54635.07	92278.90	98274.90	132330.91	162625.91	186073.91	194920.91	199932.03	200495.91	216797.91	220673.16	217880.58	243493.16	246395.16	250886.02	250716.56	259453.52	251867.98	278458.50	1057016.75	961875.50	961070.69	968225.69	886091.38	883494.12	730304.12	593834.69	552025.94	613690.38	589418.69	551340.25	549399.25	539286.75	481319.75	464562.75	411511.75	410697.75	326270.91	325636.41	311225.25	273071.00	270972.75	185452.75	164028.75	6854.00	89240.74	4670.00	39075.24	36454.77	27.50	135.92	217.00		|
|25111.29	24403.44	22678.44	18626.77	17629.67	17523.75	861.75	0.00	8294.15	11033.15	1444.00	1913.84	8743.84	14995.84	15710.75	9431.84	21562.84	35218.08	35284.10	47300.75	37256.60	60652.18	66670.93	41891.10	79534.93	85530.93	119586.93	149881.94	173329.94	182176.94	187188.06	187751.94	204053.94	207929.19	205136.61	230749.19	233651.19	238142.05	237972.59	246709.55	239124.02	1060229.38	1057232.50	962091.25	961286.44	968441.44	886307.12	883709.88	730519.88	594050.44	552241.69	613906.12	589634.44	551556.00	549615.00	539502.50	481535.50	464778.50	411727.50	410913.50	326486.66	325852.16	311441.00	273286.75	271188.50	185668.50	164244.50	51689.52	89456.49	49505.52	39290.99	36670.52	880.17	351.67	6.43		|
|51447.29	50739.44	49014.44	44962.77	43965.67	43859.75	27197.75	26336.00	0.00	2739.00	6755.57	7225.41	14055.41	20307.41	21022.32	14743.41	26874.41	40529.66	40595.68	52612.32	42568.18	65963.75	71982.50	47202.68	84846.50	90842.50	124898.50	155193.50	178641.50	187488.50	192499.62	193063.50	209365.50	213240.75	210448.17	236060.75	238962.75	243453.61	243284.16	252021.11	244435.58	271026.12	274418.12	963695.56	962890.75	970045.75	887911.44	885314.19	732124.19	595654.75	553846.00	615510.44	591238.75	553160.31	551219.31	541106.81	483139.81	466382.81	413331.81	412517.81	328090.97	327456.47	313045.31	274891.06	272792.81	187272.83	165848.83	53293.86	91060.83	51109.86	40895.32	38274.86	2484.50	1956.00	0.00		|
|52777.27	52069.42	50344.42	46292.75	45295.65	45189.73	28527.73	27665.98	1329.98	0.00	4016.57	4486.41	11316.41	17568.41	18283.32	12004.41	24135.41	37790.66	37856.68	49873.32	39829.18	63224.75	69243.50	44463.68	82107.50	88103.50	122159.50	152454.50	175902.50	184749.50	189760.62	190324.50	206626.50	210501.75	207709.17	233321.75	236223.75	240714.61	240545.16	249282.11	241696.58	268287.12	271679.12	926260.69	925455.88	932610.88	850476.56	847879.31	694689.31	558219.88	516411.19	578075.56	553803.88	515725.47	513784.47	503671.97	445704.97	428947.97	375896.97	375082.97	290656.12	290021.62	275610.47	237456.22	235357.97	149837.97	128413.97	6856.50	53625.97	4672.50	3460.47	840.00	30.00	0.00	0.00		|
|63010.27	62302.42	60577.42	56525.75	55528.65	55422.73	38760.73	37898.98	11562.98	10233.00	0.00	469.84	7299.84	13551.84	14266.75	7987.84	20118.84	33774.08	33840.10	45856.75	35812.60	59208.18	65226.93	40447.10	78090.93	84086.93	118142.93	148437.94	171885.94	180732.94	185744.06	186307.94	202609.94	206485.19	203692.61	229305.19	232207.19	236698.05	236528.59	245265.55	237680.02	264270.56	267662.56	962101.06	961296.25	968451.25	886316.94	883719.69	730529.69	594060.25	552251.50	613915.94	589644.25	551565.81	549624.81	539512.31	481545.31	464788.31	411737.31	410923.31	326496.47	325861.97	311450.81	273296.56	271198.31	185678.33	164254.33	51699.36	89466.33	49515.36	39300.82	36680.36	890.00	361.50	19.47		|
|63032.93	62325.07	60600.07	56548.40	55551.30	55445.38	38783.38	37921.63	11585.63	10255.65	22.65	0.00	6830.00	13082.00	13796.91	7518.00	19649.00	33304.25	33370.27	45386.91	35342.77	58738.34	64757.09	39977.27	77621.09	83617.09	117673.09	147968.09	171416.09	180263.09	185274.22	185838.09	202140.09	206015.34	203222.77	228835.34	231737.34	236228.20	236058.75	244795.70	237210.17	263800.69	267192.69	963330.88	962526.06	969681.06	887546.75	884949.50	731759.50	595290.06	553481.31	615145.75	590874.06	552795.62	550854.62	540742.12	482775.16	466018.16	412967.16	412153.16	327726.31	327091.81	312680.66	274526.41	272428.16	186908.16	165484.16	52929.19	90696.16	50745.19	40530.66	37910.19	0.00	1591.33	6841.22		|
|179294.27	178586.41	176861.41	172809.73	171812.64	171706.72	155044.72	154182.97	127846.98	126517.00	116284.00	22.86	0.00	6252.00	6966.91	688.00	12819.00	26474.25	26540.27	38556.91	28512.77	51908.34	57927.09	33147.27	70791.09	76787.09	110843.09	141138.09	164586.09	173433.09	178444.22	179008.09	195310.09	199185.34	196392.77	222005.34	224907.34	229398.20	229228.75	237965.70	230380.17	256970.70	260362.70	260099.70	962151.44	969306.44	887172.12	884574.88	731384.88	594915.44	553106.69	614771.12	590499.44	552421.00	550480.00	540367.50	482400.50	465643.50	412592.50	411778.50	327351.66	326717.16	312306.00	274151.75	272053.50	186533.50	165109.50	52554.52	90321.49	50370.52	40155.99	37535.52	1745.17	1216.67	11.22		|
|63314.50	62606.64	60881.64	56829.97	55832.87	55726.95	39064.95	38203.20	11867.20	10537.22	304.22	281.57	7111.57	0.00	714.91	7799.57	6567.00	20222.25	20288.27	32304.91	22260.77	45656.34	51675.09	26895.27	64539.09	70535.09	104591.09	134886.09	158334.09	167181.09	172192.22	172756.09	189058.09	192933.34	190140.77	215753.34	218655.34	223146.20	222976.75	231713.70	224128.17	250718.70	254110.70	253847.70	255065.84	262220.84	886415.44	883818.19	730628.19	594158.75	552350.00	614014.44	589742.75	551664.31	549723.31	539610.81	481643.81	464886.81	411835.81	411021.81	326594.97	325960.47	311549.31	273395.06	271296.81	185776.83	164352.83	51797.86	89564.83	49613.86	39399.32	36778.86	53.33	460.00	16.86		|
|186374.28	185666.42	183941.42	179889.75	178892.66	178786.73	162124.73	161262.98	134926.98	133597.00	123364.00	476.02	7080.00	194.45	0.00	54170.94	22674.05	19507.33	19573.35	31590.00	21545.85	44941.43	50960.18	26180.35	63824.18	69820.18	103876.18	134171.19	157619.19	166466.19	171477.31	172041.19	188343.19	192218.44	189425.86	215038.44	217940.44	222431.30	222261.84	230998.80	223413.27	250003.80	253395.80	253132.80	254350.94	261505.94	886755.44	884158.19	730968.19	594498.75	552690.00	614354.44	590082.75	552004.31	550063.31	539950.81	481983.81	465226.81	412175.81	411361.81	326934.97	326300.47	311889.31	273735.06	271636.81	186116.83	164692.83	52137.86	89904.83	49953.86	39739.32	37118.86	0.00	800.00	0.00		|
|242556.78	241848.92	240123.92	236072.25	235075.16	234969.23	218307.23	217445.48	191109.48	189779.50	179546.50	63285.36	63262.50	0.00	0.00	0.00	0.00	1159.20	1225.22	13241.87	3197.72	26593.29	32612.04	7832.22	45476.05	51472.05	85528.05	115823.05	139271.05	148118.05	153129.17	153693.05	169995.05	173870.30	171077.72	196690.30	199592.30	204083.16	203913.70	212650.66	205065.12	231655.66	235047.66	234784.66	236002.80	243157.80	885997.44	883400.19	730210.19	593740.75	551932.00	613596.44	589324.75	551246.31	549305.31	539192.81	481225.81	464468.81	411417.81	410603.81	326176.97	325542.47	311131.31	272977.06	270878.81	185358.83	163934.83	51379.86	89146.83	49195.86	38981.32	36360.86	570.50	42.00	0.00		|
|199267.61	198559.75	196834.75	192783.08	191785.98	191680.06	175018.06	174156.31	147820.31	146490.33	136257.33	13369.35	19973.33	13087.78	12893.33	35494.85	0.00	831.25	897.27	12913.92	2869.77	26265.34	32284.09	7504.27	45148.09	51144.09	85200.09	115495.09	138943.09	147790.09	152801.22	153365.09	169667.09	173542.34	170749.77	196362.34	199264.34	203755.20	203585.75	212322.70	204737.17	231327.70	234719.70	234456.70	235674.84	242829.84	236731.09	885113.44	731923.44	595454.00	553645.25	615309.69	591038.00	552959.56	551018.56	540906.06	482939.06	466182.06	413131.06	412317.06	327890.22	327255.72	312844.56	274690.31	272592.06	187072.08	165648.08	6843.48	90860.08	4659.48	40694.57	38074.11	16.98	1755.25	0.00		|
|277220.34	276512.50	274787.50	270735.84	269738.72	269632.81	252970.83	252109.08	225773.08	224443.09	214210.09	16536.07	97926.10	16254.50	16060.05	34663.60	3166.71	0.00	66.02	12082.67	2038.52	25434.09	31452.84	6673.02	44316.84	50312.84	84368.84	114663.84	138111.84	146958.84	151969.97	152533.84	168835.84	172711.09	169918.52	195531.09	198433.09	202923.95	202754.50	211491.45	203905.92	230496.45	233888.45	233625.45	234843.59	241998.59	235899.84	884282.19	731092.19	594622.75	552814.00	614478.44	590206.75	552128.31	550187.31	540074.81	482107.81	465350.81	412299.81	411485.81	327058.97	326424.47	312013.31	273859.06	271760.81	186240.83	164816.83	52261.86	90028.83	50077.86	39863.32	37242.86	1452.50	924.00	16.50		|
|278680.59	277972.75	276247.75	272196.09	271198.97	271093.06	254431.05	253569.30	227233.30	225903.31	215670.31	17996.27	99386.30	17714.70	17520.25	36123.80	4626.92	1460.20	0.00	13.71	1972.50	374.86	6393.61	6607.00	19257.61	25253.61	59309.61	89604.61	113052.61	121899.61	126910.73	127474.61	143776.61	147651.86	144859.28	170471.86	173373.86	177864.72	177695.27	186432.22	178846.69	205437.22	208829.22	208566.22	209784.36	216939.36	210840.61	884470.19	731280.19	594810.75	553002.00	614666.44	590394.75	552316.31	550375.31	540262.81	482295.81	465538.81	412487.81	411673.81	327246.97	326612.47	312201.31	274047.06	271948.81	186428.83	165004.83	52449.86	90216.83	50265.86	40051.32	37430.86	1640.50	1112.00	0.00		|
|296587.59	295879.75	294154.75	290103.09	289105.97	289000.06	272338.06	271476.31	245140.30	243810.31	233577.31	35903.27	117293.30	35621.70	35427.25	54030.80	22533.92	19367.20	17907.00	0.00	0.00	13351.43	19370.18	4640.50	32234.18	38230.18	72286.18	102581.18	126029.18	134876.19	139887.31	140451.19	156753.19	160628.44	157835.86	183448.44	186350.44	190841.30	190671.84	199408.80	191823.27	218413.80	221805.80	221542.80	222760.94	229915.94	223817.19	225238.52	695829.31	559359.88	517551.19	579215.56	554943.88	516865.47	514924.47	504811.97	446844.97	430087.97	377036.97	376222.97	291796.12	291161.62	276750.47	238596.22	236497.97	150977.97	129553.97	16999.00	54765.97	14815.00	4600.47	1980.00	0.00	21.00	0.00		|
|279924.84	279217.00	277492.00	273440.34	272443.22	272337.31	255675.30	254813.55	228477.55	227147.56	216914.56	19240.52	100630.55	18958.95	18764.50	37368.05	5871.17	2704.45	1244.25	48.00	0.00	13399.43	25375.00	4634.50	4753.70	10749.70	44805.70	75100.70	98548.70	107395.70	112406.83	112970.70	129272.70	133147.95	130355.37	155967.95	158869.95	163360.81	163191.36	171928.31	164342.78	190933.31	194325.31	194062.31	195280.45	202435.45	196336.70	197758.03	730756.94	594287.50	552478.75	614143.19	589871.50	551793.06	549852.06	539739.56	481772.56	465015.56	411964.56	411150.56	326723.72	326089.22	311678.06	273523.81	271425.56	185905.58	164481.58	51926.61	89693.58	49742.61	39528.07	36907.61	1117.25	588.75	79.71		|
|300670.19	299962.34	298237.34	294185.69	293188.56	293082.66	276420.66	275558.91	249222.91	247892.92	237659.92	39985.89	121375.92	39704.32	39509.87	58113.42	26616.53	23449.82	21989.61	4082.61	597.33	0.00	6018.75	60.24	18882.75	24878.75	58934.75	89229.75	112677.75	121524.75	126535.88	127099.75	143401.75	147277.00	144484.42	170097.00	172999.00	177489.86	177320.41	186057.36	178471.83	205062.36	208454.36	208191.36	209409.50	216564.50	210465.75	211887.08	215353.61	221965.11	552265.00	613929.44	589657.75	551579.31	549638.31	539525.81	481558.81	464801.81	411750.81	410936.81	326509.97	325875.47	311464.31	273310.06	271211.81	185691.83	164267.83	6844.13	89479.83	4660.13	39314.32	36693.86	17.63	375.00	6036.14		|
|312247.59	311539.75	309814.75	305763.09	304765.97	304660.06	287998.06	287136.31	260800.33	259470.34	249237.34	51563.31	132953.34	51281.74	51087.29	69690.84	38193.96	35027.24	33567.04	15660.04	12174.76	11577.43	0.00	11637.67	12864.00	18860.00	52916.00	83211.00	106659.00	115506.00	120517.12	121081.00	137383.00	141258.25	138465.67	164078.25	166980.25	171471.11	171301.66	180038.61	172453.08	199043.61	202435.61	202172.61	203390.75	210545.75	204447.00	205868.33	209334.86	215946.36	553870.06	615534.50	591262.81	553184.38	551243.38	541130.88	483163.88	466406.88	413355.88	412541.88	328115.03	327480.53	313069.38	274915.12	272816.88	187296.88	165872.88	53317.91	91084.88	51133.91	40919.38	38298.91	36.67	1980.0517.39		|
|332988.09	332280.25	330555.25	326503.59	325506.47	325400.56	308738.56	307876.81	281540.81	280210.84	269977.84	72303.81	153693.84	72022.24	71827.80	90431.34	58934.46	55767.75	54307.54	36400.54	32915.26	32317.93	20740.50	0.00	119.20	6115.20	40171.20	70466.20	93914.20	102761.20	107772.33	108336.20	124638.20	128513.45	125720.87	151333.45	154235.45	158726.31	158556.86	167293.81	159708.28	186298.81	189690.81	189427.81	190645.95	197800.95	191702.20	193123.53	196590.06	203201.56	552398.81	614063.25	589791.56	551713.12	549772.12	539659.62	481692.62	464935.62	411884.62	411070.62	326643.78	326009.28	311598.12	273443.88	271345.62	185825.62	164401.62	51846.66	89613.62	49662.66	39448.12	36827.66	1037.30	508.80	0.00		|
|312289.88	311582.03	309857.03	305805.38	304808.25	304702.34	288040.34	287178.59	260842.59	259512.61	249279.61	51605.57	132995.61	51324.00	51129.55	69733.11	38236.22	35069.51	33609.30	15702.31	12217.03	11619.69	42.27	30595.75	0.00	5996.00	40052.00	70347.00	93795.00	102642.00	107653.12	108217.00	124519.00	128394.25	125601.66	151214.25	154116.25	158607.11	158437.66	167174.61	159589.08	186179.61	189571.61	189308.61	190526.75	197681.75	191583.00	193004.33	196470.86	203082.36	197958.86	616934.44	592662.75	554584.31	552643.31	542530.81	484563.81	467806.81	414755.81	413941.81	329514.97	328880.47	314469.31	276315.06	274216.81	188696.83	167272.83	54717.86	92484.83	52533.86	42319.32	39698.86	42.50	3380.00	29.33		|
|357587.84	356880.00	355155.00	351103.34	350106.22	350000.31	333338.31	332476.56	306140.56	304810.59	294577.59	96903.56	178293.59	96621.99	96427.55	115031.10	83534.21	80367.50	78907.30	61000.29	57515.01	56917.68	45340.25	24599.75	1633.33	0.00	34056.00	64351.00	87799.00	96646.00	101657.12	102221.00	118523.00	122398.25	119605.66	145218.25	148120.25	152611.11	152441.66	161178.61	153593.08	180183.61	183575.61	183312.61	184530.75	191685.75	185587.00	187008.33	190474.86	197086.36	191962.86	614534.44	590262.75	552184.31	550243.31	540130.81	482163.81	465406.81	412355.81	411541.81	327114.97	326480.47	312069.31	273915.06	271816.81	186296.83	164872.83	52317.86	90084.83	50133.86	39919.32	37298.86	1508.50	980.00	118.00|
|372334.84	371627.00	369902.00	365850.34	364853.22	364747.31	348085.31	347223.56	320887.56	319557.59	309324.59	111650.55	193040.59	111368.98	111174.54	129778.09	98281.20	95114.49	93654.29	75747.29	72262.02	71664.68	60087.25	39346.75	16380.33	14747.00	0.00	30295.00	53743.00	62590.00	67601.12	68165.00	84467.00	88342.25	85549.66	111162.25	114064.25	118555.11	118385.65	127122.61	119537.08	146127.61	149519.61	149256.61	150474.75	157629.75	151531.00	152952.33	156418.86	163030.36	157906.86	613720.94	589449.25	551370.81	549429.81	539317.31	481350.31	464593.31	411542.31	410728.31	326301.47	325666.97	311255.81	273101.56	271003.31	185483.33	164059.33	51504.36	89271.33	49320.36	39105.82	36485.36	695.00	166.5030297.00		|
|357917.66	357209.81	355484.81	351433.16	350436.03	350330.12	333668.12	332806.38	306470.38	305140.41	294907.41	97233.36	178623.41	96951.79	96757.34	115360.90	83864.01	80697.30	79237.09	61330.09	57844.81	57247.48	45670.05	24929.55	1963.13	329.80	180.00	0.00	23448.00	32295.00	37306.12	37870.00	54172.00	58047.25	55254.67	80867.25	83769.25	88260.11	88090.65	96827.61	89242.08	115832.61	119224.61	118961.61	120179.75	127334.75	121235.99	122657.33	126123.85	132735.34	127611.85	137055.34	590546.25	552467.81	550526.81	540414.31	482447.31	465690.31	412639.31	411825.31	327398.47	326763.97	312352.81	274198.56	272100.31	186580.33	165156.33	52601.36	90368.33	50417.36	40202.82	37582.36	1792.00	1263.50	0.00		|
|376644.56	375936.72	374211.72	370160.06	369162.94	369057.03	352395.03	351533.28	325197.28	323867.31	313634.31	115960.27	197350.31	115678.70	115484.25	134087.81	102590.91	99424.20	97964.00	80057.00	76571.73	75974.39	64396.96	43656.46	20690.05	19056.71	4309.71	0.00	0.00	8847.00	13858.12	14422.00	30724.00	34599.25	31806.67	57419.25	60321.25	64812.11	64642.65	73379.61	65794.08	92384.61	95776.61	95513.61	96731.75	103886.75	97787.99	99209.33	102675.85	109287.35	104163.85	113607.35	591690.75	553612.31	551671.31	541558.81	483591.81	466834.81	413783.81	412969.81	328542.97	327908.47	313497.31	275343.06	273244.81	187724.83	166300.83	53745.86	91512.83	51561.86	41347.32	38726.86	2936.50	2408.00	7.00		|
|411323.81	410615.97	408890.97	404839.31	403842.19	403736.28	387074.28	386212.53	359876.53	358546.56	348313.56	150639.53	232029.56	150357.95	150163.50	168767.06	137270.17	134103.45	132643.25	114736.26	111250.98	110653.65	99076.22	78335.72	55369.30	53735.96	38988.96	1584.33	34679.25	0.00	5011.12	5575.00	21877.00	25752.25	22959.67	48572.25	51474.25	55965.11	55795.65	64532.61	56947.08	83537.61	86929.61	86666.61	87884.75	95039.75	88940.99	90362.33	93828.85	100440.35	95316.85	104760.35	589471.75	551393.31	549452.31	539339.81	481372.81	464615.81	411564.81	410750.81	326323.97	325689.47	311278.31	273124.06	271025.81	185505.83	164081.83	51526.86	89293.83	49342.86	39128.32	36507.86	717.50	189.00	0.00		|
|431822.56	431114.72	429389.72	425338.06	424340.94	424235.03	407573.03	406711.28	380375.28	379045.31	368812.31	171138.28	252528.31	170856.70	170662.25	189265.81	157768.92	154602.20	153142.00	135235.00	131749.72	131152.39	119574.97	98834.47	75868.05	74234.72	59487.71	22083.08	55178.00	20498.75	0.00	563.88	16865.88	20741.13	17948.54	43561.12	46463.12	50953.98	50784.52	59521.48	51935.95	78526.48	81918.48	81655.48	82873.62	90028.62	83929.87	85351.20	88817.73	95429.23	90305.73	99749.23	101674.56	551753.31	549812.31	539699.81	481732.81	464975.81	411924.81	411110.81	326683.97	326049.47	311638.31	273484.06	271385.81	185865.83	164441.83	51886.86	89653.83	49702.86	39488.32	36867.86	298.67	549.00	0.00		|
|432382.56	431674.72	429949.72	425898.06	424900.94	424795.03	408133.03	407271.28	380935.28	379605.31	369372.31	171698.28	253088.31	171416.70	171222.25	189825.81	158328.92	155162.20	153702.00	135795.00	132309.72	131712.39	120134.97	99394.47	76428.05	74794.72	60047.71	22643.08	55738.00	21058.75	560.00	0.00	16302.00	20177.25	17384.67	42997.25	45899.25	50390.11	50220.65	58957.61	51372.08	77962.61	81354.61	81091.61	82309.75	89464.75	83365.99	84787.33	88253.85	94865.35	89741.85	99185.35	101110.69	552959.31	551018.31	540905.81	482938.81	466181.81	413130.81	412316.81	327889.97	327255.47	312844.31	274690.06	272591.81	187071.83	165647.83	6840.50	90859.83	4656.50	40694.32	38073.86	0.00	1755.00	0.00		|
|466553.97	465846.12	464121.12	460069.47	459072.34	458966.44	442304.44	441442.69	415106.69	413776.72	403543.72	205869.69	287259.72	205588.11	205393.66	223997.22	192500.33	189333.61	187873.41	169966.41	166481.12	165883.80	154306.38	133565.88	110599.47	108966.13	94219.13	56814.51	89909.42	55230.18	34731.43	109.78	0.00	3875.25	1082.67	26695.25	29597.25	34088.11	33918.65	42655.61	35070.08	61660.61	65052.61	64789.61	66007.75	73162.75	67063.99	68485.33	71951.85	78563.35	73439.85	82883.35	84808.69	86549.89	549551.31	539438.81	481471.81	464714.81	411663.81	410849.81	326422.97	325788.47	311377.31	273223.06	271124.81	185604.83	164180.83	51625.86	89392.83	49441.86	39227.32	36606.86	816.50	288.00	0.00		|
|434125.56	433417.72	431692.72	427641.06	426643.94	426538.03	409876.03	409014.28	382678.28	381348.31	371115.31	173441.28	254831.31	173159.70	172965.25	191568.81	160071.92	156905.20	155445.00	137538.00	134052.72	133455.39	121877.97	101137.47	78171.05	76537.72	61790.71	24386.08	57481.00	22801.75	2303.00	1743.00	0.00	0.00	0.00	22820.00	25722.00	30212.86	30043.40	38780.36	31194.83	57785.36	61177.36	60914.36	62132.50	69287.50	63188.75	64610.08	68076.61	74688.11	69564.61	79008.11	80933.45	82674.65	550356.00	540243.50	482276.50	465519.50	412468.50	411654.50	327227.66	326593.16	312182.00	274027.75	271929.50	186409.50	164985.50	52430.52	90197.49	50246.52	40031.99	37411.52	1621.17	1092.67	0.00		|
|505011.12	504303.28	502578.28	498526.62	497529.50	497423.59	480761.59	479899.84	453563.84	452233.88	442000.88	244326.84	325716.88	244045.27	243850.81	262454.38	230957.48	227790.77	226330.56	208423.56	204938.28	204340.95	192763.53	172023.03	149056.61	147423.28	132676.28	95271.66	128366.57	93687.32	73188.57	38566.92	38457.14	42332.39	0.00	301.67	3203.67	7694.52	7525.07	16262.02	8676.50	35267.02	38659.02	38396.02	39614.17	46769.17	40670.41	42091.75	45558.27	52169.77	47046.27	56489.77	58415.11	60156.30	62139.05	539615.81	481648.81	464891.81	411840.81	411026.81	326599.97	325965.47	311554.31	273400.06	271301.81	185781.83	164357.83	51802.86	89569.83	49618.86	39404.32	36783.86	0.00	465.00	0.00		|
|506700.00	505992.16	504267.16	500215.50	499218.38	499112.47	482450.47	481588.72	455252.72	453922.75	443689.75	246015.73	327405.75	245734.16	245539.70	264143.25	232646.38	229479.66	228019.45	210112.45	206627.17	206029.84	194452.42	173711.92	150745.50	149112.17	134365.17	96960.54	130055.45	95376.20	74877.45	40255.80	40146.02	871.29	1688.88	0.00	2902.00	7392.86	7223.40	15960.36	8374.83	34965.36	38357.36	38094.36	39312.50	46467.50	40368.75	41790.08	45256.61	51868.11	46744.61	56188.11	58113.44	59854.64	61837.39	539328.31	481361.31	464604.31	411553.31	410739.31	326312.47	325677.97	311266.81	273112.56	271014.31	185494.33	164070.33	51515.36	89282.33	49331.36	39116.82	36496.36	706.00	177.50	0.00		|
|623229.06	622521.19	620796.19	616744.50	615747.44	615641.50	598979.50	598117.75	571781.75	570451.75	560218.75	362544.75	443934.78	362263.19	362068.75	380672.28	349175.41	346008.69	344548.47	326641.47	323156.19	322558.84	310981.41	290240.91	267274.50	265641.16	250894.16	213489.52	246584.44	211905.19	191406.44	156784.80	156675.02	117400.29	118217.88	116529.00	0.00	0.00	4321.40	4767.40	5472.83	23772.40	27164.40	26901.40	28119.54	35274.54	29175.79	30597.12	34063.64	40675.14	35551.64	44995.14	46920.48	48661.68	50644.43	51715.43	481685.56	464928.56	411877.56	411063.56	326636.72	326002.22	311591.06	273436.81	271338.56	185818.58	164394.58	51839.61	89606.58	49655.61	39441.07	36820.61	0.00	501.75	110.00		|
|505198.75	504490.91	502765.91	498714.25	497717.12	497611.22	480949.22	480087.47	453751.47	452421.50	442188.50	244514.47	325904.50	244232.89	244038.44	262642.00	231145.11	227978.39	226518.19	208611.19	205125.91	204528.58	192951.16	172210.66	149244.23	147610.91	132863.91	95459.27	128554.19	93874.94	73376.19	38754.54	38644.76	42520.01	187.61	489.28	118519.50	0.00	76719.50	8567.50	0.00	27572.50	30964.50	30701.50	31919.64	39074.64	32975.89	34397.22	37863.74	44475.24	39351.74	48795.24	50720.57	52461.77	54444.52	55515.52	444993.34	428236.34	375185.34	374371.34	289944.50	289310.00	274898.84	236744.59	234646.34	149126.34	127702.34	15147.37	52914.34	12963.37	2748.84	128.37	175.88	1970.67	0.00		|
|665029.06	664321.19	662596.19	658544.50	657547.44	657441.50	640779.50	639917.75	613581.75	612251.75	602018.75	404344.75	485734.78	404063.19	403868.75	422472.28	390975.41	387808.69	386348.47	368441.47	364956.19	364358.84	352781.41	332040.91	309074.50	307441.16	292694.16	255289.52	288384.44	253705.19	233206.44	198584.80	198475.02	159200.28	160017.88	158329.00	41800.00	58.98	0.00	446.00	1151.43	19451.00	22843.00	22580.00	23798.14	30953.14	24854.39	26275.72	29742.24	36353.74	31230.24	40673.74	42599.07	44340.27	46323.02	47394.02	46557.02	466457.19	413406.19	412592.19	328165.34	327530.84	313119.69	274965.44	272867.19	187347.20	165923.20	53368.23	91135.20	51184.23	40969.70	38349.23	87.00	2030.38	67.71		|
|733181.12	732473.25	730748.25	726696.56	725699.50	725593.56	708931.56	708069.81	681733.81	680403.81	670170.81	472496.78	553886.81	472215.22	472020.78	490624.31	459127.44	455960.72	454500.50	436593.50	433108.22	432510.88	420933.44	400192.94	377226.53	375593.19	360846.19	323441.56	356536.47	321857.22	301358.47	266736.81	266627.03	227352.28	228169.88	226481.00	109952.00	68210.98	68152.00	0.00	119607.00	19005.00	22397.00	22134.00	23352.14	30507.14	24408.39	25829.72	29296.24	35907.74	30784.24	40227.74	42153.07	43894.27	45877.02	46948.02	46111.02	464682.19	411631.19	410817.19	326390.34	325755.84	311344.69	273190.44	271092.19	185572.20	164148.20	51593.23	89360.20	49409.23	39194.70	36574.23	783.88	255.38	0.00	|
|759749.25	759041.38	757316.38	753264.69	752267.62	752161.69	735499.69	734637.94	708301.94	706971.94	696738.94	499064.91	580454.94	498783.34	498588.91	517192.44	485695.56	482528.84	481068.62	463161.62	459676.34	459079.00	447501.56	426761.06	403794.66	402161.31	387414.31	350009.69	383104.59	348425.34	327926.59	293304.94	293195.16	253920.42	254738.02	253049.14	136520.14	94779.12	94720.14	26568.14	0.00	180.40	3572.40	0.00	4527.54	11682.54	5583.79	7005.12	10471.65	17083.14	11959.65	21403.14	23328.48	25069.68	27052.43	28123.43	27286.43	35020.43	413425.62	412611.62	328184.78	327550.28	313139.12	274984.88	272886.62	187366.62	165942.62	53387.66	91154.63	51203.66	40989.13	38368.66	18.94	2049.81	87.14		|
|860351.25	859643.38	857918.38	853866.69	852869.62	852763.69	836101.69	835239.94	808903.94	807573.94	797340.94	599666.81	681056.94	599385.25	599190.81	617794.44	586297.50	583130.81	581670.62	563763.62	560278.31	559681.00	548103.56	527363.06	504396.66	502763.31	488016.31	450611.69	483706.59	449027.34	428528.59	393906.94	393797.16	354522.41	355340.00	353651.12	237122.14	195381.12	195322.14	127170.14	100602.00	0.00	3392.00	3129.00	4347.14	11502.14	5403.39	6824.72	10291.25	16902.75	11779.25	21222.75	23148.08	24889.28	26872.03	27943.03	27106.03	34840.03	412068.81	411254.81	326827.97	326193.47	311782.31	273628.06	271529.81	186009.83	164585.83	52030.86	89797.83	49846.86	39632.32	37011.86	50.00	693.00	0.00		|
|863348.06	862640.19	860915.19	856863.50	855866.44	855760.50	839098.50	838236.75	811900.75	810570.75	800337.75	602663.62	684053.75	602382.06	602187.62	620791.25	589294.31	586127.62	584667.44	566760.44	563275.12	562677.81	551100.38	530359.88	507393.47	505760.12	491013.12	453608.50	486703.41	452024.16	431525.41	396903.75	396793.97	357519.22	358336.81	356647.94	240118.95	198377.94	198318.95	130166.95	103598.81	2996.82	0.00	1759.98	955.14	8110.142011.39	3432.72	6899.25	13510.75	8387.25	17830.75	19756.08	21497.28	23480.03	24551.03	23714.03	31448.03	411402.59	410588.59	326161.75	325527.25	311116.09	272961.84	270863.59	185343.59	163919.59	51364.63	89131.60	49180.63	38966.10	36345.63	270.67	26.78	68.57		|
|866714.25	866006.38	864281.38	860229.69	859232.62	859126.69	842464.69	841602.94	815266.94	813936.94	803703.94	606029.81	687419.94	605748.25	605553.81	624157.44	592660.50	589493.81	588033.62	570126.62	566641.31	566044.00	554466.56	533726.06	510759.66	509126.31	494379.31	456974.69	490069.59	455390.34	434891.59	400269.94	400160.16	360885.41	361703.00	360014.12	243485.14	201744.12	201685.14	133533.14	106965.00	6363.00	95986.00	0.00	40.00	7195.00	1096.24	2517.58	5984.10	12595.60	7472.10	16915.60	18840.94	20582.13	22564.88	23635.88	22798.88	30532.88	33059.88	410929.81	326502.97	325868.47	311457.31	273303.06	271204.81	185684.83	164260.83	51705.86	89472.83	49521.86	39307.32	36686.86	896.50	368.00	6.00		|
|959294.00	958586.12	956861.12	952809.44	951812.38	951706.44	935044.44	934182.69	907846.69	906516.69	896283.69	698609.56	779999.69	698328.00	698133.56	716737.19	685240.25	682073.56	680613.38	662706.38	659221.06	658623.75	647046.31	626305.81	603339.38	601706.06	586959.06	549554.44	582649.38	547970.12	527471.38	492849.75	492739.97	453465.22	454282.81	452593.94	336064.94	294323.91	294264.94	226112.95	199544.81	98942.81	95946.00	804.830.00	7155.00	1056.24	2477.58	5944.10	12555.60	7432.10	16875.60	18800.94	20542.13	22524.88	23595.88	22758.88	30492.88	33019.88	411569.81	327142.97	326508.47	312097.31	273943.06	271844.81	186324.83	164900.83	52345.86	90112.83	50161.86	39947.32	37326.86	0.00	1008.00	0.00		|
|960313.25	959605.38	957880.38	953828.69	952831.62	952725.69	936063.69	935201.94	908865.94	907535.94	897302.94	699628.81	781018.94	699347.25	699152.81	717756.44	686259.50	683092.81	681632.62	663725.62	660240.31	659643.00	648065.56	627325.06	604358.62	602725.31	587978.31	550573.69	583668.62	548989.38	528490.62	493868.97	493759.19	454484.44	455302.03	453613.16	337084.16	295343.12	295284.16	227132.16	200564.02	99962.02	96965.20	1824.031019.20	0.00	792.00	2213.33	5679.86	12291.36	7167.86	16611.36	18536.69	20277.89	22260.64	23331.64	22494.64	30228.64	32755.64	412583.00	328156.16	327521.66	313110.50	274956.25	272858.00	187338.00	165914.00	53359.02	91125.99	51175.02	40960.49	38340.02	77.79	2021.17	58.50		|
|1034273.31	1033565.44	1031840.44	1027788.75	1026791.69	1026685.75	1010023.75	1009162.00	982826.00	981496.00	971263.00	773588.88	854979.00	773307.31	773112.88	791716.50	760219.56	757052.88	755592.69	737685.69	734200.38	733603.06	722025.62	701285.12	678318.69	676685.38	661938.38	624533.75	657628.69	622949.44	602450.69	567829.00	567719.25	528444.56	529262.12	527573.25	411044.28	369303.25	369244.28	301092.28	274524.12	173922.14	170925.33	75784.16	74979.33	82134.33	0.00	1421.33	4887.86	11499.36	6375.86	15819.36	17744.69	19485.89	21468.64	22539.64	21702.64	29436.64	31963.64	29599.93	327777.56	327143.06	312731.91	274577.66	272479.41	186959.41	165535.41	52980.44	90747.41	50796.44	40581.91	37961.44	0.00	1642.58	1430.33		|
|1036870.56	1036162.69	1034437.69	1030386.00	1029388.94	1029283.00	1012621.00	1011759.25	985423.25	984093.25	973860.25	776186.12	857576.25	775904.56	775710.12	794313.75	762816.81	759650.12	758189.94	740282.94	736797.62	736200.31	724622.88	703882.38	680915.94	679282.62	664535.62	627131.00	660225.94	625546.69	605047.94	570426.25	570316.50	531041.81	531859.38	530170.50	413641.53	371900.50	371841.53	303689.53	277121.38	176519.38	173522.56	78381.39	77576.55	84731.55	2597.22	0.00	94.50	50.51	1582.50	4370.51	6295.84	8037.04	10019.79	11090.79	10253.79	17987.79	20514.79	18151.08	326356.22	325721.72	311310.56	273156.31	271058.06	185538.08	164114.08	51559.11	89326.08	49375.11	39160.57	36540.11	749.75	221.25	0.00		|
|1190060.50	1189352.62	1187627.62	1183576.00	1182578.88	1182473.00	1165811.00	1164949.25	1138613.25	1137283.25	1127050.25	929376.12	1010766.25	929094.56	928900.12	947503.75	916006.81	912840.12	911379.94	893472.94	889987.62	889390.31	877812.88	857072.38	834105.94	832472.62	817725.62	780321.00	813415.94	778736.69	758237.94	723616.25	723506.50	684231.81	685049.38	683360.50	566831.50	525090.50	525031.50	456879.53	430311.38	329709.38	326712.56	231571.38	230766.55	237921.55	155787.22	153190.00	0.00	6611.50	1488.00	10931.50	12856.83	14598.03	16580.78	17651.78	16814.78	24548.78	27075.78	24712.07	27541.28	325995.47	311584.31	273430.06	271331.81	185811.83	164387.83	6841.50	89599.83	4657.50	39434.32	36813.86	0.00	495.00	0.00		|
|1042970.56	1042262.69	1040537.69	1036486.00	1035488.94	1035383.00	1018721.00	1017859.25	991523.25	990193.25	979960.25	782286.12	863676.25	782004.56	781810.12	800413.75	768916.81	765750.12	764289.94	746382.94	742897.62	742300.31	730722.88	709982.38	687015.94	685382.62	670635.62	633231.00	666325.94	631646.69	611147.94	576526.25	576416.50	537141.81	537959.38	536270.50	419741.53	378000.50	377941.53	309789.53	283221.38	182619.38	179622.56	84481.39	83676.55	0.00	8697.22	6100.00	11.90	0.00	1499.90	4320.00	6245.33	7986.53	9969.28	11040.28	10203.28	17937.28	20464.28	18100.57	20929.78	325726.78	311315.62	273161.38	271063.12	185543.11	164119.11	51564.14	89331.11	49380.14	39165.61	36545.14	754.79	226.29	16.82		|
|1192291.25	1191583.38	1189858.38	1185806.75	1184809.62	1184703.75	1168041.75	1167180.00	1140844.00	1139514.00	1129281.00	931606.88	1012997.00	931325.31	931130.88	949734.50	918237.56	915070.88	913610.69	895703.69	892218.38	891621.06	880043.62	859303.12	836336.69	834703.38	819956.38	782551.75	815646.69	780967.44	760468.69	725847.00	725737.25	686462.56	687280.12	685591.25	569062.25	527321.25	527262.25	459110.22	432542.06	331940.06	328943.25	233802.09	232997.27	240152.27	158017.94	155420.72	2230.71	49.50	0.00	4369.50	654.50	2395.70	4378.45	5449.45	4612.45	12346.45	14873.45	12509.74	15338.95	13304.74	311130.47	272976.22	270877.97	185357.97	163933.97	51379.00	89145.97	49195.00	38980.47	36360.00	569.64	41.14	0.00		|
|1306674.25	1305966.38	1304241.38	1300189.75	1299192.62	1299086.75	1282424.75	1281563.00	1255227.00	1253897.00	1243664.00	1045989.88	1127380.00	1045708.31	1045513.88	1064117.50	1032620.56	1029453.88	1027993.69	1010086.69	1006601.38	1006004.06	994426.62	973686.12	950719.69	949086.38	934339.38	896934.75	930029.69	895350.44	874851.69	840230.00	840120.25	800845.56	801663.12	799974.25	683445.25	641704.25	641645.25	573493.25	546925.12	446323.12	443326.31	348185.16	347380.31	354535.31	272400.97	269803.75	116613.75	123225.25	4352.25	0.00	1925.33	3666.53	5649.28	6720.28	5883.28	13617.28	16144.28	13780.57	16609.78	14575.57	311241.56	273087.31	270989.06	185469.08	164045.08	51490.11	89257.08	49306.11	39091.57	36471.11	0.00	152.25	0.00		|
|1330946.00	1330238.12	1328513.12	1324461.50	1323464.38	1323358.50	1306696.50	1305834.75	1279498.75	1278168.75	1267935.75	1070261.88	1151651.75	1069980.25	1069785.75	1088389.25	1056892.38	1053725.62	1052265.38	1034358.38	1030873.06	1030275.75	1018698.31	997957.81	974991.38	973358.06	958611.06	921206.44	954301.38	919622.12	899123.38	864501.69	864391.94	825117.25	825934.81	824245.94	707716.94	665975.94	665916.94	597764.94	571196.81	470594.81	467598.00	372456.84	371652.00	378807.00	296672.66	294075.44	140885.42	4416.00	2426.91	24271.67	0.00	1741.20	3723.95	4794.95	3957.95	11691.95	14218.95	11855.24	14684.45	12650.24	12966.24	274027.06	271928.81	186408.83	164984.83	52429.86	90196.83	50245.86	40031.32	37410.86	1620.50	1092.00	0.00		|
|1192977.00	1192269.12	1190544.12	1186492.50	1185495.38	1185389.50	1168727.50	1167865.75	1141529.75	1140199.75	1129966.75	932292.56	1013682.69	932011.00	931816.56	950420.19	918923.25	915756.56	914296.38	896389.38	892904.06	892306.75	880729.31	859988.81	837022.38	835389.06	820642.06	783237.44	816332.38	781653.12	761154.38	726532.69	726422.94	687148.25	687965.81	686276.94	569747.94	528006.94	527947.94	459795.94	433227.78	332625.78	329628.97	234487.80	233682.97	240837.97	158703.64	156106.42	2916.43	4436.94	685.71	24292.61	20.94	0.00	1982.75	3053.75	2216.75	9950.75	12477.75	10114.04	12943.25	10909.04	11225.04	273126.06	271027.81	185507.83	164083.83	51528.86	89295.83	49344.86	39130.32	36509.86	719.50	191.00	0.00		|
|1370965.38	1370257.50	1368532.50	1364480.88	1363483.75	1363377.88	1346715.88	1345854.12	1319518.12	1318188.12	1307955.12	1110281.25	1191671.12	1109999.62	1109805.12	1128408.62	1096911.75	1093745.00	1092284.75	1074377.75	1070892.50	1070295.12	1058717.75	1037977.19	1015010.75	1013377.44	998630.44	961225.81	994320.75	959641.50	939142.75	904521.06	904411.31	865136.62	865954.19	864265.31	747736.31	705995.31	705936.31	637784.31	611216.19	510614.19	507617.38	412476.22	411671.38	418826.38	336692.06	334094.84	180904.84	44435.43	2626.71	64291.09	40019.43	1941.00	0.00	1071.00	234.00	7968.00	10495.00	8131.29	10960.50	8926.299242.29	9303.51	270855.97	185335.97	163911.97	51357.00	89123.97	49173.00	38958.47	36338.00	547.64	19.14	4.40		|
|1381077.88	1380370.00	1378645.00	1374593.38	1373596.25	1373490.38	1356828.38	1355966.62	1329630.62	1328300.62	1318067.62	1120393.75	1201783.62	1120112.12	1119917.62	1138521.12	1107024.25	1103857.50	1102397.25	1084490.25	1081005.00	1080407.62	1068830.25	1048089.69	1025123.25	1023489.94	1008742.94	971338.31	1004433.25	969754.00	949255.25	914633.56	914523.81	875249.12	876066.69	874377.81	757848.81	716107.81	716048.81	647896.81	621328.69	520726.69	517729.88	422588.72	421783.88	428938.88	346804.56	344207.34	191017.34	54547.93	12739.21	74403.59	50131.93	12053.50	10112.50	0.00	0.00	6897.00	9424.00	7060.29	9889.507855.29	8171.29	8232.51	271062.81	185542.83	164118.83	51563.86	89330.83	49379.86	39165.32	36544.86	754.50	226.00	10116.90		|
|1439044.88	1438337.00	1436612.00	1432560.38	1431563.25	1431457.38	1414795.38	1413933.62	1387597.62	1386267.62	1376034.62	1178360.75	1259750.62	1178079.12	1177884.62	1196488.12	1164991.25	1161824.50	1160364.25	1142457.25	1138972.00	1138374.62	1126797.25	1106056.75	1083090.38	1081457.00	1066710.00	1029305.31	1062400.25	1027721.00	1007222.25	972600.56	972490.81	933216.12	934033.69	932344.81	815815.81	774074.81	774015.81	705863.81	679295.69	578693.69	575696.88	480555.72	479750.88	486905.88	404771.56	402174.34	248984.34	112514.92	70706.21	132370.59	108098.92	70020.50	68079.50	57967.00	0.00	197.33	67391.00	360.62	531.12	1155.62	1471.62	1532.84	1575.90	185437.42	164013.42	51458.46	89225.42	49274.46	39059.93	36439.46	649.10	120.60	0.00		|
|1455801.88	1455094.00	1453369.00	1449317.38	1448320.25	1448214.38	1431552.38	1430690.62	1404354.62	1403024.62	1392791.62	1195117.75	1276507.62	1194836.12	1194641.62	1213245.12	1181748.25	1178581.50	1177121.25	1159214.25	1155729.00	1155131.62	1143554.25	1122813.75	1099847.38	1098214.00	1083467.00	1046062.31	1079157.25	1044478.00	1023979.25	989357.56	989247.81	949973.12	950790.69	949101.81	832572.81	790831.81	790772.81	722620.81	696052.69	595450.69	592453.88	497312.72	496507.88	503662.88	421528.56	418931.34	265741.34	129271.92	87463.21	149127.59	124855.92	86777.50	84836.50	74724.00	16757.00	0.00	977.29163.29	333.79	958.29	1274.29	1335.51	1378.57	3518.57	163900.53	51345.57	89112.54	49161.57	38947.04	36326.57	536.21	7.71	0.00		|
|1456129.88	1455422.00	1453697.00	1449645.38	1448648.25	1448542.38	1431880.38	1431018.62	1404682.62	1403352.62	1393119.62	1195445.75	1276835.62	1195164.12	1194969.62	1213573.12	1182076.25	1178909.50	1177449.25	1159542.25	1156057.00	1155459.62	1143882.25	1123141.75	1100175.38	1098542.00	1083795.00	1046390.31	1079485.25	1044806.00	1024307.25	989685.56	989575.81	950301.12	951118.69	949429.81	832900.81	791159.81	791100.81	722948.81	696380.69	595778.69	592781.88	497640.72	496835.88	503990.88	421856.53	419259.31	266069.31	129599.91	87791.20	149455.58	125183.91	87105.48	85164.48	75051.98	17084.98	327.98	0.00	0.00	465.50	806.00	504.99	566.21	609.28	2749.28	130763.97	18209.00	55975.97	16025.00	5810.47	3190.00	0.00	1965.67	0.00		|
|1509666.88	1508959.00	1507234.00	1503182.38	1502185.25	1502079.38	1485417.38	1484555.62	1458219.62	1456889.62	1446656.62	1248982.75	1330372.62	1248701.12	1248506.62	1267110.12	1235613.25	1232446.50	1230986.25	1213079.25	1209594.00	1208996.62	1197419.25	1176678.75	1153712.38	1152079.00	1137332.00	1099927.38	1133022.25	1098343.00	1077844.25	1043222.56	1043112.81	1003838.12	1004655.69	1002966.81	886437.81	844696.81	844637.81	776485.81	749917.69	649315.69	646318.88	551177.69	550372.88	557527.88	475393.56	472796.34	319606.34	183136.92	141328.22	202992.59	178720.92	140642.50	138701.50	128589.00	70622.00	53865.00	814.00	0.00	170.50	795.00	1111.00	1172.22	1215.29	3355.29	3618.14	51348.14	89115.11	49164.14	38949.61	36329.14	538.79	10.29	3.75		|
|1458786.62	1458078.75	1456353.75	1452302.12	1451305.00	1451199.12	1434537.12	1433675.38	1407339.38	1406009.38	1395776.38	1198102.50	1279492.38	1197820.88	1197626.38	1216229.88	1184733.00	1181566.25	1180106.00	1162199.00	1158713.75	1158116.38	1146539.00	1125798.50	1102832.12	1101198.75	1086451.75	1049047.00	1082142.00	1047462.69	1026963.94	992342.25	992232.50	952957.81	953775.38	952086.50	835557.50	793816.50	793757.50	725605.50	699037.38	598435.38	595438.56	500297.41	499492.56	506647.56	424513.22	421916.00	268726.00	132256.58	90447.86	152112.25	127840.58	89762.15	87821.15	77708.65	19741.65	2984.65	2656.6725.47	0.00	11.84	39.49	100.71	143.78	2283.78	2546.63	2771.78	89284.83	49333.86	39119.32	36498.86	708.50	180.00	0.00		|
|1594728.25	1594020.38	1592295.38	1588243.75	1587246.62	1587140.75	1570478.75	1569617.00	1543281.00	1541951.00	1531718.00	1334044.12	1415434.00	1333762.50	1333568.00	1352171.50	1320674.62	1317507.88	1316047.62	1298140.62	1294655.38	1294058.00	1282480.62	1261740.12	1238773.75	1237140.38	1222393.38	1184988.75	1218083.62	1183404.38	1162905.62	1128284.00	1128174.25	1088899.50	1089717.12	1088028.25	971499.19	929758.19	929699.19	861547.19	834979.06	734377.06	731380.25	636239.06	635434.25	642589.25	560454.94	557857.69	404667.69	268198.28	226389.56	288053.94	263782.28	225703.84	223762.84	213650.34	155683.34	138926.34	85875.34	85061.34	634.50	0.00	316.00	377.22	420.29	2560.29	2823.14	3048.29	89419.83	49468.86	39254.32	36633.86	843.50	315.00	0.00		|
|1609139.25	1608431.38	1606706.38	1602654.75	1601657.62	1601551.75	1584889.75	1584028.00	1557692.00	1556362.00	1546129.00	1348455.12	1429845.00	1348173.50	1347979.00	1366582.50	1335085.62	1331918.88	1330458.62	1312551.62	1309066.38	1308469.00	1296891.62	1276151.12	1253184.75	1251551.38	1236804.38	1199399.75	1232494.62	1197815.38	1177316.62	1142695.00	1142585.25	1103310.50	1104128.12	1102439.25	985910.31	944169.31	944110.31	875958.31	849390.19	748788.19	745791.38	650650.19	649845.38	657000.38	574866.06	572268.81	419078.81	282609.41	240800.69	302465.06	278193.41	240114.97	238173.97	228061.47	170094.47	153337.47	100286.48	99472.48	15045.64	14411.14	0.00	61.22	104.29	2244.29	2507.14	2732.29	3212.29	49163.86	38949.32	36328.86	0.00	0.00	0.00		|
|1616627.25	1615919.38	1614194.38	1610142.75	1609145.62	1609039.75	1592377.75	1591516.00	1565180.00	1563850.00	1553617.00	1355943.12	1437333.00	1355661.50	1355467.00	1374070.50	1342573.62	1339406.88	1337946.62	1320039.62	1316554.38	1315957.00	1304379.62	1283639.12	1260672.75	1259039.38	1244292.38	1206887.75	1239982.62	1205303.38	1184804.62	1150183.00	1150073.25	1110798.50	1111616.12	1109927.25	993398.31	951657.31	951598.31	883446.31	856878.19	756276.19	753279.38	658138.19	657333.38	664488.38	582354.06	579756.81	426566.81	290097.41	248288.69	309953.06	285681.41	247602.97	245661.97	235549.47	177582.47	160825.47	107774.48	106960.48	22533.64	21899.14	7488.00	0.00	43.06	2183.06	2445.92	2671.06	3151.06	49283.86	39069.32	36448.86	658.50	130.00	0.00		|
|1649391.75	1648683.88	1646958.88	1642907.25	1641910.12	1641804.25	1625142.25	1624280.50	1597944.50	1596614.50	1586381.50	1388707.62	1470097.50	1388426.00	1388231.50	1406835.00	1375338.12	1372171.38	1370711.12	1352804.12	1349318.88	1348721.50	1337144.12	1316403.62	1293437.25	1291803.88	1277056.88	1239652.25	1272747.12	1238067.88	1217569.12	1182947.50	1182837.75	1143563.00	1144380.62	1142691.75	1026162.81	984421.81	984362.81	916210.81	889642.69	789040.69	786043.88	690902.69	690097.88	697252.88	615118.56	612521.31	459331.31	322861.91	281053.19	342717.56	318445.91	280367.47	278426.47	268313.97	210346.97	193589.97	140538.97	139724.97	55298.14	54663.64	40252.50	2098.25	0.00	2140.00	2402.86	2628.00	3108.00	3196.20	40909.99	38289.52	27.29	1970.67	8.00		|
|1734911.75	1734203.88	1732478.88	1728427.25	1727430.12	1727324.25	1710662.25	1709800.50	1683464.50	1682134.50	1671901.50	1474227.62	1555617.50	1473946.00	1473751.50	1492355.00	1460858.12	1457691.38	1456231.12	1438324.12	1434838.88	1434241.50	1422664.12	1401923.62	1378957.25	1377323.88	1362576.88	1325172.25	1358267.12	1323587.88	1303089.12	1268467.50	1268357.75	1229083.00	1229900.62	1228211.75	1111682.75	1069941.75	1069882.75	1001730.81	975162.69	874560.69	871563.88	776422.69	775617.88	782772.88	700638.56	698041.31	544851.31	408381.91	366573.19	428237.56	403965.91	365887.47	363946.47	353833.97	295866.97	279109.97	226058.97	225244.97	140818.14	140183.64	125772.50	87618.25	85520.00	0.00	262.86	488.00	968.00	1056.20	39029.32	36408.86	24.00	90.00	14.88		|
|1756335.75	1755627.88	1753902.88	1749851.25	1748854.12	1748748.25	1732086.25	1731224.50	1704888.50	1703558.50	1693325.50	1495651.62	1577041.50	1495370.00	1495175.50	1513779.00	1482282.12	1479115.38	1477655.12	1459748.12	1456262.88	1455665.50	1444088.12	1423347.62	1400381.25	1398747.88	1384000.88	1346596.25	1379691.12	1345011.88	1324513.12	1289891.50	1289781.75	1250507.00	1251324.62	1249635.75	1133106.75	1091365.75	1091306.75	1023154.81	996586.69	895984.69	892987.88	797846.69	797041.88	804196.88	722062.56	719465.31	566275.31	429805.91	387997.19	449661.56	425389.91	387311.47	385370.47	375257.97	317290.97	300533.97	247482.97	246668.97	162242.14	161607.64	147196.50	109042.25	106944.00	21424.00	0.00	0.00	486.00	574.20	501.00	36324.86	534.50	0.00	0.00		|
|1735315.12	1734607.25	1732882.25	1728830.62	1727833.50	1727727.62	1711065.62	1710203.88	1683867.88	1682537.88	1672304.88	1474631.00	1556020.88	1474349.38	1474154.88	1492758.38	1461261.50	1458094.75	1456634.50	1438727.50	1435242.25	1434644.88	1423067.50	1402327.00	1379360.62	1377727.25	1362980.25	1325575.62	1358670.50	1323991.25	1303492.50	1268870.88	1268761.12	1229486.38	1230304.00	1228615.12	1112086.12	1070345.12	1070286.12	1002134.12	975566.00	874964.00	871967.19	776826.00	776021.19	783176.19	701041.88	698444.62	545254.62	408785.25	366976.53	428640.91	404369.25	366290.81	364349.81	354237.31	296270.31	279513.31	226462.31	225648.31	141221.48	140586.98	126175.84	88021.59	85923.34	403.35	75268.00	0.00	480.00	568.20	495.00	36326.36	536.00	7.50	4.49		|
|1831123.88	1830416.00	1828691.00	1824639.38	1823642.25	1823536.38	1806874.38	1806012.62	1779676.62	1778346.62	1768113.62	1570439.75	1651829.62	1570158.12	1569963.62	1588567.12	1557070.25	1553903.50	1552443.25	1534536.25	1531051.00	1530453.62	1518876.25	1498135.75	1475169.38	1473536.00	1458789.00	1421384.38	1454479.25	1419800.00	1399301.25	1364679.62	1364569.88	1325295.12	1326112.75	1324423.88	1207894.88	1166153.88	1166094.88	1097942.88	1071374.75	970772.69	967775.88	872634.69	871829.88	878984.88	796850.56	794253.31	641063.31	504593.91	462785.19	524449.56	500177.91	462099.47	460158.47	450045.97	392078.97	375321.97	322270.97	321456.97	237030.14	236395.64	221984.50	183830.25	181732.00	96212.00	74788.00	0.00	0.00	88.20	0.00	26.00	0.00	0.00	0.00		|
|1831477.00	1830769.12	1829044.12	1824992.50	1823995.38	1823889.50	1807227.50	1806365.75	1780029.75	1778699.75	1768466.75	1570792.88	1652182.75	1570511.25	1570316.75	1588920.25	1557423.38	1554256.62	1552796.38	1534889.38	1531404.12	1530806.75	1519229.38	1498488.88	1475522.50	1473889.12	1459142.12	1421737.50	1454832.38	1420153.12	1399654.38	1365032.75	1364923.00	1325648.25	1326465.88	1324777.00	1208248.00	1166507.00	1166448.00	1098296.00	1071727.88	971125.88	968129.06	872987.88	872183.06	879338.06	797203.75	794606.50	641416.50	504947.06	463138.34	524802.75	500531.06	462452.62	460511.62	450399.12	392432.12	375675.12	322624.12	321810.12	237383.28	236748.78	222337.64	184183.39	182085.14	96565.14	75141.14	2184.00	353.14	0.00	21.43	0.00	537.50	0.00	12.00		|
|1881289.38	1880581.50	1878856.50	1874804.88	1873807.75	1873701.88	1857039.88	1856178.12	1829842.12	1828512.12	1818279.12	1620605.25	1701995.12	1620323.62	1620129.12	1638732.62	1607235.75	1604069.00	1602608.75	1584701.75	1581216.50	1580619.12	1569041.75	1548301.25	1525334.88	1523701.50	1508954.50	1471549.88	1504644.75	1469965.50	1449466.75	1414845.12	1414735.38	1375460.62	1376278.25	1374589.38	1258060.38	1216319.38	1216260.38	1148108.38	1121540.25	1020938.25	1017941.44	922800.25	921995.44	929150.44	847016.12	844418.88	691228.88	554759.44	512950.72	574615.12	550343.44	512265.00	510324.00	500211.50	442244.50	425487.50	372436.50	371622.50	287195.66	286561.16	272150.00	233995.75	231897.50	146377.50	124953.50	50177.50	50165.50	30.25	0.00	0.00	21.53	1964.91	2.24		|
|1883909.88	1883202.00	1881477.00	1877425.38	1876428.25	1876322.38	1859660.38	1858798.62	1832462.62	1831132.62	1820899.62	1623225.75	1704615.62	1622944.12	1622749.62	1641353.12	1609856.25	1606689.50	1605229.25	1587322.25	1583837.00	1583239.62	1571662.25	1550921.75	1527955.38	1526322.00	1511575.00	1474170.38	1507265.25	1472586.00	1452087.25	1417465.62	1417355.88	1378081.12	1378898.75	1377209.88	1260680.88	1218939.88	1218880.88	1150728.88	1124160.75	1023558.69	1020561.88	925420.69	924615.88	931770.88	849636.56	847039.31	693849.31	557379.88	515571.19	577235.56	552963.88	514885.47	512944.47	502831.97	444864.97	428107.97	375056.97	374242.97	289816.12	289181.62	274770.47	236616.22	234517.97	148997.97	127573.97	15019.00	52785.97	12835.00	2620.47	0.00	81.25	0.00	0.00	|
|1836119.50	1835411.62	1833686.62	1829635.00	1828637.88	1828532.00	1811870.00	1811008.25	1784672.25	1783342.25	1773109.25	1575435.38	1656825.25	1575153.75	1574959.25	1593562.75	1562065.88	1558899.12	1557438.88	1539531.88	1536046.62	1535449.25	1523871.88	1503131.38	1480165.00	1478531.62	1463784.62	1426380.00	1459474.88	1424795.62	1404296.88	1369675.25	1369565.50	1330290.75	1331108.38	1329419.50	1212890.50	1171149.50	1171090.50	1102938.50	1076370.38	975768.38	972771.56	877630.38	876825.56	883980.56	801846.25	799249.00	646059.00	509589.56	467780.84	529445.25	505173.56	467095.12	465154.12	455041.62	397074.62	380317.62	327266.62	326452.62	242025.78	241391.28	226980.14	188825.89	186727.64	101207.64	79783.64	6826.50	4995.64	4642.50	4663.93	38599.52	0.00	2280.67	318.00		|
|1920228.75	1919520.88	1917795.88	1913744.25	1912747.12	1912641.25	1895979.25	1895117.50	1868781.50	1867451.50	1857218.50	1659544.62	1740934.50	1659263.00	1659068.50	1677672.00	1646175.12	1643008.38	1641548.12	1623641.12	1620155.88	1619558.50	1607981.12	1587240.62	1564274.25	1562640.88	1547893.88	1510489.25	1543584.12	1508904.88	1488406.12	1453784.50	1453674.75	1414400.00	1415217.62	1413528.75	1296999.75	1255258.75	1255199.75	1187047.75	1160479.62	1059877.62	1056880.75	961739.56	960934.75	968089.75	885955.44	883358.19	730168.19	593698.75	551890.00	613554.44	589282.75	551204.31	549263.31	539150.81	481183.81	464426.81	411375.81	410561.81	326134.97	325500.47	311089.31	272935.06	270836.81	185316.83	163892.83	51337.86	89104.83	49153.86	38939.32	36318.86	528.500.00	18.00		|
|1922191.50	1921483.62	1919758.62	1915707.00	1914709.88	1914604.00	1897942.00	1897080.25	1870744.25	1869414.25	1859181.25	1661507.38	1742897.25	1661225.75	1661031.25	1679634.75	1648137.88	1644971.12	1643510.88	1625603.88	1622118.62	1621521.25	1609943.88	1589203.38	1566237.00	1564603.62	1549856.62	1512452.00	1545546.88	1510867.62	1490368.88	1455747.25	1455637.50	1416362.75	1417180.38	1415491.50	1298962.50	1257221.50	1257162.50	1189010.50	1162442.38	1061840.38	1058843.50	963702.25	962897.44	970052.44	887918.12	885320.88	732130.88	595661.44	553852.69	615517.12	591245.44	553167.00	551226.00	541113.50	483146.50	466389.50	413338.50	412524.50	328097.66	327463.16	313052.00	274897.75	272799.50	187279.50	165855.50	53300.52	91067.49	51116.52	40901.99	38281.52	19.29	1962.67	0.00		|
*****************Final Output :*****************

Shorest Path between source 2 and destination 24 is: 178.


Shorest Path between source 2 and destination 24 is: 64418.87.


Hop Count for source 2 and destination 24 is: 14.

Total Running Time of the Algorithm in Seconds is 0.0581370


Total no.of Key-Basic Operations are : 245815

***********************************

