****************************************************

SingleNodeAtATime

Size of Given input Graph is : 20
Path Matrix :
|	(1,)		(1,14,2,)		(1,12,17,18,3,)		(1,12,17,4,)		(1,14,2,5,)		(1,14,6,)		(1,7,)		(1,12,17,4,16,8,)		(1,12,9,)		(1,11,10,)	(1,11,)		(1,12,)		(1,12,17,18,13,)		(1,14,)		(1,14,15,)		(1,12,17,4,16,)		(1,12,17,)		(1,12,17,18,)		(1,12,17,18,19,)		(1,20,)		|
|	(2,7,1,)		(2,)		(2,15,18,3,)		(2,7,1,12,17,4,)		(2,5,)		(2,6,)		(2,7,)		(2,19,16,8,)		(2,5,9,)		(2,15,11,10,)		(2,15,11,)		(2,7,1,12,)		(2,15,18,13,)		(2,7,1,14,)		(2,15,)		(2,19,16,)		(2,7,1,12,17,)		(2,15,18,)		(2,19,)		(2,7,1,20,)		|
|	(3,7,1,)		(3,2,)		(3,)		(3,4,)		(3,8,5,)		(3,7,1,14,6,)		(3,7,)		(3,8,)		(3,9,)		(3,7,11,10,)		(3,7,11,)		(3,7,1,12,)		(3,7,1,12,17,18,13,)		(3,7,1,14,)		(3,4,15,)		(3,4,16,)		(3,7,1,12,17,)		(3,7,1,12,17,18,)		(3,2,19,)		(3,20,)		|
|	(4,2,7,1,)		(4,2,)		(4,15,18,3,)		(4,)		(4,15,5,)		(4,15,18,14,6,)		(4,2,7,)		(4,16,8,)		(4,15,9,)		(4,15,11,10,)		(4,15,11,)		(4,15,12,)		(4,15,18,13,)		(4,15,18,14,)		(4,15,)		(4,16,)		(4,15,12,17,)		(4,15,18,)		(4,2,19,)		(4,15,18,3,20,)		|
|	(5,15,18,1,)		(5,15,18,14,2,)		(5,3,)		(5,4,)		(5,)		(5,15,18,14,6,)		(5,3,7,)		(5,15,8,)		(5,9,)		(5,15,11,10,)		(5,15,11,)	(5,15,12,)		(5,15,18,13,)		(5,15,18,14,)		(5,15,)		(5,4,16,)		(5,15,12,17,)		(5,15,18,)		(5,15,19,)		(5,3,20,)		|
|	(6,7,1,)		(6,2,)		(6,3,)		(6,12,17,4,)		(6,2,5,)		(6,)		(6,7,)		(6,3,8,)		(6,12,9,)		(6,18,13,10,)		(6,7,11,)	(6,12,)		(6,18,13,)		(6,14,)		(6,2,15,)		(6,2,19,16,)		(6,12,17,)		(6,18,)		(6,2,19,)		(6,3,20,)		|
|	(7,1,)		(7,1,14,2,)		(7,1,12,17,18,3,)		(7,1,12,17,4,)		(7,1,14,2,5,)		(7,1,14,6,)		(7,)		(7,1,12,17,4,16,8,)		(7,1,12,9,)		(7,11,10,)		(7,11,)		(7,1,12,)		(7,1,12,17,18,13,)		(7,1,14,)		(7,1,14,15,)		(7,1,12,17,4,16,)		(7,1,12,17,)		(7,1,12,17,18,)		(7,1,12,17,18,19,)		(7,1,20,)		|
|	(8,5,15,18,1,)		(8,5,15,18,14,2,)		(8,5,3,)		(8,5,4,)		(8,5,)		(8,5,15,18,14,6,)		(8,5,3,7,)		(8,)		(8,5,9,)		(8,5,15,11,10,)		(8,5,15,11,)		(8,5,15,12,)		(8,5,15,18,13,)		(8,5,15,18,14,)		(8,5,15,)		(8,5,4,16,)		(8,5,15,12,17,)		(8,5,15,18,)		(8,5,15,19,)	(8,5,3,20,)		|
|	(9,12,17,18,1,)		(9,12,17,18,14,2,)		(9,12,17,18,3,)		(9,12,17,4,)		(9,12,17,18,14,2,5,)		(9,12,17,18,14,6,)		(9,12,17,18,3,7,)		(9,12,17,4,16,8,)	(9,)		(9,12,17,11,10,)		(9,12,17,11,)		(9,12,)		(9,12,17,18,13,)		(9,12,17,18,14,)		(9,12,17,18,14,15,)		(9,12,17,4,16,)		(9,12,17,)		(9,12,17,18,)		(9,12,17,18,19,)		(9,12,17,18,3,20,)		|
|	(10,13,1,)		(10,2,)		(10,13,1,12,17,18,3,)		(10,13,1,12,17,4,)		(10,2,5,)		(10,13,1,14,6,)		(10,2,7,)		(10,19,16,8,)		(10,13,1,12,9,)		(10,)		(10,13,1,11,)		(10,13,1,12,)		(10,13,)		(10,13,1,14,)		(10,2,15,)		(10,19,16,)		(10,13,1,12,17,)		(10,13,1,12,17,18,)		(10,19,)		(10,13,1,20,)		|
|	(11,7,1,)		(11,4,2,)		(11,18,3,)		(11,4,)		(11,4,15,5,)		(11,14,6,)		(11,7,)		(11,4,16,8,)		(11,12,9,)		(11,10,)		(11,)		(11,12,)		(11,10,13,)		(11,14,)		(11,4,15,)		(11,4,16,)		(11,12,17,)		(11,18,)		(11,10,19,)		(11,20,)		|
|	(12,17,18,1,)		(12,17,18,14,2,)		(12,17,18,3,)		(12,17,4,)		(12,17,18,14,2,5,)		(12,17,18,14,6,)		(12,17,18,3,7,)		(12,17,4,16,8,)		(12,9,)(12,17,11,10,)		(12,17,11,)		(12,)		(12,17,18,13,)		(12,17,18,14,)		(12,17,18,14,15,)		(12,17,4,16,)		(12,17,)		(12,17,18,)		(12,17,18,19,)(12,17,18,3,20,)		|
|	(13,1,)		(13,1,14,2,)		(13,1,12,17,18,3,)		(13,1,12,17,4,)		(13,1,14,2,5,)		(13,1,14,6,)		(13,1,7,)		(13,1,12,17,4,16,8,)		(13,1,12,9,)		(13,10,)		(13,1,11,)		(13,1,12,)		(13,)		(13,1,14,)		(13,1,14,15,)		(13,1,12,17,4,16,)		(13,1,12,17,)		(13,1,12,17,18,)		(13,10,19,)	(13,1,20,)		|
|	(14,6,7,1,)		(14,2,)		(14,3,)		(14,6,12,17,4,)		(14,2,5,)		(14,6,)		(14,6,7,)		(14,15,8,)		(14,15,9,)		(14,13,10,)		(14,15,11,)		(14,6,12,)		(14,13,)		(14,)		(14,15,)		(14,2,19,16,)		(14,6,12,17,)		(14,6,18,)		(14,2,19,)		(14,3,20,)		|
|	(15,18,1,)		(15,18,14,2,)		(15,18,3,)		(15,11,4,)		(15,5,)		(15,18,14,6,)		(15,18,3,7,)		(15,8,)		(15,9,)		(15,11,10,)		(15,11,)		(15,12,)		(15,18,13,)		(15,18,14,)		(15,)		(15,19,16,)		(15,12,17,)		(15,18,)		(15,19,)		(15,18,3,20,)		|
|	(16,18,1,)		(16,18,14,2,)		(16,18,3,)		(16,18,3,4,)		(16,8,5,)		(16,18,14,6,)		(16,18,3,7,)		(16,8,)		(16,18,3,9,)		(16,18,13,10,)(16,15,11,)		(16,18,1,12,)		(16,18,13,)		(16,18,14,)		(16,15,)		(16,)		(16,18,1,12,17,)		(16,18,)		(16,18,19,)		(16,18,3,20,)	|
|	(17,18,1,)		(17,18,14,2,)		(17,18,3,)		(17,4,)		(17,18,14,2,5,)		(17,18,14,6,)		(17,18,3,7,)		(17,4,16,8,)		(17,18,3,9,)		(17,11,10,)	(17,11,)		(17,18,1,12,)		(17,18,13,)		(17,18,14,)		(17,18,14,15,)		(17,4,16,)		(17,)		(17,18,)		(17,18,19,)		(17,18,3,20,)		|
|	(18,1,)		(18,14,2,)		(18,3,)		(18,3,4,)		(18,14,2,5,)		(18,14,6,)		(18,3,7,)		(18,3,8,)		(18,3,9,)		(18,13,10,)		(18,1,11,)		(18,1,12,)		(18,13,)		(18,14,)		(18,14,15,)		(18,19,16,)		(18,1,12,17,)		(18,)		(18,19,)		(18,3,20,)		|
|	(19,16,18,1,)		(19,16,18,14,2,)		(19,16,18,3,)		(19,16,18,3,4,)		(19,16,8,5,)		(19,16,18,14,6,)		(19,16,18,3,7,)		(19,16,8,)		(19,16,18,3,9,)(19,16,18,13,10,)		(19,16,15,11,)		(19,16,18,1,12,)		(19,16,18,13,)		(19,16,18,14,)		(19,16,15,)		(19,16,)		(19,16,18,1,12,17,)		(19,16,18,)	(19,)		(19,16,18,3,20,)		|
|	(20,4,2,7,1,)		(20,4,2,)		(20,4,15,18,3,)		(20,4,)		(20,4,15,5,)		(20,4,15,18,14,6,)		(20,4,2,7,)		(20,4,16,8,)		(20,4,15,9,)		(20,4,15,11,10,)		(20,4,15,11,)		(20,4,15,12,)		(20,4,15,18,13,)		(20,4,15,18,14,)		(20,4,15,)		(20,4,16,)		(20,4,15,12,17,)		(20,4,15,18,)	(20,4,2,19,)		(20,)		|
Hop Count Matrix :
|0	2	4	3	3	2	1	5	2	2	1	1	4	1	2	4	2	3	4	1		|
|2	0	3	5	1	1	1	3	2	3	2	3	3	3	1	2	4	2	1	3		|
|2	1	0	1	2	4	1	1	1	3	2	3	6	3	2	2	4	5	2	1		|
|3	1	3	0	2	4	2	2	2	3	2	2	3	3	1	1	3	2	2	4		|
|3	4	1	1	0	4	2	2	1	3	2	2	3	3	1	2	3	2	2	2		|
|2	1	1	3	2	0	1	2	2	3	2	1	2	1	2	3	2	1	2	2		|
|1	3	5	4	4	3	0	6	3	2	1	2	5	2	3	5	3	4	5	2		|
|4	5	2	2	1	5	3	0	2	4	3	3	4	4	2	3	4	3	3	3		|
|4	5	4	3	6	5	5	5	0	4	3	1	4	4	5	4	2	3	4	5		|
|2	1	6	5	2	4	2	3	4	0	3	3	1	3	2	2	4	5	1	3		|
|2	2	2	1	3	2	1	3	2	1	0	1	2	1	2	2	2	1	2	1		|
|3	4	3	2	5	4	4	4	1	3	2	0	3	3	4	3	1	2	3	4		|
|1	3	5	4	4	3	2	6	3	1	2	2	0	2	3	5	3	4	2	2		|
|3	1	1	4	2	1	2	2	2	2	2	2	1	0	1	3	3	2	2	2		|
|2	3	2	2	1	3	3	1	1	2	1	1	2	2	0	2	2	1	1	3		|
|2	3	2	3	2	3	3	1	3	3	2	3	2	2	1	0	4	1	2	3		|
|2	3	2	1	4	3	3	3	3	2	1	3	2	2	3	2	0	1	2	3		|
|1	2	1	2	3	2	2	2	2	2	2	2	1	1	2	2	3	0	1	2		|
|3	4	3	4	3	4	4	2	4	4	3	4	3	3	2	1	5	2	0	4		|
|4	2	4	1	3	5	3	3	3	4	3	3	4	4	2	2	4	3	3	0		|
Congestion Edge Matrix :
|0.00	-nan	-nan	-nan	-nan	-nan	266.18	-nan	-nan	-nan	144.57	2.89	-nan	25.14	-nan	-nan	-nan	-nan	-nan	261.83		|
|-nan	0.00	-nan	-nan	266.03	97.00	262.82	-nan	-nan	-nan	-nan	-nan	-nan	-nan	244.00	-nan	-nan	-nan	239.11	-nan		|
|-nan	126.00	0.00	234.97	-nan	-nan	261.84	160.35	125.33	-nan	-nan	-nan	-nan	-nan	-nan	-nan	-nan	-nan	-nan	244.30		|
|-nan	253.02	-nan	0.00	-nan	-nan	-nan	-nan	-nan	-nan	-nan	-nan	-nan	-nan	243.54	282.17	-nan	-nan	-nan	-nan		|
|-nan	-nan	261.20	94.00	0.00	-nan	-nan	-nan	179.36	-nan	-nan	-nan	-nan	-nan	246.19	-nan	-nan	-nan	-nan	-nan		|
|-nan	3.89	245.21	-nan	-nan	0.00	233.39	-nan	-nan	-nan	-nan	91.00	-nan	97.00	-nan	-nan	-nan	174.06	-nan	-nan		|
|16.83	-nan	-nan	-nan	-nan	-nan	0.00	-nan	-nan	-nan	95.00	-nan	-nan	-nan	-nan	-nan	-nan	-nan	-nan	-nan		|
|-nan	-nan	-nan	-nan	267.61	-nan	-nan	0.00	-nan	-nan	-nan	-nan	-nan	-nan	-nan	-nan	-nan	-nan	-nan	-nan		|
|-nan	-nan	-nan	-nan	-nan	-nan	-nan	-nan	0.00	-nan	-nan	254.44	-nan	-nan	-nan	-nan	-nan	-nan	-nan	-nan		|
|-nan	263.51	-nan	-nan	-nan	-nan	-nan	-nan	-nan	0.00	-nan	-nan	16.56	-nan	-nan	-nan	-nan	-nan	202.95	-nan		|
|-nan	-nan	-nan	19.08	-nan	-nan	96.00	-nan	-nan	422.22	0.00	90.00	-nan	96.00	-nan	-nan	-nan	95.00	-nan	90.00		|
|-nan	-nan	-nan	-nan	-nan	-nan	-nan	-nan	214.09	-nan	-nan	0.00	-nan	-nan	-nan	-nan	2.94	-nan	-nan	-nan		|
|261.58	-nan	-nan	-nan	-nan	-nan	-nan	-nan	-nan	135.57	-nan	-nan	0.00	-nan	-nan	-nan	-nan	-nan	-nan	-nan		|
|-nan	18.51	99.00	-nan	-nan	20.44	-nan	-nan	-nan	-nan	-nan	-nan	102.88	0.00	128.39	-nan	-nan	-nan	-nan	-nan		|
|-nan	-nan	-nan	-nan	203.43	-nan	-nan	206.68	168.03	-nan	250.55	221.58	-nan	-nan	0.00	-nan	-nan	28.34	215.23	-nan		|
|-nan	-nan	-nan	-nan	-nan	-nan	-nan	4.99	-nan	-nan	-nan	-nan	-nan	-nan	257.27	0.00	-nan	220.88	-nan	-nan		|
|-nan	-nan	-nan	32.65	-nan	-nan	-nan	-nan	-nan	-nan	175.54	-nan	-nan	-nan	-nan	-nan	0.00	17.31	-nan	-nan		|
|247.78	-nan	18.36	-nan	-nan	-nan	-nan	-nan	-nan	-nan	-nan	-nan	257.67	28.17	-nan	-nan	-nan	0.00	260.32	-nan		|
|-nan	-nan	-nan	-nan	-nan	-nan	-nan	-nan	-nan	-nan	-nan	-nan	-nan	-nan	-nan	265.24	-nan	-nan	0.00	-nan		|
|-nan	-nan	-nan	259.08	-nan	-nan	-nan	-nan	-nan	-nan	-nan	-nan	-nan	-nan	-nan	-nan	-nan	-nan	-nan	0.00		|

Predicted Path Delay Matrix :
|0	17	14	12	113	16	99	109	96	187	92	1	100	9	100	106	2	8	102	98		|
|101	0	112	113	96	97	95	191	189	282	187	102	198	110	96	188	103	106	92	199		|
|102	98	0	91	192	118	96	97	94	286	191	103	202	111	190	185	104	110	190	91		|
|197	96	115	0	189	126	191	97	195	285	190	190	201	119	99	94	191	109	188	206		|
|190	118	97	94	0	117	193	187	93	276	181	181	192	110	90	188	182	100	183	188		|
|99	2	96	102	98	0	93	193	186	280	188	91	183	97	98	190	92	91	94	187		|
|6	23	20	18	119	22	0	115	102	190	95	7	106	15	106	112	8	14	108	104		|
|285	213	192	189	95	212	288	0	188	371	276	276	287	205	185	283	277	195	278	283		|
|191	119	107	105	215	118	203	202	0	286	191	94	193	111	202	199	95	101	195	198		|
|100	98	114	112	194	116	193	189	196	0	192	101	6	109	194	186	102	108	90	198		|
|102	103	101	7	196	103	96	104	185	95	0	90	101	96	106	101	91	95	185	90		|
|97	25	13	11	121	24	109	108	95	192	97	0	99	17	108	105	1	7	101	104		|
|94	111	108	106	207	110	193	203	190	97	186	95	0	103	194	200	96	102	187	192		|
|106	8	99	109	104	7	100	188	187	196	182	98	99	0	91	196	99	98	100	190		|
|100	28	16	98	90	27	112	97	96	186	91	91	102	20	0	189	92	10	93	107		|
|180	108	96	187	98	107	192	3	190	279	190	181	182	100	99	0	182	90	184	187		|
|96	24	12	10	120	23	108	107	106	191	96	97	98	16	107	104	0	6	100	103		|
|90	18	6	97	114	17	102	103	100	189	182	91	92	10	101	190	92	0	94	97		|
|276	204	192	283	194	203	288	99	286	375	286	277	278	196	195	96	278	186	0	283		|
|287	186	205	90	279	216	281	187	285	375	280	280	291	209	189	184	281	199	278	0		|

Final Congestion Actual Delay Matrix :
|0.00	43.64	41.50	38.48	309.68	45.57	266.18	325.64	216.98	566.79	144.57	2.89	280.81	25.14	153.53	320.65	5.83	23.14	283.47	261.83		|
|279.65	0.00	290.70	318.13	266.03	0.00	262.82	509.34	445.39	916.78	494.55	282.54	530.01	304.78	244.00	504.35	285.48	272.34	239.11	541.47		|
|278.66	126.00	0.00	234.97	427.96	324.24	261.84	160.35	125.33	779.06	356.84	281.55	559.47	303.80	478.51	517.14	284.49	301.81	365.11	244.30		|
|532.67	253.02	290.24	0.00	446.96	320.48	515.85	287.16	411.57	916.31	494.09	465.11	529.54	300.05	243.54	282.17	468.05	271.88	492.14	534.54		|
|522.30	321.20	261.20	0.00	0.00	323.13	523.04	452.87	179.36	918.96	496.74	467.76	532.19	302.70	246.19	376.17	470.70	274.53	461.42	505.50		|
|250.21	3.89	245.21	126.59	269.92	0.00	233.39	405.56	305.09	567.29	328.39	0.00	431.73	0.00	247.89	508.24	93.94	174.06	243.00	489.51		|
|16.83	60.47	58.33	55.31	326.50	62.40	0.00	342.47	233.80	517.22	0.00	19.71	297.64	41.96	170.36	337.48	22.65	39.97	300.29	278.65		|
|789.91	588.82	528.81	361.61	267.61	590.74	790.65	0.00	446.97	1186.57	764.35	735.38	799.80	570.31	513.80	643.78	738.32	542.14	729.03	773.11		|
|522.47	321.37	293.05	290.03	587.40	323.30	554.89	577.19	0.00	855.14	432.92	254.44	532.36	302.86	431.25	572.20	257.38	274.69	535.01	537.35		|
|278.14	263.51	319.65	316.62	529.54	323.71	526.33	473.18	495.12	0.00	422.71	281.03	16.56	303.28	507.51	468.18	283.97	301.28	202.95	539.97		|
|112.83	272.10	113.36	19.08	466.04	116.44	0.00	306.24	304.09	422.22	0.00	0.00	438.79	0.00	262.61	301.24	92.94	0.00	625.17	0.00		|
|268.03	66.93	38.62	35.59	332.97	68.86	300.45	322.76	214.09	600.71	178.48	0.00	277.92	48.43	176.82	317.76	2.94	20.25	280.58	282.92		|
|261.58	305.22	303.08	300.06	571.26	307.15	527.76	587.22	478.55	135.57	406.15	264.47	0.00	286.72	415.11	582.23	267.41	284.72	338.51	523.40		|
|270.65	18.51	0.00	147.03	284.54	20.44	253.82	335.07	296.42	238.45	378.94	111.44	102.88	0.00	128.39	522.86	114.38	194.49	257.62	343.30		|
|276.12	75.02	46.70	269.63	203.43	76.95	308.54	206.68	168.03	672.77	250.55	221.58	286.01	56.51	0.00	480.47	224.52	28.34	215.23	291.00		|
|468.66	267.56	239.25	474.22	272.61	269.49	501.08	4.99	364.58	614.12	507.82	471.55	478.55	249.05	257.27	0.00	474.49	220.88	481.21	483.55		|
|265.09	63.99	35.68	32.65	330.03	65.92	297.51	319.82	161.01	597.77	175.54	267.98	274.98	45.49	173.88	314.82	0.00	17.31	277.64	279.98		|
|247.78	46.68	18.36	253.33	312.71	48.61	280.20	178.71	143.70	393.24	392.35	250.67	257.67	28.17	156.56	525.56	253.61	0.00	260.32	262.66		|
|733.90	532.80	504.48	739.45	537.84	534.73	766.32	270.23	629.82	879.36	773.05	736.79	743.79	514.29	522.50	265.24	739.73	486.12	0.00	748.79		|
|791.75	512.10	549.32	259.08	706.04	579.56	774.93	546.24	670.65	1175.39	753.17	724.19	788.62	559.13	502.62	541.25	727.13	530.96	751.22	0.00		|
*****************Final Output :*****************

Shorest Path between source 19 and destination 1 is: 276.


Shorest Path between source 19 and destination 1 is: 733.90.

Hop Count for source 19 and destination 1 is: 3.

Total Running Time of the Algorithm in Seconds is 0.0039360


Total no.of Key-Basic Operations are : 15322

*********************************************
****************************************************

GivenExampleStrategy

Size of Given input Graph is : 20
Path Matrix :
|	(1,)		(1,14,2,)		(1,12,17,18,3,)		(1,12,17,4,)		(1,14,2,5,)		(1,14,6,)		(1,7,)		(1,12,17,4,16,8,)		(1,12,9,)		(1,11,10,)	(1,11,)		(1,12,)		(1,12,17,18,13,)		(1,14,)		(1,14,15,)		(1,12,17,4,16,)		(1,12,17,)		(1,12,17,18,)		(1,12,17,18,19,)		(1,20,)		|
|	(2,7,1,)		(2,)		(2,15,18,3,)		(2,7,1,12,17,4,)		(2,5,)		(2,6,)		(2,7,)		(2,19,16,8,)		(2,5,9,)		(2,15,11,10,)		(2,15,11,)		(2,7,1,12,)		(2,15,18,13,)		(2,7,1,14,)		(2,15,)		(2,19,16,)		(2,7,1,12,17,)		(2,15,18,)		(2,19,)		(2,7,1,20,)		|
|	(3,7,1,)		(3,2,)		(3,)		(3,4,)		(3,8,5,)		(3,7,1,14,6,)		(3,7,)		(3,8,)		(3,9,)		(3,7,11,10,)		(3,7,11,)		(3,7,1,12,)		(3,7,1,12,17,18,13,)		(3,7,1,14,)		(3,4,15,)		(3,4,16,)		(3,7,1,12,17,)		(3,7,1,12,17,18,)		(3,2,19,)		(3,20,)		|
|	(4,2,7,1,)		(4,2,)		(4,15,18,3,)		(4,)		(4,15,5,)		(4,15,18,14,6,)		(4,2,7,)		(4,16,8,)		(4,15,9,)		(4,15,11,10,)		(4,15,11,)		(4,15,12,)		(4,15,18,13,)		(4,15,18,14,)		(4,15,)		(4,16,)		(4,15,12,17,)		(4,15,18,)		(4,2,19,)		(4,15,18,3,20,)		|
|	(5,15,18,1,)		(5,15,18,14,2,)		(5,3,)		(5,4,)		(5,)		(5,15,18,14,6,)		(5,3,7,)		(5,15,8,)		(5,9,)		(5,15,11,10,)		(5,15,11,)	(5,15,12,)		(5,15,18,13,)		(5,15,18,14,)		(5,15,)		(5,4,16,)		(5,15,12,17,)		(5,15,18,)		(5,15,19,)		(5,3,20,)		|
|	(6,7,1,)		(6,2,)		(6,3,)		(6,12,17,4,)		(6,2,5,)		(6,)		(6,7,)		(6,3,8,)		(6,12,9,)		(6,18,13,10,)		(6,7,11,)	(6,12,)		(6,18,13,)		(6,14,)		(6,2,15,)		(6,2,19,16,)		(6,12,17,)		(6,18,)		(6,2,19,)		(6,3,20,)		|
|	(7,1,)		(7,1,14,2,)		(7,1,12,17,18,3,)		(7,1,12,17,4,)		(7,1,14,2,5,)		(7,1,14,6,)		(7,)		(7,1,12,17,4,16,8,)		(7,1,12,9,)		(7,11,10,)		(7,11,)		(7,1,12,)		(7,1,12,17,18,13,)		(7,1,14,)		(7,1,14,15,)		(7,1,12,17,4,16,)		(7,1,12,17,)		(7,1,12,17,18,)		(7,1,12,17,18,19,)		(7,1,20,)		|
|	(8,5,15,18,1,)		(8,5,15,18,14,2,)		(8,5,3,)		(8,5,4,)		(8,5,)		(8,5,15,18,14,6,)		(8,5,3,7,)		(8,)		(8,5,9,)		(8,5,15,11,10,)		(8,5,15,11,)		(8,5,15,12,)		(8,5,15,18,13,)		(8,5,15,18,14,)		(8,5,15,)		(8,5,4,16,)		(8,5,15,12,17,)		(8,5,15,18,)		(8,5,15,19,)	(8,5,3,20,)		|
|	(9,12,17,18,1,)		(9,12,17,18,14,2,)		(9,12,17,18,3,)		(9,12,17,4,)		(9,12,17,18,14,2,5,)		(9,12,17,18,14,6,)		(9,12,17,18,3,7,)		(9,12,17,4,16,8,)	(9,)		(9,12,17,11,10,)		(9,12,17,11,)		(9,12,)		(9,12,17,18,13,)		(9,12,17,18,14,)		(9,12,17,18,14,15,)		(9,12,17,4,16,)		(9,12,17,)		(9,12,17,18,)		(9,12,17,18,19,)		(9,12,17,18,3,20,)		|
|	(10,13,1,)		(10,2,)		(10,13,1,12,17,18,3,)		(10,13,1,12,17,4,)		(10,2,5,)		(10,13,1,14,6,)		(10,2,7,)		(10,19,16,8,)		(10,13,1,12,9,)		(10,)		(10,13,1,11,)		(10,13,1,12,)		(10,13,)		(10,13,1,14,)		(10,2,15,)		(10,19,16,)		(10,13,1,12,17,)		(10,13,1,12,17,18,)		(10,19,)		(10,13,1,20,)		|
|	(11,7,1,)		(11,4,2,)		(11,18,3,)		(11,4,)		(11,4,15,5,)		(11,14,6,)		(11,7,)		(11,4,16,8,)		(11,12,9,)		(11,10,)		(11,)		(11,12,)		(11,10,13,)		(11,14,)		(11,4,15,)		(11,4,16,)		(11,12,17,)		(11,18,)		(11,10,19,)		(11,20,)		|
|	(12,17,18,1,)		(12,17,18,14,2,)		(12,17,18,3,)		(12,17,4,)		(12,17,18,14,2,5,)		(12,17,18,14,6,)		(12,17,18,3,7,)		(12,17,4,16,8,)		(12,9,)(12,17,11,10,)		(12,17,11,)		(12,)		(12,17,18,13,)		(12,17,18,14,)		(12,17,18,14,15,)		(12,17,4,16,)		(12,17,)		(12,17,18,)		(12,17,18,19,)(12,17,18,3,20,)		|
|	(13,1,)		(13,1,14,2,)		(13,1,12,17,18,3,)		(13,1,12,17,4,)		(13,1,14,2,5,)		(13,1,14,6,)		(13,1,7,)		(13,1,12,17,4,16,8,)		(13,1,12,9,)		(13,10,)		(13,1,11,)		(13,1,12,)		(13,)		(13,1,14,)		(13,1,14,15,)		(13,1,12,17,4,16,)		(13,1,12,17,)		(13,1,12,17,18,)		(13,10,19,)	(13,1,20,)		|
|	(14,6,7,1,)		(14,2,)		(14,3,)		(14,6,12,17,4,)		(14,2,5,)		(14,6,)		(14,6,7,)		(14,15,8,)		(14,15,9,)		(14,13,10,)		(14,15,11,)		(14,6,12,)		(14,13,)		(14,)		(14,15,)		(14,2,19,16,)		(14,6,12,17,)		(14,6,18,)		(14,2,19,)		(14,3,20,)		|
|	(15,18,1,)		(15,18,14,2,)		(15,18,3,)		(15,11,4,)		(15,5,)		(15,18,14,6,)		(15,18,3,7,)		(15,8,)		(15,9,)		(15,11,10,)		(15,11,)		(15,12,)		(15,18,13,)		(15,18,14,)		(15,)		(15,19,16,)		(15,12,17,)		(15,18,)		(15,19,)		(15,18,3,20,)		|
|	(16,18,1,)		(16,18,14,2,)		(16,18,3,)		(16,18,3,4,)		(16,8,5,)		(16,18,14,6,)		(16,18,3,7,)		(16,8,)		(16,18,3,9,)		(16,18,13,10,)(16,15,11,)		(16,18,1,12,)		(16,18,13,)		(16,18,14,)		(16,15,)		(16,)		(16,18,1,12,17,)		(16,18,)		(16,18,19,)		(16,18,3,20,)	|
|	(17,18,1,)		(17,18,14,2,)		(17,18,3,)		(17,4,)		(17,18,14,2,5,)		(17,18,14,6,)		(17,18,3,7,)		(17,4,16,8,)		(17,18,3,9,)		(17,11,10,)	(17,11,)		(17,18,1,12,)		(17,18,13,)		(17,18,14,)		(17,18,14,15,)		(17,4,16,)		(17,)		(17,18,)		(17,18,19,)		(17,18,3,20,)		|
|	(18,1,)		(18,14,2,)		(18,3,)		(18,3,4,)		(18,14,2,5,)		(18,14,6,)		(18,3,7,)		(18,3,8,)		(18,3,9,)		(18,13,10,)		(18,1,11,)		(18,1,12,)		(18,13,)		(18,14,)		(18,14,15,)		(18,19,16,)		(18,1,12,17,)		(18,)		(18,19,)		(18,3,20,)		|
|	(19,16,18,1,)		(19,16,18,14,2,)		(19,16,18,3,)		(19,16,18,3,4,)		(19,16,8,5,)		(19,16,18,14,6,)		(19,16,18,3,7,)		(19,16,8,)		(19,16,18,3,9,)(19,16,18,13,10,)		(19,16,15,11,)		(19,16,18,1,12,)		(19,16,18,13,)		(19,16,18,14,)		(19,16,15,)		(19,16,)		(19,16,18,1,12,17,)		(19,16,18,)	(19,)		(19,16,18,3,20,)		|
|	(20,4,2,7,1,)		(20,4,2,)		(20,4,15,18,3,)		(20,4,)		(20,4,15,5,)		(20,4,15,18,14,6,)		(20,4,2,7,)		(20,4,16,8,)		(20,4,15,9,)		(20,4,15,11,10,)		(20,4,15,11,)		(20,4,15,12,)		(20,4,15,18,13,)		(20,4,15,18,14,)		(20,4,15,)		(20,4,16,)		(20,4,15,12,17,)		(20,4,15,18,)	(20,4,2,19,)		(20,)		|
Hop Count Matrix :
|0	2	4	3	3	2	1	5	2	2	1	1	4	1	2	4	2	3	4	1		|
|2	0	3	5	1	1	1	3	2	3	2	3	3	3	1	2	4	2	1	3		|
|2	1	0	1	2	4	1	1	1	3	2	3	6	3	2	2	4	5	2	1		|
|3	1	3	0	2	4	2	2	2	3	2	2	3	3	1	1	3	2	2	4		|
|3	4	1	1	0	4	2	2	1	3	2	2	3	3	1	2	3	2	2	2		|
|2	1	1	3	2	0	1	2	2	3	2	1	2	1	2	3	2	1	2	2		|
|1	3	5	4	4	3	0	6	3	2	1	2	5	2	3	5	3	4	5	2		|
|4	5	2	2	1	5	3	0	2	4	3	3	4	4	2	3	4	3	3	3		|
|4	5	4	3	6	5	5	5	0	4	3	1	4	4	5	4	2	3	4	5		|
|2	1	6	5	2	4	2	3	4	0	3	3	1	3	2	2	4	5	1	3		|
|2	2	2	1	3	2	1	3	2	1	0	1	2	1	2	2	2	1	2	1		|
|3	4	3	2	5	4	4	4	1	3	2	0	3	3	4	3	1	2	3	4		|
|1	3	5	4	4	3	2	6	3	1	2	2	0	2	3	5	3	4	2	2		|
|3	1	1	4	2	1	2	2	2	2	2	2	1	0	1	3	3	2	2	2		|
|2	3	2	2	1	3	3	1	1	2	1	1	2	2	0	2	2	1	1	3		|
|2	3	2	3	2	3	3	1	3	3	2	3	2	2	1	0	4	1	2	3		|
|2	3	2	1	4	3	3	3	3	2	1	3	2	2	3	2	0	1	2	3		|
|1	2	1	2	3	2	2	2	2	2	2	2	1	1	2	2	3	0	1	2		|
|3	4	3	4	3	4	4	2	4	4	3	4	3	3	2	1	5	2	0	4		|
|4	2	4	1	3	5	3	3	3	4	3	3	4	4	2	2	4	3	3	0		|

Congestion Edge Matrix :
|0.00	na	na	na	na	na	4554.00	na	na	na	144.57	29.67	na	517.50	na	na	na	na	na	3348.33		|
|na	0.00	na	na	2616.00	na	2778.75	na	na	na	na	na	na	na	942.55	na	na	na	1076.40	na		|
|na	126.00	0.00	1213.33	na	na	1386.67	174.60	125.33	na	na	na	na	na	na	na	na	na	na	2082.89		|
|na	1392.00	na	0.00	na	na	na	na	na	na	na	na	na	na	745.41	550.57	na	na	na	na		|
|na	na	2570.50	na	0.00	na	na	na	209.25	na	na	na	na	na	2160.00	na	na	na	na	na		|
|na	5.76	1272.00	na	na	0.00	921.55	na	na	na	na	na	na	na	na	na	na	222.44	na	na		|
|1536.00	na	na	na	na	na	0.00	na	na	na	na	na	na	na	na	na	na	na	na	na		|
|na	na	na	na	760.00	na	na	0.00	na	na	na	na	na	na	na	na	na	na	na	na		|
|na	na	na	na	na	na	na	na	0.00	na	na	1297.20	na	na	na	na	na	na	na	na		|
|na	3070.67	na	na	na	na	na	na	na	0.00	na	na	903.00	na	na	na	na	na	360.00	na		|
|na	na	na	480.67	na	na	na	na	na	633.33	0.00	na	na	na	na	na	na	na	na	na		|
|na	na	na	na	na	na	na	na	298.57	na	na	0.00	na	na	na	na	259.50	na	na	na		|
|24628.00	na	na	na	na	na	na	na	na	142.65	na	na	0.00	na	na	na	na	na	na	na		|
|na	40.16	na	na	na	532.00	na	na	na	na	na	na	102.88	0.00	133.82	na	na	na	na	na		|
|na	na	na	na	292.50	na	na	310.40	192.00	na	21612.50	424.67	na	na	0.00	na	na	380.00	279.00	na		|
|na	na	na	na	na	na	na	5.65	na	na	na	na	na	na	1818.00	0.00	na	652.94	na	na		|
|na	na	na	92.00	na	na	na	na	na	na	192.00	na	na	na	na	na	0.00	454.80	na	na		|
|1542.86	na	489.00	na	na	na	na	na	na	na	na	na	2269.33	850.00	na	na	na	0.00	5358.00	na		|
|na	na	na	na	na	na	na	na	na	na	na	na	na	na	na	4152.00	na	na	0.00	na		|
|na	na	na	6300.00	na	na	na	na	na	na	na	na	na	na	na	na	na	na	na	0.00		|

Predicted Path Delay Matrix :
|0	17	14	12	113	16	99	109	96	187	92	1	100	9	100	106	2	8	102	98		|
|101	0	112	113	96	97	95	191	189	282	187	102	198	110	96	188	103	106	92	199		|
|102	98	0	91	192	118	96	97	94	286	191	103	202	111	190	185	104	110	190	91		|
|197	96	115	0	189	126	191	97	195	285	190	190	201	119	99	94	191	109	188	206		|
|190	118	97	94	0	117	193	187	93	276	181	181	192	110	90	188	182	100	183	188		|
|99	2	96	102	98	0	93	193	186	280	188	91	183	97	98	190	92	91	94	187		|
|6	23	20	18	119	22	0	115	102	190	95	7	106	15	106	112	8	14	108	104		|
|285	213	192	189	95	212	288	0	188	371	276	276	287	205	185	283	277	195	278	283		|
|191	119	107	105	215	118	203	202	0	286	191	94	193	111	202	199	95	101	195	198		|
|100	98	114	112	194	116	193	189	196	0	192	101	6	109	194	186	102	108	90	198		|
|102	103	101	7	196	103	96	104	185	95	0	90	101	96	106	101	91	95	185	90		|
|97	25	13	11	121	24	109	108	95	192	97	0	99	17	108	105	1	7	101	104		|
|94	111	108	106	207	110	193	203	190	97	186	95	0	103	194	200	96	102	187	192		|
|106	8	99	109	104	7	100	188	187	196	182	98	99	0	91	196	99	98	100	190		|
|100	28	16	98	90	27	112	97	96	186	91	91	102	20	0	189	92	10	93	107		|
|180	108	96	187	98	107	192	3	190	279	190	181	182	100	99	0	182	90	184	187		|
|96	24	12	10	120	23	108	107	106	191	96	97	98	16	107	104	0	6	100	103		|
|90	18	6	97	114	17	102	103	100	189	182	91	92	10	101	190	92	0	94	97		|
|276	204	192	283	194	203	288	99	286	375	286	277	278	196	195	96	278	186	0	283		|
|287	186	205	90	279	216	281	187	285	375	280	280	291	209	189	184	281	199	278	0		|

Congestion Actual Delay Matrix :
|0.00	557.66	1232.97	381.17	3173.66	1049.50	4554.00	937.39	328.24	777.90	144.57	29.67	3013.30	517.50	651.32	931.74	289.17	743.97	6101.97	3348.33		|
|4314.75	0.00	1811.55	4695.92	2616.00	0.00	2778.75	5234.05	2825.25	23188.38	22555.04	4344.42	3591.88	4832.25	942.55	5228.40	4603.92	1322.55	1076.40	7663.08		|
|2922.67	126.00	0.00	1213.33	934.60	3972.17	1386.67	174.60	125.33	2115.00	1481.67	2952.33	5935.97	3440.17	1958.74	1763.90	3211.83	3666.63	1202.40	2082.89		|
|5706.75	1392.00	1614.41	0.00	1037.91	2507.41	4170.75	556.22	937.41	22991.25	22357.91	1170.08	3394.75	1975.41	745.41	550.57	1429.58	1125.41	2468.40	3697.30		|
|4082.86	3430.16	2570.50	0.00	0.00	3922.00	3957.17	2470.40	209.25	24405.83	23772.50	2584.67	4809.33	3390.00	2160.00	644.57	2844.17	2540.00	2439.00	4653.39		|
|2457.55	5.76	1272.00	442.50	2621.76	0.00	921.55	1446.60	389.57	2634.42	1016.55	0.00	2491.78	0.00	948.31	5234.16	350.50	222.44	1082.16	3354.89		|
|1536.00	2093.66	2768.97	1917.17	4709.66	2585.50	0.00	2473.39	1864.24	728.33	0.00	1565.67	4549.30	2053.50	2187.32	2467.74	1825.17	2279.97	7637.97	4884.33		|
|4842.86	4190.16	3330.50	854.00	760.00	4682.00	4717.17	0.00	969.25	25165.83	24532.50	3344.67	5569.33	4150.00	2920.00	1404.57	3604.17	3300.00	3199.00	5413.39		|
|3554.36	2901.66	2500.50	1648.70	5517.66	3393.50	3887.17	2204.92	0.00	2382.03	1748.70	1297.20	4280.83	2861.50	2995.32	2199.27	1556.70	2011.50	7369.50	4583.39		|
|25531.00	3070.67	26763.97	25912.17	5686.67	26580.50	5849.42	4517.65	25859.24	0.00	25675.57	25560.67	903.00	26048.50	4013.21	4512.00	25820.17	26274.97	360.0028879.33		|
|1632.00	1872.67	584.00	480.67	1518.58	628.00	0.00	1036.89	388.57	633.33	0.00	0.00	1536.33	0.00	1226.08	1031.24	349.50	0.00	993.33	0.00		|
|2257.16	1604.46	1203.30	351.50	4220.46	2096.30	2589.97	907.72	298.57	1084.83	451.50	0.00	2983.63	1564.30	1698.12	902.07	259.50	714.30	6072.30	3286.19		|
|24628.00	25185.66	25860.97	25009.17	27801.66	25677.50	29182.00	25565.38	24956.24	142.65	24772.57	24657.67	0.00	25145.50	25279.32	25559.74	24917.17	25371.97	502.65	27976.33		|
|2989.55	40.16	0.00	974.50	2656.16	532.00	1453.55	444.22	325.82	245.53	21746.32	623.00	102.88	0.00	133.82	5268.56	882.50	754.44	1116.56	2181.89		|
|1922.86	1270.16	869.00	22093.17	292.50	1762.00	2255.67	310.40	192.00	22245.83	21612.50	424.67	2649.33	1230.00	0.00	4431.00	684.17	380.00	279.00	2951.89		|
|2195.80	1543.10	1141.94	2355.27	765.65	2034.94	2528.61	5.65	1267.27	3064.92	23430.50	2225.47	2922.27	1502.94	1818.00	0.00	2484.97	652.94	6010.94	3224.83		|
|1997.66	1344.96	943.80	92.00	3960.96	1836.80	2330.47	648.22	1069.13	825.33	192.00	2027.32	2724.13	1304.80	1438.62	642.57	0.00	454.80	5812.80	3026.69		|
|1542.86	890.16	489.00	1702.33	3506.16	1382.00	1875.67	663.60	614.33	2411.98	1687.43	1572.52	2269.33	850.00	983.82	9510.00	1832.02	0.00	5358.00	2571.89		|
|6347.80	5695.10	5293.94	6507.27	4917.65	6186.94	6680.61	4157.65	5419.27	7216.92	27582.50	6377.46	7074.27	5654.94	5970.00	4152.00	6636.96	4804.94	0.00	7376.83		|
|12006.75	7692.00	7914.41	6300.00	7337.91	8807.41	10470.75	6856.22	7237.41	29291.25	28657.91	7470.08	9694.75	8275.41	7045.41	6850.57	7729.58	7425.41	8768.40	0.00		|
*****************Final Output :*****************

Shorest Path between source 19 and destination 1 is: 276.


Shorest Path between source 19 and destination 1 is: 6347.80.


Hop Count for source 19 and destination 1 is: 3.

Total Running Time of the Algorithm in Seconds is 0.0037900


Total no.of Key-Basic Operations are : 3941

***********************************

