****************************************************

SingleNodeAtATime

Size of Given input Graph is : 20
Path Matrix :
|	(1,)		(1,16,3,2,)		(1,16,3,)		(1,4,)		(1,16,3,2,12,5,)		(1,6,)		(1,6,7,)		(1,8,)		(1,16,9,)		(1,10,)		(1,15,11,)	(1,16,3,2,12,)		(1,6,7,13,)		(1,14,)		(1,15,)		(1,16,)		(1,8,17,)		(1,6,7,18,)		(1,10,19,)		(1,15,20,)		|
|	(2,12,17,1,)		(2,)		(2,12,17,1,16,3,)		(2,12,17,1,4,)		(2,12,5,)		(2,12,17,1,6,)		(2,7,)		(2,12,17,1,8,)		(2,9,)		(2,12,17,1,10,)		(2,12,17,1,15,11,)		(2,12,)		(2,12,17,13,)		(2,12,14,)		(2,12,17,1,15,)		(2,12,17,1,16,)		(2,12,17,)		(2,12,17,18,)		(2,12,17,1,10,19,)		(2,20,)|
|	(3,2,12,17,1,)		(3,2,)		(3,)		(3,2,12,17,1,4,)		(3,2,12,5,)		(3,6,)		(3,6,7,)		(3,2,12,17,1,8,)		(3,2,9,)		(3,11,10,)	(3,11,)		(3,2,12,)		(3,2,12,17,13,)		(3,11,14,)		(3,2,12,17,1,15,)		(3,2,12,17,1,16,)		(3,2,12,17,)		(3,2,12,17,18,)		(3,19,)		(3,2,20,)	|
|	(4,19,17,1,)		(4,19,2,)		(4,7,18,3,)		(4,)		(4,19,2,12,5,)		(4,19,17,1,6,)		(4,7,)		(4,19,17,1,8,)		(4,19,2,9,)		(4,19,10,)		(4,19,17,1,15,11,)		(4,19,2,12,)		(4,7,13,)		(4,19,14,)		(4,19,17,1,15,)		(4,19,17,1,16,)		(4,19,17,)		(4,7,18,)		(4,19,)		(4,7,18,20,)	|
|	(5,11,10,19,17,1,)		(5,11,2,)		(5,11,6,7,18,3,)		(5,11,4,)		(5,)		(5,11,6,)		(5,11,6,7,)		(5,11,10,19,17,1,8,)		(5,11,2,9,)	(5,11,10,)		(5,11,)		(5,11,2,12,)		(5,11,6,7,13,)		(5,11,14,)		(5,11,14,15,)		(5,11,10,19,17,1,16,)		(5,11,10,19,17,)		(5,11,6,7,18,)		(5,11,10,19,)		(5,11,6,7,18,20,)		|
|	(6,7,18,2,12,17,1,)		(6,7,18,2,)		(6,7,18,3,)		(6,7,4,)		(6,7,18,2,12,5,)		(6,)		(6,7,)		(6,7,18,2,12,17,1,8,)		(6,7,18,2,9,)		(6,7,13,19,10,)		(6,7,18,3,11,)		(6,7,18,2,12,)		(6,7,13,)		(6,7,18,2,12,14,)		(6,7,18,2,12,17,1,15,)		(6,7,18,2,12,17,1,16,)		(6,7,18,2,12,17,)		(6,7,18,)		(6,7,13,19,)		(6,7,18,20,)		|
|	(7,18,2,12,17,1,)		(7,18,2,)		(7,18,3,)		(7,4,)		(7,18,2,12,5,)		(7,18,2,12,17,1,6,)		(7,)		(7,18,2,12,17,1,8,)		(7,18,2,9,)		(7,13,19,10,)		(7,18,3,11,)		(7,18,2,12,)		(7,13,)		(7,18,2,12,14,)		(7,18,2,12,17,1,15,)		(7,18,2,12,17,1,16,)		(7,18,2,12,17,)		(7,18,)		(7,13,19,)	(7,18,20,)		|
|	(8,17,1,)		(8,17,1,16,3,2,)		(8,17,1,16,3,)		(8,17,1,4,)		(8,17,12,5,)		(8,6,)		(8,6,7,)		(8,)		(8,17,1,16,9,)		(8,17,1,10,)	(8,17,1,15,11,)		(8,17,12,)		(8,6,7,13,)		(8,17,1,14,)		(8,17,1,15,)		(8,17,1,16,)		(8,17,)		(8,17,18,)		(8,17,1,10,19,)		(8,17,18,20,)		|
|	(9,14,12,17,1,)		(9,14,15,10,19,2,)		(9,14,12,17,1,16,3,)		(9,14,15,11,4,)		(9,14,12,5,)		(9,14,15,11,6,)		(9,14,15,11,6,7,)		(9,14,12,17,1,8,)		(9,)		(9,14,15,10,)		(9,14,15,11,)		(9,14,12,)		(9,14,15,11,6,7,13,)		(9,14,)		(9,14,15,)		(9,14,12,17,1,16,)		(9,14,12,17,)		(9,14,15,11,6,7,18,)		(9,14,15,10,19,)		(9,14,15,20,)		|
|	(10,19,17,1,)		(10,19,2,)		(10,19,17,1,16,3,)		(10,19,17,1,4,)		(10,19,2,12,5,)		(10,6,)		(10,6,7,)		(10,19,17,1,8,)		(10,19,2,9,)		(10,)	(10,19,17,1,15,11,)		(10,19,2,12,)		(10,19,17,13,)		(10,19,14,)		(10,19,17,1,15,)		(10,19,17,1,16,)		(10,19,17,)		(10,19,17,18,)		(10,19,)	(10,19,2,20,)		|
|	(11,10,19,17,1,)		(11,2,)		(11,6,7,18,3,)		(11,4,)		(11,2,12,5,)		(11,6,)		(11,6,7,)		(11,10,19,17,1,8,)		(11,2,9,)		(11,10,)	(11,)		(11,2,12,)		(11,6,7,13,)		(11,14,)		(11,14,15,)		(11,10,19,17,1,16,)		(11,10,19,17,)		(11,6,7,18,)		(11,10,19,)		(11,6,7,18,20,)|
|	(12,17,1,)		(12,17,1,16,3,2,)		(12,17,1,16,3,)		(12,17,1,4,)		(12,5,)		(12,17,1,6,)		(12,17,1,6,7,)		(12,17,1,8,)		(12,17,1,16,9,)		(12,17,1,10,)		(12,17,1,15,11,)		(12,)		(12,17,13,)		(12,14,)		(12,17,1,15,)		(12,17,1,16,)		(12,17,)		(12,17,18,)		(12,17,1,10,19,)	(12,17,18,20,)		|
|	(13,19,17,1,)		(13,19,2,)		(13,19,17,1,16,3,)		(13,4,)		(13,19,2,12,5,)		(13,19,17,1,6,)		(13,4,7,)		(13,19,17,1,8,)		(13,19,2,9,)		(13,19,10,)		(13,19,17,1,15,11,)		(13,19,2,12,)		(13,)		(13,19,14,)		(13,19,17,1,15,)		(13,19,17,1,16,)		(13,19,17,)		(13,19,17,18,)		(13,19,)		(13,19,2,20,)		|
|	(14,12,17,1,)		(14,15,10,19,2,)		(14,12,17,1,16,3,)		(14,15,11,4,)		(14,12,5,)		(14,15,11,6,)		(14,15,11,6,7,)		(14,12,17,1,8,)		(14,15,10,19,2,9,)		(14,15,10,)		(14,15,11,)		(14,12,)		(14,15,11,6,7,13,)		(14,)		(14,15,)		(14,12,17,1,16,)		(14,12,17,)		(14,15,11,6,7,18,)		(14,15,10,19,)		(14,15,20,)		|
|	(15,10,19,17,1,)		(15,10,19,2,)		(15,10,19,17,1,16,3,)		(15,11,4,)		(15,10,19,2,12,5,)		(15,11,6,)		(15,11,6,7,)		(15,10,19,17,1,8,)		(15,10,19,2,9,)		(15,10,)		(15,11,)		(15,10,19,2,12,)		(15,11,6,7,13,)		(15,11,14,)		(15,)		(15,10,19,17,1,16,)		(15,10,19,17,)		(15,11,6,7,18,)		(15,10,19,)		(15,20,)		|
|	(16,3,2,12,17,1,)		(16,3,2,)		(16,3,)		(16,4,)		(16,3,2,12,5,)		(16,3,6,)		(16,4,7,)		(16,3,2,12,17,1,8,)		(16,9,)		(16,3,11,10,)	(16,3,11,)		(16,3,2,12,)		(16,3,2,12,17,13,)		(16,14,)		(16,14,15,)		(16,)		(16,3,2,12,17,)		(16,18,)		(16,3,19,)		(16,3,2,20,)	|
|	(17,1,)		(17,1,16,3,2,)		(17,1,16,3,)		(17,1,4,)		(17,12,5,)		(17,1,6,)		(17,1,6,7,)		(17,1,8,)		(17,1,16,9,)		(17,1,10,)	(17,1,15,11,)		(17,12,)		(17,13,)		(17,1,14,)		(17,1,15,)		(17,1,16,)		(17,)		(17,18,)		(17,1,10,19,)		(17,18,20,)		|
|	(18,2,12,17,1,)		(18,2,)		(18,3,)		(18,4,)		(18,2,12,5,)		(18,2,12,17,1,6,)		(18,4,7,)		(18,2,12,17,1,8,)		(18,2,9,)		(18,2,12,17,1,10,)		(18,3,11,)		(18,2,12,)		(18,2,12,17,13,)		(18,2,12,14,)		(18,2,12,17,1,15,)		(18,2,12,17,1,16,)		(18,2,12,17,)		(18,)		(18,3,19,)		(18,20,)		|
|	(19,17,1,)		(19,2,)		(19,17,1,16,3,)		(19,17,1,4,)		(19,2,12,5,)		(19,17,1,6,)		(19,2,7,)		(19,17,1,8,)		(19,2,9,)		(19,10,)	(19,17,1,15,11,)		(19,2,12,)		(19,17,13,)		(19,14,)		(19,17,1,15,)		(19,17,1,16,)		(19,17,)		(19,17,18,)		(19,)		(19,2,20,)		|
|	(20,4,19,17,1,)		(20,4,19,2,)		(20,4,7,18,3,)		(20,4,)		(20,5,)		(20,5,11,6,)		(20,4,7,)		(20,4,19,17,1,8,)		(20,4,19,2,9,)		(20,5,11,10,)	(20,5,11,)		(20,4,19,2,12,)		(20,4,7,13,)		(20,5,11,14,)		(20,5,11,14,15,)		(20,4,19,17,1,16,)		(20,4,19,17,)		(20,4,7,18,)		(20,4,19,)		(20,)		|
Hop Count Matrix :
|0	3	2	1	5	1	2	1	2	1	2	4	3	1	1	1	2	3	2	2		|
|3	0	5	4	2	4	1	4	1	4	5	1	3	2	4	4	2	3	5	1		|
|4	1	0	5	3	1	2	5	2	2	1	2	4	2	5	5	3	4	1	2		|
|3	2	3	0	4	4	1	4	3	2	5	3	2	2	4	4	2	2	1	3		|
|5	2	5	2	0	2	3	6	3	2	1	3	4	2	3	6	4	4	3	5		|
|6	3	3	2	5	0	1	7	4	4	4	4	2	5	7	7	5	2	3	3		|
|5	2	2	1	4	6	0	6	3	3	3	3	1	4	6	6	4	1	2	2		|
|2	5	4	3	3	1	2	0	4	3	4	2	3	3	3	3	1	2	4	3		|
|4	5	6	4	3	4	5	5	0	3	3	2	6	1	2	5	3	6	4	3		|
|3	2	5	4	4	1	2	4	3	0	5	3	3	2	4	4	2	3	1	3		|
|4	1	4	1	3	1	2	5	2	1	0	2	3	1	2	5	3	3	2	4		|
|2	5	4	3	1	3	4	3	4	3	4	0	2	1	3	3	1	2	4	3		|
|3	2	5	1	4	4	2	4	3	2	5	3	0	2	4	4	2	3	1	3		|
|3	4	5	3	2	3	4	4	5	2	2	1	5	0	1	4	2	5	3	2		|
|4	3	6	2	5	2	3	5	4	1	1	4	4	2	0	5	3	4	2	1		|
|5	2	1	1	4	2	2	6	1	3	2	3	5	1	2	0	4	1	2	3		|
|1	4	3	2	2	2	3	2	3	2	3	1	1	2	2	2	0	1	3	2		|
|4	1	1	1	3	5	2	5	2	5	2	2	4	3	5	5	3	0	2	1		|
|2	1	4	3	3	3	2	3	2	1	4	2	2	1	3	3	1	2	0	2		|
|4	3	4	1	1	3	2	5	4	3	2	4	3	3	4	5	3	3	2	0		|
Congestion Edge Matrix :
|0.00	-nan	-nan	9.50	-nan	4.24	-nan	13.59	-nan	21.62	-nan	-nan	-nan	10.00	9.30	12.44	-nan	-nan	-nan	-nan		|
|-nan	0.00	-nan	-nan	-nan	-nan	7.00	-nan	20.25	-nan	-nan	2.67	-nan	-nan	-nan	-nan	-nan	-nan	-nan	24.73		|
|-nan	5.54	0.00	-nan	-nan	13.39	-nan	-nan	-nan	-nan	9.83	-nan	-nan	-nan	-nan	-nan	-nan	-nan	18.33	-nan		|
|-nan	-nan	-nan	0.00	-nan	-nan	2.26	-nan	-nan	-nan	-nan	-nan	-nan	-nan	-nan	-nan	-nan	-nan	23.25	-nan		|
|-nan	-nan	-nan	-nan	0.00	-nan	-nan	-nan	-nan	-nan	29.39	-nan	-nan	-nan	-nan	-nan	-nan	-nan	-nan	-nan		|
|-nan	-nan	-nan	-nan	-nan	0.00	5.65	-nan	-nan	-nan	-nan	-nan	-nan	-nan	-nan	-nan	-nan	-nan	-nan	-nan		|
|-nan	-nan	-nan	8.00	-nan	-nan	0.00	-nan	-nan	-nan	-nan	-nan	24.58	-nan	-nan	-nan	-nan	17.07	-nan	-nan		|
|-nan	-nan	-nan	-nan	-nan	2.00	-nan	0.00	-nan	-nan	-nan	-nan	-nan	-nan	-nan	-nan	8.46	-nan	-nan	-nan		|
|-nan	-nan	-nan	-nan	-nan	-nan	-nan	-nan	0.00	-nan	-nan	-nan	-nan	16.53	-nan	-nan	-nan	-nan	-nan	-nan		|
|-nan	-nan	-nan	-nan	-nan	18.93	-nan	-nan	-nan	0.00	-nan	-nan	-nan	-nan	-nan	-nan	-nan	-nan	2.56	-nan		|
|-nan	25.76	-nan	6.00	-nan	2.80	-nan	-nan	-nan	21.68	0.00	-nan	-nan	16.31	-nan	-nan	-nan	-nan	-nan	-nan		|
|-nan	-nan	-nan	-nan	12.17	-nan	-nan	-nan	-nan	-nan	-nan	0.00	-nan	21.28	-nan	-nan	5.70	-nan	-nan	-nan		|
|-nan	-nan	-nan	13.45	-nan	-nan	-nan	-nan	-nan	-nan	-nan	-nan	0.00	-nan	-nan	-nan	-nan	-nan	5.60	-nan		|
|-nan	-nan	-nan	-nan	-nan	-nan	-nan	-nan	-nan	-nan	-nan	19.28	-nan	0.00	5.55	-nan	-nan	-nan	-nan	-nan		|
|-nan	-nan	-nan	-nan	-nan	-nan	-nan	-nan	-nan	19.69	4.66	-nan	-nan	-nan	0.00	-nan	-nan	-nan	-nan	16.74		|
|-nan	-nan	2.23	17.42	-nan	-nan	-nan	-nan	4.23	-nan	-nan	-nan	-nan	11.53	-nan	0.00	-nan	9.75	-nan	-nan		|
|2.84	-nan	-nan	-nan	-nan	-nan	-nan	-nan	-nan	-nan	-nan	7.83	25.69	-nan	-nan	-nan	0.00	13.65	-nan	-nan		|
|-nan	10.21	9.10	19.68	-nan	-nan	-nan	-nan	-nan	-nan	-nan	-nan	-nan	-nan	-nan	-nan	-nan	0.00	-nan	13.64		|
|-nan	2.76	-nan	-nan	-nan	-nan	-nan	-nan	-nan	7.00	-nan	-nan	-nan	17.16	-nan	-nan	7.69	-nan	0.00	-nan		|
|-nan	-nan	-nan	26.28	13.92	-nan	-nan	-nan	-nan	-nan	-nan	-nan	-nan	-nan	-nan	-nan	-nan	-nan	-nan	0.00		|

Predicted Path Delay Matrix :
|0	7	5	4	13	2	4	6	6	8	6	8	13	10	4	4	9	10	9	13		|
|4	0	9	8	6	6	7	10	4	12	10	1	13	9	8	8	3	8	13	9		|
|6	2	0	10	8	5	7	12	6	13	5	3	15	11	10	10	5	10	7	11		|
|12	9	15	0	15	14	1	18	13	15	18	10	10	16	16	16	11	7	8	13		|
|23	20	27	16	0	11	13	29	24	18	10	21	22	16	18	27	22	19	19	25		|
|15	11	16	10	17	0	2	21	15	20	21	12	11	20	19	19	14	8	13	14		|
|13	9	14	8	15	15	0	19	13	18	19	10	9	18	17	17	12	6	11	12		|
|4	11	9	8	11	2	4	0	10	12	10	6	13	14	8	8	3	8	13	14		|
|16	17	21	16	18	11	13	22	0	15	10	13	22	6	8	20	15	19	16	17		|
|5	2	10	9	8	7	9	11	6	0	11	3	14	9	9	9	4	9	1	11		|
|13	10	17	6	16	1	3	19	14	8	0	11	12	6	8	17	12	9	9	15		|
|3	10	8	7	5	5	7	9	9	11	9	0	12	8	7	7	2	7	12	13		|
|6	3	11	7	9	8	8	12	7	9	12	4	0	10	10	10	5	10	2	12		|
|10	11	15	10	12	5	7	16	15	9	4	7	16	0	2	14	9	13	10	11		|
|12	9	17	8	15	3	5	18	13	7	2	10	14	8	0	16	11	11	8	9		|
|7	3	1	7	9	6	8	13	2	14	6	4	16	6	8	0	6	6	8	12		|
|1	8	6	5	8	3	5	7	7	9	7	3	10	11	5	5	0	5	10	11		|
|7	3	8	8	9	9	9	13	7	15	13	4	16	12	11	11	6	0	15	6		|
|4	1	9	8	7	6	8	10	5	7	10	2	13	8	8	8	3	8	0	10		|
|22	19	25	10	6	17	11	28	23	24	16	20	20	22	24	26	21	17	18	0		|

Final Congestion Actual Delay Matrix :
|0.00	20.21	14.66	9.50	35.05	4.24	9.90	13.59	16.67	21.62	13.95	22.88	34.48	0.00	9.30	12.44	22.06	26.96	24.19	26.03		|
|11.22	0.00	25.88	20.72	14.85	15.46	0.00	24.81	20.25	32.84	25.17	2.67	34.07	23.95	20.51	23.65	8.37	22.02	35.40	24.73		|
|16.76	5.54	0.00	26.26	20.39	13.39	19.04	30.35	25.79	31.51	9.83	8.22	39.61	26.14	26.06	29.20	13.92	27.56	18.33	30.28		|
|33.78	26.01	28.42	0.00	40.85	38.03	2.26	47.37	46.26	30.25	47.74	28.68	26.84	40.41	43.08	46.22	30.94	19.33	23.25	32.96		|
|64.18	55.16	64.01	35.39	0.00	32.19	37.84	77.77	75.41	51.08	29.39	57.83	62.42	45.70	51.25	76.61	61.33	54.91	53.64	68.55		|
|44.15	32.93	31.82	13.65	47.78	0.00	5.65	57.74	53.18	42.83	41.64	35.61	30.23	56.89	53.45	56.58	41.31	22.72	35.83	36.36		|
|38.50	27.28	26.16	0.00	42.13	42.74	0.00	52.09	47.53	37.18	35.99	29.95	24.58	51.23	47.79	50.93	35.65	17.07	30.18	30.70		|
|11.31	31.51	25.97	20.81	28.46	0.00	7.65	0.00	27.97	32.93	25.26	16.29	32.23	21.31	20.60	23.74	8.46	22.11	35.49	35.75		|
|44.36	47.10	59.02	32.74	47.99	29.54	35.19	57.95	0.00	41.77	26.74	35.81	59.77	16.53	22.08	56.79	41.51	52.25	44.34	38.82		|
|13.10	5.32	27.76	22.60	20.17	18.93	24.58	26.69	25.57	0.00	27.05	8.00	35.95	19.73	22.40	25.53	10.26	23.90	2.56	30.05		|
|34.78	25.76	34.62	0.00	40.61	2.80	8.45	48.37	46.01	21.68	0.00	28.44	33.03	16.31	21.86	47.22	31.94	25.52	24.25	39.15		|
|8.54	28.75	23.20	18.05	12.17	12.79	18.44	22.13	25.21	30.17	22.49	0.00	31.39	21.28	17.84	20.98	5.70	19.35	32.73	32.98		|
|16.14	8.36	30.80	13.45	23.21	20.38	15.71	29.73	28.61	12.60	30.09	11.04	0.00	22.77	25.44	28.58	13.30	26.94	5.60	33.10		|
|27.82	30.57	42.49	16.21	31.46	13.01	18.66	41.42	50.82	25.24	10.21	19.28	43.24	0.00	5.55	40.26	24.98	35.72	27.80	22.29		|
|32.79	25.01	47.45	10.66	39.86	7.45	13.11	46.38	45.26	19.69	4.66	27.69	37.69	20.96	0.00	45.23	29.95	30.17	22.25	16.74		|
|18.99	7.77	2.23	17.42	22.62	15.62	19.68	32.58	4.23	33.74	12.06	10.45	41.84	11.53	17.08	0.00	16.14	9.75	20.56	32.50		|
|2.84	23.05	17.51	12.35	20.00	7.09	12.74	16.43	19.51	24.47	16.80	7.83	25.69	12.84	12.14	15.28	0.00	13.65	27.03	27.28		|
|21.43	10.21	9.10	19.68	25.06	25.67	21.94	35.02	30.46	43.05	18.93	12.89	44.28	34.17	30.73	33.87	18.59	0.00	27.43	13.64		|
|10.54	2.76	25.20	20.04	17.61	14.78	9.76	24.13	23.01	0.00	24.49	5.43	33.39	17.16	19.83	22.97	7.69	21.34	0.00	27.49		|
|60.06	52.29	54.70	26.28	13.92	46.12	28.54	73.65	72.54	65.00	43.32	54.96	53.12	59.63	65.18	72.50	57.22	45.60	49.53	0.00		|
*****************Final Output :*****************

Shorest Path between source 6 and destination 1 is: 15.


Shorest Path between source 6 and destination 1 is: 44.15.

Hop Count for source 6 and destination 1 is: 6.

Total Running Time of the Algorithm in Seconds is 0.0041150


Total no.of Key-Basic Operations are : 16219

*********************************************
****************************************************

GivenExampleStrategy

Size of Given input Graph is : 20
Path Matrix :
|	(1,)		(1,16,3,2,)		(1,16,3,)		(1,4,)		(1,16,3,2,12,5,)		(1,6,)		(1,6,7,)		(1,8,)		(1,16,9,)		(1,10,)		(1,15,11,)	(1,16,3,2,12,)		(1,6,7,13,)		(1,14,)		(1,15,)		(1,16,)		(1,8,17,)		(1,6,7,18,)		(1,10,19,)		(1,15,20,)		|
|	(2,12,17,1,)		(2,)		(2,12,17,1,16,3,)		(2,12,17,1,4,)		(2,12,5,)		(2,12,17,1,6,)		(2,7,)		(2,12,17,1,8,)		(2,9,)		(2,12,17,1,10,)		(2,12,17,1,15,11,)		(2,12,)		(2,12,17,13,)		(2,12,14,)		(2,12,17,1,15,)		(2,12,17,1,16,)		(2,12,17,)		(2,12,17,18,)		(2,12,17,1,10,19,)		(2,20,)|
|	(3,2,12,17,1,)		(3,2,)		(3,)		(3,2,12,17,1,4,)		(3,2,12,5,)		(3,6,)		(3,6,7,)		(3,2,12,17,1,8,)		(3,2,9,)		(3,11,10,)	(3,11,)		(3,2,12,)		(3,2,12,17,13,)		(3,11,14,)		(3,2,12,17,1,15,)		(3,2,12,17,1,16,)		(3,2,12,17,)		(3,2,12,17,18,)		(3,19,)		(3,2,20,)	|
|	(4,19,17,1,)		(4,19,2,)		(4,7,18,3,)		(4,)		(4,19,2,12,5,)		(4,19,17,1,6,)		(4,7,)		(4,19,17,1,8,)		(4,19,2,9,)		(4,19,10,)		(4,19,17,1,15,11,)		(4,19,2,12,)		(4,7,13,)		(4,19,14,)		(4,19,17,1,15,)		(4,19,17,1,16,)		(4,19,17,)		(4,7,18,)		(4,19,)		(4,7,18,20,)	|
|	(5,11,10,19,17,1,)		(5,11,2,)		(5,11,6,7,18,3,)		(5,11,4,)		(5,)		(5,11,6,)		(5,11,6,7,)		(5,11,10,19,17,1,8,)		(5,11,2,9,)	(5,11,10,)		(5,11,)		(5,11,2,12,)		(5,11,6,7,13,)		(5,11,14,)		(5,11,14,15,)		(5,11,10,19,17,1,16,)		(5,11,10,19,17,)		(5,11,6,7,18,)		(5,11,10,19,)		(5,11,6,7,18,20,)		|
|	(6,7,18,2,12,17,1,)		(6,7,18,2,)		(6,7,18,3,)		(6,7,4,)		(6,7,18,2,12,5,)		(6,)		(6,7,)		(6,7,18,2,12,17,1,8,)		(6,7,18,2,9,)		(6,7,13,19,10,)		(6,7,18,3,11,)		(6,7,18,2,12,)		(6,7,13,)		(6,7,18,2,12,14,)		(6,7,18,2,12,17,1,15,)		(6,7,18,2,12,17,1,16,)		(6,7,18,2,12,17,)		(6,7,18,)		(6,7,13,19,)		(6,7,18,20,)		|
|	(7,18,2,12,17,1,)		(7,18,2,)		(7,18,3,)		(7,4,)		(7,18,2,12,5,)		(7,18,2,12,17,1,6,)		(7,)		(7,18,2,12,17,1,8,)		(7,18,2,9,)		(7,13,19,10,)		(7,18,3,11,)		(7,18,2,12,)		(7,13,)		(7,18,2,12,14,)		(7,18,2,12,17,1,15,)		(7,18,2,12,17,1,16,)		(7,18,2,12,17,)		(7,18,)		(7,13,19,)	(7,18,20,)		|
|	(8,17,1,)		(8,17,1,16,3,2,)		(8,17,1,16,3,)		(8,17,1,4,)		(8,17,12,5,)		(8,6,)		(8,6,7,)		(8,)		(8,17,1,16,9,)		(8,17,1,10,)	(8,17,1,15,11,)		(8,17,12,)		(8,6,7,13,)		(8,17,1,14,)		(8,17,1,15,)		(8,17,1,16,)		(8,17,)		(8,17,18,)		(8,17,1,10,19,)		(8,17,18,20,)		|
|	(9,14,12,17,1,)		(9,14,15,10,19,2,)		(9,14,12,17,1,16,3,)		(9,14,15,11,4,)		(9,14,12,5,)		(9,14,15,11,6,)		(9,14,15,11,6,7,)		(9,14,12,17,1,8,)		(9,)		(9,14,15,10,)		(9,14,15,11,)		(9,14,12,)		(9,14,15,11,6,7,13,)		(9,14,)		(9,14,15,)		(9,14,12,17,1,16,)		(9,14,12,17,)		(9,14,15,11,6,7,18,)		(9,14,15,10,19,)		(9,14,15,20,)		|
|	(10,19,17,1,)		(10,19,2,)		(10,19,17,1,16,3,)		(10,19,17,1,4,)		(10,19,2,12,5,)		(10,6,)		(10,6,7,)		(10,19,17,1,8,)		(10,19,2,9,)		(10,)	(10,19,17,1,15,11,)		(10,19,2,12,)		(10,19,17,13,)		(10,19,14,)		(10,19,17,1,15,)		(10,19,17,1,16,)		(10,19,17,)		(10,19,17,18,)		(10,19,)	(10,19,2,20,)		|
|	(11,10,19,17,1,)		(11,2,)		(11,6,7,18,3,)		(11,4,)		(11,2,12,5,)		(11,6,)		(11,6,7,)		(11,10,19,17,1,8,)		(11,2,9,)		(11,10,)	(11,)		(11,2,12,)		(11,6,7,13,)		(11,14,)		(11,14,15,)		(11,10,19,17,1,16,)		(11,10,19,17,)		(11,6,7,18,)		(11,10,19,)		(11,6,7,18,20,)|
|	(12,17,1,)		(12,17,1,16,3,2,)		(12,17,1,16,3,)		(12,17,1,4,)		(12,5,)		(12,17,1,6,)		(12,17,1,6,7,)		(12,17,1,8,)		(12,17,1,16,9,)		(12,17,1,10,)		(12,17,1,15,11,)		(12,)		(12,17,13,)		(12,14,)		(12,17,1,15,)		(12,17,1,16,)		(12,17,)		(12,17,18,)		(12,17,1,10,19,)	(12,17,18,20,)		|
|	(13,19,17,1,)		(13,19,2,)		(13,19,17,1,16,3,)		(13,4,)		(13,19,2,12,5,)		(13,19,17,1,6,)		(13,4,7,)		(13,19,17,1,8,)		(13,19,2,9,)		(13,19,10,)		(13,19,17,1,15,11,)		(13,19,2,12,)		(13,)		(13,19,14,)		(13,19,17,1,15,)		(13,19,17,1,16,)		(13,19,17,)		(13,19,17,18,)		(13,19,)		(13,19,2,20,)		|
|	(14,12,17,1,)		(14,15,10,19,2,)		(14,12,17,1,16,3,)		(14,15,11,4,)		(14,12,5,)		(14,15,11,6,)		(14,15,11,6,7,)		(14,12,17,1,8,)		(14,15,10,19,2,9,)		(14,15,10,)		(14,15,11,)		(14,12,)		(14,15,11,6,7,13,)		(14,)		(14,15,)		(14,12,17,1,16,)		(14,12,17,)		(14,15,11,6,7,18,)		(14,15,10,19,)		(14,15,20,)		|
|	(15,10,19,17,1,)		(15,10,19,2,)		(15,10,19,17,1,16,3,)		(15,11,4,)		(15,10,19,2,12,5,)		(15,11,6,)		(15,11,6,7,)		(15,10,19,17,1,8,)		(15,10,19,2,9,)		(15,10,)		(15,11,)		(15,10,19,2,12,)		(15,11,6,7,13,)		(15,11,14,)		(15,)		(15,10,19,17,1,16,)		(15,10,19,17,)		(15,11,6,7,18,)		(15,10,19,)		(15,20,)		|
|	(16,3,2,12,17,1,)		(16,3,2,)		(16,3,)		(16,4,)		(16,3,2,12,5,)		(16,3,6,)		(16,4,7,)		(16,3,2,12,17,1,8,)		(16,9,)		(16,3,11,10,)	(16,3,11,)		(16,3,2,12,)		(16,3,2,12,17,13,)		(16,14,)		(16,14,15,)		(16,)		(16,3,2,12,17,)		(16,18,)		(16,3,19,)		(16,3,2,20,)	|
|	(17,1,)		(17,1,16,3,2,)		(17,1,16,3,)		(17,1,4,)		(17,12,5,)		(17,1,6,)		(17,1,6,7,)		(17,1,8,)		(17,1,16,9,)		(17,1,10,)	(17,1,15,11,)		(17,12,)		(17,13,)		(17,1,14,)		(17,1,15,)		(17,1,16,)		(17,)		(17,18,)		(17,1,10,19,)		(17,18,20,)		|
|	(18,2,12,17,1,)		(18,2,)		(18,3,)		(18,4,)		(18,2,12,5,)		(18,2,12,17,1,6,)		(18,4,7,)		(18,2,12,17,1,8,)		(18,2,9,)		(18,2,12,17,1,10,)		(18,3,11,)		(18,2,12,)		(18,2,12,17,13,)		(18,2,12,14,)		(18,2,12,17,1,15,)		(18,2,12,17,1,16,)		(18,2,12,17,)		(18,)		(18,3,19,)		(18,20,)		|
|	(19,17,1,)		(19,2,)		(19,17,1,16,3,)		(19,17,1,4,)		(19,2,12,5,)		(19,17,1,6,)		(19,2,7,)		(19,17,1,8,)		(19,2,9,)		(19,10,)	(19,17,1,15,11,)		(19,2,12,)		(19,17,13,)		(19,14,)		(19,17,1,15,)		(19,17,1,16,)		(19,17,)		(19,17,18,)		(19,)		(19,2,20,)		|
|	(20,4,19,17,1,)		(20,4,19,2,)		(20,4,7,18,3,)		(20,4,)		(20,5,)		(20,5,11,6,)		(20,4,7,)		(20,4,19,17,1,8,)		(20,4,19,2,9,)		(20,5,11,10,)	(20,5,11,)		(20,4,19,2,12,)		(20,4,7,13,)		(20,5,11,14,)		(20,5,11,14,15,)		(20,4,19,17,1,16,)		(20,4,19,17,)		(20,4,7,18,)		(20,4,19,)		(20,)		|
Hop Count Matrix :
|0	3	2	1	5	1	2	1	2	1	2	4	3	1	1	1	2	3	2	2		|
|3	0	5	4	2	4	1	4	1	4	5	1	3	2	4	4	2	3	5	1		|
|4	1	0	5	3	1	2	5	2	2	1	2	4	2	5	5	3	4	1	2		|
|3	2	3	0	4	4	1	4	3	2	5	3	2	2	4	4	2	2	1	3		|
|5	2	5	2	0	2	3	6	3	2	1	3	4	2	3	6	4	4	3	5		|
|6	3	3	2	5	0	1	7	4	4	4	4	2	5	7	7	5	2	3	3		|
|5	2	2	1	4	6	0	6	3	3	3	3	1	4	6	6	4	1	2	2		|
|2	5	4	3	3	1	2	0	4	3	4	2	3	3	3	3	1	2	4	3		|
|4	5	6	4	3	4	5	5	0	3	3	2	6	1	2	5	3	6	4	3		|
|3	2	5	4	4	1	2	4	3	0	5	3	3	2	4	4	2	3	1	3		|
|4	1	4	1	3	1	2	5	2	1	0	2	3	1	2	5	3	3	2	4		|
|2	5	4	3	1	3	4	3	4	3	4	0	2	1	3	3	1	2	4	3		|
|3	2	5	1	4	4	2	4	3	2	5	3	0	2	4	4	2	3	1	3		|
|3	4	5	3	2	3	4	4	5	2	2	1	5	0	1	4	2	5	3	2		|
|4	3	6	2	5	2	3	5	4	1	1	4	4	2	0	5	3	4	2	1		|
|5	2	1	1	4	2	2	6	1	3	2	3	5	1	2	0	4	1	2	3		|
|1	4	3	2	2	2	3	2	3	2	3	1	1	2	2	2	0	1	3	2		|
|4	1	1	1	3	5	2	5	2	5	2	2	4	3	5	5	3	0	2	1		|
|2	1	4	3	3	3	2	3	2	1	4	2	2	1	3	3	1	2	0	2		|
|4	3	4	1	1	3	2	5	4	3	2	4	3	3	4	5	3	3	2	0		|

Congestion Edge Matrix :
|0.00	na	na	17.00	na	7.25	na	30.06	na	134.67	na	na	na	na	20.71	322.00	na	na	na	na		|
|na	0.00	na	na	na	na	na	na	36.00	na	na	16.86	na	na	na	na	na	na	na	441.00		|
|na	55.11	0.00	na	na	171.67	na	na	na	na	14.61	na	na	na	na	na	na	na	133.00	na		|
|na	na	na	0.00	na	na	4.90	na	na	na	na	na	na	na	na	na	na	na	576.00	na		|
|na	na	na	na	0.00	na	na	na	na	na	695.00	na	na	na	na	na	na	na	na	na		|
|na	na	na	na	na	0.00	107.00	na	na	na	na	na	na	na	na	na	na	na	na	na		|
|na	na	na	na	na	na	0.00	na	na	na	na	na	138.86	na	na	na	na	1380.00	na	na		|
|na	na	na	na	na	na	na	0.00	na	na	na	na	na	na	na	na	63.00	na	na	na		|
|na	na	na	na	na	na	na	na	0.00	na	na	na	na	990.00	na	na	na	na	na	na		|
|na	na	na	na	na	679.00	na	na	na	0.00	na	na	na	na	na	na	na	na	9.65	na		|
|na	125.00	na	na	na	29.71	na	na	na	128.00	0.00	na	na	165.00	na	na	na	na	na	na		|
|na	na	na	na	38.24	na	na	na	na	na	na	0.00	na	188.80	na	na	742.00	na	na	na		|
|na	na	na	19.90	na	na	na	na	na	na	na	na	0.00	na	na	na	na	na	12.67	na		|
|na	na	na	na	na	na	na	na	na	na	na	716.33	na	0.00	26.91	na	na	na	na	na		|
|na	na	na	na	na	na	na	na	na	28.00	9.92	na	na	na	0.00	na	na	na	na	20.25		|
|na	na	3.84	42.00	na	na	na	na	5.33	na	na	na	na	17.06	na	0.00	na	11.33	na	na		|
|102.45	na	na	na	na	na	na	na	na	na	na	58.80	111.00	na	na	na	0.00	119.00	na	na		|
|na	58.50	9.10	73.45	na	na	na	na	na	na	na	na	na	na	na	na	na	0.00	na	17.14		|
|na	24.45	na	na	na	na	na	na	na	na	na	na	na	24.00	na	na	25.35	na	0.00	na		|
|na	na	na	68.75	26.25	na	na	na	na	na	na	na	na	na	na	na	na	na	na	0.00		|

Predicted Path Delay Matrix :
|0	7	5	4	13	2	4	6	6	8	6	8	13	10	4	4	9	10	9	13		|
|4	0	9	8	6	6	7	10	4	12	10	1	13	9	8	8	3	8	13	9		|
|6	2	0	10	8	5	7	12	6	13	5	3	15	11	10	10	5	10	7	11		|
|12	9	15	0	15	14	1	18	13	15	18	10	10	16	16	16	11	7	8	13		|
|23	20	27	16	0	11	13	29	24	18	10	21	22	16	18	27	22	19	19	25		|
|15	11	16	10	17	0	2	21	15	20	21	12	11	20	19	19	14	8	13	14		|
|13	9	14	8	15	15	0	19	13	18	19	10	9	18	17	17	12	6	11	12		|
|4	11	9	8	11	2	4	0	10	12	10	6	13	14	8	8	3	8	13	14		|
|16	17	21	16	18	11	13	22	0	15	10	13	22	6	8	20	15	19	16	17		|
|5	2	10	9	8	7	9	11	6	0	11	3	14	9	9	9	4	9	1	11		|
|13	10	17	6	16	1	3	19	14	8	0	11	12	6	8	17	12	9	9	15		|
|3	10	8	7	5	5	7	9	9	11	9	0	12	8	7	7	2	7	12	13		|
|6	3	11	7	9	8	8	12	7	9	12	4	0	10	10	10	5	10	2	12		|
|10	11	15	10	12	5	7	16	15	9	4	7	16	0	2	14	9	13	10	11		|
|12	9	17	8	15	3	5	18	13	7	2	10	14	8	0	16	11	11	8	9		|
|7	3	1	7	9	6	8	13	2	14	6	4	16	6	8	0	6	6	8	12		|
|1	8	6	5	8	3	5	7	7	9	7	3	10	11	5	5	0	5	10	11		|
|7	3	8	8	9	9	9	13	7	15	13	4	16	12	11	11	6	0	15	6		|
|4	1	9	8	7	6	8	10	5	7	10	2	13	8	8	8	3	8	0	10		|
|22	19	25	10	6	17	11	28	23	24	16	20	20	22	24	26	21	17	18	0		|

Congestion Actual Delay Matrix :
|0.00	380.95	325.84	17.00	436.05	7.25	114.25	30.06	327.33	134.67	30.63	397.82	253.11	0.00	20.71	322.00	93.06	1494.25	144.31	40.96		|
|861.32	0.00	1187.16	878.32	55.10	868.57	0.00	891.38	36.00	995.98	891.94	16.86	869.86	205.66	882.02	1183.32	758.86	877.86	1005.63	441.00		|
|916.43	55.11	0.00	933.43	110.21	171.67	278.67	946.49	91.11	142.61	14.61	71.97	924.97	179.61	937.13	1238.43	813.97	932.97	133.00	496.11		|
|703.81	600.45	1394.00	0.00	655.55	711.06	4.90	733.87	636.45	583.00	734.43	617.32	143.76	600.00	724.51	1025.81	601.35	1384.90	576.00	1402.04		|
|960.45	820.00	2220.81	701.00	0.00	724.71	831.71	990.52	856.00	823.00	695.00	836.86	970.57	860.00	886.91	1282.45	858.00	2211.71	832.65	2228.86		|
|2406.82	1545.50	1496.10	115.00	1600.60	0.00	107.00	2436.88	1581.50	265.52	1510.71	1562.36	245.86	1751.16	2427.52	2728.82	2304.36	1487.00	258.52	1504.14		|
|2299.82	1438.50	1389.10	0.00	1493.60	2307.07	0.00	2329.88	1474.50	158.52	1403.71	1455.36	138.86	1644.16	2320.52	2621.82	2197.36	1380.00	151.52	1397.14		|
|165.45	546.41	491.30	182.45	160.04	0.00	109.00	0.00	492.79	300.12	196.08	121.80	247.86	175.45	186.16	487.45	63.00	182.00	309.77	199.14		|
|2550.79	1079.01	2876.63	1032.83	1744.57	1056.54	1163.54	2580.85	0.00	1044.91	1026.83	1706.33	1302.40	990.00	1016.91	2872.79	2448.33	2543.54	1054.56	1037.16		|
|137.45	34.10	463.30	154.45	89.20	679.00	786.00	167.52	70.10	0.00	168.08	50.96	146.00	33.65	158.16	459.45	35.00	154.00	9.65	475.10		|
|265.45	125.00	1525.81	0.00	180.10	29.71	136.71	295.52	161.00	128.00	0.00	141.86	275.57	165.00	191.91	587.45	163.00	1516.71	137.65	1533.86		|
|844.45	1225.41	1170.30	861.45	38.24	851.71	958.71	874.52	1171.79	979.12	875.08	0.00	853.00	188.80	865.16	1166.45	742.00	861.00	988.77	878.14		|
|140.47	37.12	466.32	19.90	92.22	147.73	24.80	170.54	73.12	19.67	171.10	53.98	0.00	36.67	161.18	462.47	38.02	157.02	12.67	478.12		|
|1560.79	89.01	1886.63	42.83	754.57	66.54	173.54	1590.85	125.01	54.91	36.83	716.33	312.40	0.00	26.91	1882.79	1458.33	1553.54	64.56	47.16		|
|165.45	62.10	491.30	15.92	117.20	39.64	146.64	195.52	98.10	28.00	9.92	78.96	285.49	174.92	0.00	487.45	63.00	1526.64	37.65	20.25		|
|920.27	58.95	3.84	42.00	114.05	175.51	46.90	950.33	5.33	146.45	18.45	75.82	928.82	17.06	43.97	0.00	817.82	11.33	136.84	499.95		|
|102.45	483.41	428.30	119.45	97.04	109.71	216.71	132.52	429.79	237.12	133.08	58.80	111.00	112.45	123.16	424.45	0.00	119.00	246.77	136.14		|
|919.82	58.50	9.10	73.45	113.60	927.07	78.36	949.88	94.50	1054.48	23.71	75.36	928.36	264.16	940.52	1241.82	817.36	0.00	142.10	17.14		|
|127.81	24.45	453.65	144.81	79.55	135.06	31.45	157.87	60.45	0.00	158.43	41.32	136.35	24.00	148.51	449.81	25.35	144.35	0.00	465.45		|
|772.56	669.20	1462.75	68.75	26.25	750.96	73.65	802.62	705.20	849.25	721.25	686.07	212.51	886.25	913.16	1094.56	670.10	1453.65	644.75	0.00		|
*****************Final Output :*****************

Shorest Path between source 6 and destination 1 is: 15.


Shorest Path between source 6 and destination 1 is: 2406.82.


Hop Count for source 6 and destination 1 is: 6.

Total Running Time of the Algorithm in Seconds is 0.0039190


Total no.of Key-Basic Operations are : 5154

***********************************

