****************************************************

SingleNodeAtATime

Size of Given input Graph is : 10
Path Matrix :
|	(1,)		(1,2,)		(1,10,5,3,)		(1,2,4,)		(1,10,5,)		(1,10,7,6,)		(1,10,7,)		(4,0,0,0,0,0,0,0,0,0,8,)		(1,10,5,9,)		(1,10,)|
|	(2,7,1,)		(2,)		(2,7,6,3,)		(2,4,)		(2,7,5,)		(2,7,6,)		(2,7,)		(4,0,0,0,0,0,0,0,0,0,8,)		(2,4,9,0,)		(2,7,1,10,)	|
|	(13,0,0,0,0,0,0,0,0,0,1,)		(3,0,3,0,0,0,0,0,0,0,2,0,0,)		(0,3,0,)		(13,0,0,0,0,0,0,0,0,0,4,)		(3,0,16,0,0,0,0,0,0,0,5,0,0,)		(3,0,0,0,0,17,0,0,0,0,0,0,0,0,3,0,)	(3,0,0,0,0,0,18,0,0,0,0,0,3,0,0,0,0,)		(3,0,0,0,0,0,0,19,0,0,0,0,3,0,0,0,0,0,)		(3,0,0,0,0,0,0,0,20,0,0,0,3,0,0,0,0,0,0,)		(3,0,0,0,0,0,0,0,0,0,0,0,3,0,0,0,0,0,0,0,)		|
|	(4,7,1,)		(4,7,1,2,)		(4,7,6,3,)		(4,)		(4,7,5,)		(4,7,6,)		(4,7,)		(5,0,0,0,0,0,0,0,0,0,8,)		(4,9,0,0,0,)		(4,9,10,)		|
|	(5,7,1,)		(5,7,1,2,)		(5,3,)		(5,4,)		(5,)		(5,7,6,)		(5,7,)		(6,0,0,0,0,0,0,0,0,0,8,)		(5,9,0,0,0,0,)		(5,9,10,)		|
|	(16,0,0,0,0,0,0,0,0,0,1,)		(6,6,0,0,0,4,0,0,0,0,2,0,0,0,0,0,)		(6,0,0,0,)		(16,0,0,0,0,0,0,0,0,0,4,)		(6,0,0,0,0,6,0,0,0,0,5,0,0,0,0,0,)		(0,6,0,0,0,0,)		(16,0,0,0,0,0,0,0,0,0,7,)		(6,0,0,0,0,19,0,0,0,0,8,0,0,0,0,0,)		(6,0,0,0,0,0,0,0,20,0,0,0,0,0,6,0,0,0,0,)		(6,0,0,0,0,0,0,0,0,0,0,0,6,0,0,0,0,0,0,0,)		|
|	(7,1,)		(7,1,2,)		(7,6,3,)		(7,5,4,)		(7,5,)		(7,6,)		(7,)		(9,0,0,0,0,0,0,0,0,0,8,)		(7,5,9,0,0,0,0,0,0,)		(7,1,10,)	|
|	(8,1,)		(8,2,)		(8,7,6,3,)		(8,2,4,)		(8,7,5,)		(8,7,6,)		(8,7,)		(8,)		(8,7,5,9,)		(8,1,10,)		|
|	(9,10,7,1,)		(9,10,7,1,2,)		(9,10,5,3,)		(9,10,5,4,)		(9,10,5,)		(9,10,7,6,)		(9,10,7,)		(9,0,0,0,0,0,0,0,0,0,8,)		(9,0,0,0,0,0,0,0,0,)		(9,10,)		|
|	(10,7,1,)		(10,7,1,2,)		(10,5,3,)		(10,5,4,)		(10,5,)		(10,7,6,)		(10,7,)		(12,0,0,0,0,0,0,0,0,0,8,)		(10,5,9,0,0,0,0,0,0,0,0,0,)	(10,0,0,0,10,)		|
Hop Count Matrix :
|0	1	3	2	2	3	2	10	3	1		|
|2	0	3	1	2	2	1	10	3	3		|
|10	12	2	10	12	15	16	17	18	19		|
|2	3	3	0	2	2	1	10	4	2		|
|2	3	1	1	0	2	1	10	5	2		|
|10	15	3	10	15	5	10	15	18	19		|
|1	2	2	2	1	1	0	10	8	2		|
|1	1	3	2	2	2	1	0	3	2		|
|3	4	3	3	2	3	2	10	8	1		|
|2	3	2	2	1	2	1	10	11	4		|
Congestion Edge Matrix :
|0.00	254.77	-nan	-nan	-nan	-nan	-nan	-nan	-nan	248.68		|
|-nan	0.00	-nan	252.80	-nan	-nan	251.00	-nan	-nan	-nan		|
|-nan	-nan	0.00	-nan	-nan	-nan	-nan	-nan	-nan	-nan		|
|-nan	-nan	-nan	0.00	-nan	-nan	13.66	-nan	262.96	-nan		|
|-nan	-nan	266.40	263.65	0.00	-nan	258.24	-nan	8.20	-nan		|
|-nan	-nan	247.36	-nan	-nan	0.00	-nan	-nan	-nan	-nan		|
|269.01	-nan	-nan	-nan	270.69	262.53	0.00	-nan	-nan	-nan		|
|252.97	248.80	-nan	-nan	-nan	-nan	262.27	0.00	-nan	-nan		|
|-nan	-nan	-nan	-nan	-nan	-nan	-nan	-nan	0.00	255.45		|
|-nan	-nan	-nan	-nan	268.60	-nan	249.99	-nan	-nan	0.00		|

Predicted Path Delay Matrix :
|0	93	287	186	189	278	182	10000000	192	91		|
|190	0	279	93	190	188	92	10000000	190	281		|
|10000000	10000000	0	10000000	10000000	10000000	10000000	10000000	10000000	10000000		|
|103	196	192	0	103	101	5	10000000	97	188		|
|193	286	98	97	0	191	95	10000000	3	94		|
|10000000	10000000	91	10000000	10000000	0	10000000	10000000	10000000	10000000		|
|98	191	187	195	98	96	0	10000000	101	189		|
|94	92	283	185	194	192	96	0	197	185		|
|280	373	287	286	189	278	182	10000000	0	91		|
|189	282	196	195	98	187	91	10000000	101	0		|

Final Congestion Actual Delay Matrix :
|0.00	254.77	783.67	507.58	-nan	761.20	-nan	-nan	525.47	248.68		|
|520.01	0.00	760.89	252.80	521.68	513.53	251.00	0.00	515.77	768.68		|
|2.00	0.00	0.00	2.00	-nan	-nan	-nan	-nan	-nan	0.00		|
|282.67	537.44	523.56	0.00	284.35	276.20	13.66	-nan	525.92	518.41		|
|527.24	782.01	266.40	263.65	0.00	520.77	258.24	-nan	16.40	263.64		|
|0.00	0.00	247.36	0.00	0.00	0.00	0.00	-nan	-nan	0.00		|
|269.01	523.78	509.89	534.34	270.69	262.53	0.00	-nan	278.88	517.68		|
|252.97	248.80	772.17	501.61	532.96	524.80	262.27	0.00	541.16	501.65		|
|774.44	1029.21	790.44	787.69	524.04	767.97	505.43	0.00	0.00	255.45		|
|518.99	773.77	535.00	532.25	268.60	512.52	249.99	8.00	276.79	0.00		|
*****************Final Output :*****************

Shorest Path between source 9 and destination 1 is: 280.


Shorest Path between source 9 and destination 1 is: 774.44.

Hop Count for source 9 and destination 1 is: 3.

Total Running Time of the Algorithm in Seconds is 0.0020190


Total no.of Key-Basic Operations are : 4347

*********************************************
****************************************************

GivenExampleStrategy

Size of Given input Graph is : 10
Path Matrix :
|	(1,)		(1,2,)		(1,10,5,3,)		(1,2,4,)		(1,10,5,)		(1,10,7,6,)		(1,10,7,)		(4,0,0,0,0,0,0,0,0,0,8,)		(1,10,5,9,)		(1,10,)|
|	(2,7,1,)		(2,)		(2,7,6,3,)		(2,4,)		(2,7,5,)		(2,7,6,)		(2,7,)		(4,0,0,0,0,0,0,0,0,0,8,)		(2,4,9,0,)		(2,7,1,10,)	|
|	(13,0,0,0,0,0,0,0,0,0,1,)		(3,0,3,0,0,0,0,0,0,0,2,0,0,)		(0,3,0,)		(13,0,0,0,0,0,0,0,0,0,4,)		(3,0,16,0,0,0,0,0,0,0,5,0,0,)		(3,0,0,0,0,17,0,0,0,0,0,0,0,0,3,0,)	(3,0,0,0,0,0,18,0,0,0,0,0,3,0,0,0,0,)		(3,0,0,0,0,0,0,19,0,0,0,0,3,0,0,0,0,0,)		(3,0,0,0,0,0,0,0,20,0,0,0,3,0,0,0,0,0,0,)		(3,0,0,0,0,0,0,0,0,0,0,0,3,0,0,0,0,0,0,0,)		|
|	(4,7,1,)		(4,7,1,2,)		(4,7,6,3,)		(4,)		(4,7,5,)		(4,7,6,)		(4,7,)		(5,0,0,0,0,0,0,0,0,0,8,)		(4,9,0,0,0,)		(4,9,10,)		|
|	(5,7,1,)		(5,7,1,2,)		(5,3,)		(5,4,)		(5,)		(5,7,6,)		(5,7,)		(6,0,0,0,0,0,0,0,0,0,8,)		(5,9,0,0,0,0,)		(5,9,10,)		|
|	(16,0,0,0,0,0,0,0,0,0,1,)		(6,6,0,0,0,4,0,0,0,0,2,0,0,0,0,0,)		(6,0,0,0,)		(16,0,0,0,0,0,0,0,0,0,4,)		(6,0,0,0,0,6,0,0,0,0,5,0,0,0,0,0,)		(0,6,0,0,0,0,)		(16,0,0,0,0,0,0,0,0,0,7,)		(6,0,0,0,0,19,0,0,0,0,8,0,0,0,0,0,)		(6,0,0,0,0,0,0,0,20,0,0,0,0,0,6,0,0,0,0,)		(6,0,0,0,0,0,0,0,0,0,0,0,6,0,0,0,0,0,0,0,)		|
|	(7,1,)		(7,1,2,)		(7,6,3,)		(7,5,4,)		(7,5,)		(7,6,)		(7,)		(9,0,0,0,0,0,0,0,0,0,8,)		(7,5,9,0,0,0,0,0,0,)		(7,1,10,)	|
|	(8,1,)		(8,2,)		(8,7,6,3,)		(8,2,4,)		(8,7,5,)		(8,7,6,)		(8,7,)		(8,)		(8,7,5,9,)		(8,1,10,)		|
|	(9,10,7,1,)		(9,10,7,1,2,)		(9,10,5,3,)		(9,10,5,4,)		(9,10,5,)		(9,10,7,6,)		(9,10,7,)		(9,0,0,0,0,0,0,0,0,0,8,)		(9,0,0,0,0,0,0,0,0,)		(9,10,)		|
|	(10,7,1,)		(10,7,1,2,)		(10,5,3,)		(10,5,4,)		(10,5,)		(10,7,6,)		(10,7,)		(12,0,0,0,0,0,0,0,0,0,8,)		(10,5,9,0,0,0,0,0,0,0,0,0,)	(10,0,0,0,10,)		|
Hop Count Matrix :
|0	1	3	2	2	3	2	10	3	1		|
|2	0	3	1	2	2	1	10	3	3		|
|10	12	2	10	12	15	16	17	18	19		|
|2	3	3	0	2	2	1	10	4	2		|
|2	3	1	1	0	2	1	10	5	2		|
|10	15	3	10	15	5	10	15	18	19		|
|1	2	2	2	1	1	0	10	8	2		|
|1	1	3	2	2	2	1	0	3	2		|
|3	4	3	3	2	3	2	10	8	1		|
|2	3	2	2	1	2	1	10	11	4		|

Congestion Edge Matrix :
|0.00	9114.00	na	na	-nan	na	-nan	-nan	na	21703.50		|
|na	0.00	na	13299.00	na	na	12742.00	na	na	na		|
|na	na	0.00	na	na	na	na	na	na	na		|
|na	na	na	0.00	na	na	485.00	na	9069.50	na		|
|na	na	9310.00	4656.00	0.00	na	8882.50	na	285.00	na		|
|na	na	8690.50	na	na	-nan	na	na	na	na		|
|22981.00	na	na	na	4900.00	32064.00	0.00	na	na	na		|
|4747.00	9016.00	na	na	na	na	4800.00	0.00	na	na		|
|na	na	na	na	na	na	na	na	0.00	4413.50		|
|na	na	na	na	18032.00	na	13286.00	na	na	0.00		|

Predicted Path Delay Matrix :
|0	93	287	186	189	278	182	10000000	192	91		|
|190	0	279	93	190	188	92	10000000	190	281		|
|10000000	10000000	0	10000000	10000000	10000000	10000000	10000000	10000000	10000000		|
|103	196	192	0	103	101	5	10000000	97	188		|
|193	286	98	97	0	191	95	10000000	3	94		|
|10000000	10000000	91	10000000	10000000	0	10000000	10000000	10000000	10000000		|
|98	191	187	195	98	96	0	10000000	101	189		|
|94	92	283	185	194	192	96	0	197	185		|
|280	373	287	286	189	278	182	10000000	0	91		|
|189	282	196	195	98	187	91	10000000	101	0		|

Congestion Actual Delay Matrix :
|0.00	9114.00	49045.50	22413.00	-nan	67053.50	-nan	-nan	40020.50	21703.50		|
|35723.00	0.00	53496.50	13299.00	17642.00	44806.00	12742.00	-nan	22368.50	57426.50		|
|91.00	-6.02	0.00	91.00	-0.00	-0.00	-0.00	-0.00	-0.00	-0.00		|
|23466.00	32580.00	41239.50	0.00	5385.00	32549.00	485.00	-3.01	18139.00	13483.00		|
|31863.50	40977.50	9310.00	4656.00	0.00	40946.50	8882.50	-4.82	570.00	4698.50		|
|-0.00	-nan	8688.69	-0.00	-6.63	-nan	-0.00	-4.82	-6.63	-6.63		|
|22981.00	32095.00	40754.50	9556.00	4900.00	32064.00	0.00	-3.01	5185.00	44684.50		|
|4747.00	9016.00	45554.50	22315.00	9700.00	36864.00	4800.00	0.00	9985.00	26450.50		|
|40680.50	49794.50	31755.50	27101.50	22445.50	49763.50	17699.50	-3.01	-0.00	4413.50		|
|36267.00	45381.00	27342.00	22688.00	18032.00	45350.00	13286.00	-3.01	18317.00	-2.49		|
*****************Final Output :*****************

Shorest Path between source 9 and destination 1 is: 280.


Shorest Path between source 9 and destination 1 is: 40680.50.


Hop Count for source 9 and destination 1 is: 3.

Total Running Time of the Algorithm in Seconds is 0.0011940


Total no.of Key-Basic Operations are : 1478

***********************************

