****************************************************

SingleNodeAtATime

Size of Given input Graph is : 30
Path Matrix :
|	(1,)		(1,28,12,26,2,)		(1,28,18,25,3,)		(1,28,12,26,30,4,)		(1,28,5,)		(1,11,6,)		(1,11,7,)		(1,28,18,25,8,)		(4,0,0,0,0,0,0,0,0,0,0,0,0,0,0,0,0,0,0,0,0,0,0,0,0,0,0,0,0,0,9,)		(1,11,24,10,)		(1,11,)		(1,28,12,)		(1,11,13,)		(1,28,14,)		(1,11,15,)		(1,28,18,16,)		(1,11,24,23,17,)	(1,28,18,)		(1,28,19,)		(1,28,12,26,20,)		(1,28,18,16,21,)		(1,11,15,22,)		(1,11,24,23,)		(1,11,24,)		(1,28,18,25,)		(1,28,12,26,)		(1,11,24,23,17,27,)		(1,28,)		(1,28,29,)		(1,28,12,26,30,)		|
|	(2,0,0,0,0,0,0,0,0,0,0,0,0,0,0,0,0,0,0,0,0,0,0,0,0,0,0,0,0,0,1,)		(2,0,)		(2,19,20,29,3,)		(2,19,30,4,)		(2,19,11,24,28,5,)		(2,19,11,6,)		(2,19,11,7,)		(2,19,11,24,25,8,)		(6,0,0,0,0,0,0,0,0,0,0,0,0,0,0,0,0,0,0,0,0,0,0,0,0,0,0,0,0,0,9,)		(2,19,11,24,10,0,)		(2,19,11,)		(2,19,11,24,12,)		(2,19,11,13,)		(2,19,11,24,28,14,)		(2,19,11,15,)		(2,19,18,16,)		(2,19,11,24,23,17,)		(2,19,18,)		(2,19,)		(2,19,20,)		(2,26,21,)		(2,19,22,)		(2,19,11,24,23,)		(2,19,11,24,)		(2,19,11,24,25,)		(2,26,)		(2,19,11,24,23,17,27,)		(2,19,11,24,28,)		(2,19,20,29,)		(2,19,30,)		|
|	(33,0,0,0,0,0,0,0,0,0,0,0,0,0,0,0,0,0,0,0,0,0,0,0,0,0,0,0,0,0,1,)		(3,0,3,0,0,0,0,0,0,0,0,0,0,0,0,0,0,0,0,0,0,0,0,0,0,0,0,0,0,0,2,0,0,)		(0,3,0,)		(33,0,0,0,0,0,0,0,0,0,0,0,0,0,0,0,0,0,0,0,0,0,0,0,0,0,0,0,0,0,4,)		(3,0,36,0,0,0,0,0,0,0,0,0,0,0,0,0,0,0,0,0,0,0,0,0,0,0,0,0,0,0,5,0,0,)		(3,0,0,0,0,37,0,0,0,0,0,0,0,0,0,0,0,0,0,0,0,0,0,0,0,0,0,0,0,0,0,0,0,0,3,0,)		(3,0,0,0,0,0,38,0,0,0,0,0,0,0,0,0,0,0,0,0,0,0,0,0,0,0,0,0,0,0,0,0,3,0,0,0,0,)		(3,0,0,0,0,0,0,39,0,0,0,0,0,0,0,0,0,0,0,0,0,0,0,0,0,0,0,0,0,0,0,0,3,0,0,0,0,0,)		(3,0,0,0,0,0,0,0,40,0,0,0,0,0,0,0,0,0,0,0,0,0,0,0,0,0,0,0,0,0,0,0,3,0,0,0,0,0,0,)		(3,0,0,0,0,0,0,0,0,41,0,0,0,0,0,0,0,0,0,0,0,0,0,0,0,0,0,0,0,0,0,0,3,0,0,0,0,0,0,0,)		(3,0,0,0,0,0,0,0,0,0,42,0,0,0,0,0,0,0,0,0,0,0,0,0,0,0,0,0,0,0,0,0,3,0,0,0,0,0,0,0,0,)		(3,0,0,0,0,0,0,0,0,0,0,43,0,0,0,0,0,0,0,0,0,0,0,0,0,0,0,0,0,0,0,0,3,0,0,0,0,0,0,0,0,0,)		(3,0,0,0,0,0,0,0,0,0,0,0,44,0,0,0,0,0,0,0,0,0,0,0,0,0,0,0,0,0,0,0,3,0,0,0,0,0,0,0,0,0,0,)		(3,0,0,0,0,0,0,0,0,0,0,0,0,45,0,0,0,0,0,0,0,0,0,0,0,0,0,0,0,0,0,0,3,0,0,0,0,0,0,0,0,0,0,0,)		(3,0,0,0,0,0,0,0,0,0,0,0,0,0,46,0,0,0,0,0,0,0,0,0,0,0,0,0,0,0,0,0,3,0,0,0,0,0,0,0,0,0,0,0,0,)		(3,0,0,0,0,0,0,0,0,0,0,0,0,0,0,47,0,0,0,0,0,0,0,0,0,0,0,0,0,0,0,0,3,0,0,0,0,0,0,0,0,0,0,0,0,0,)		(3,0,0,0,0,0,0,0,0,0,0,0,0,0,0,0,48,0,0,0,0,0,0,0,0,0,0,0,0,0,0,0,3,0,0,0,0,0,0,0,0,0,0,0,0,0,0,)		(3,0,0,0,0,0,0,0,0,0,0,0,0,0,0,0,0,49,0,0,0,0,0,0,0,0,0,0,0,0,0,0,3,0,0,0,0,0,0,0,0,0,0,0,0,0,0,0,)		(3,0,0,0,0,0,0,0,0,0,0,0,0,0,0,0,0,0,50,0,0,0,0,0,0,0,0,0,0,0,0,0,3,0,0,0,0,0,0,0,0,0,0,0,0,0,0,0,0,)		(3,0,0,0,0,0,0,0,0,0,0,0,0,0,0,0,0,0,0,51,0,0,0,0,0,0,0,0,0,0,0,0,3,0,0,0,0,0,0,0,0,0,0,0,0,0,0,0,0,0,)		(3,0,0,0,0,0,0,0,0,0,0,0,0,0,0,0,0,0,0,0,52,0,0,0,0,0,0,0,0,0,0,0,3,0,0,0,0,0,0,0,0,0,0,0,0,0,0,0,0,0,0,)		(3,0,0,0,0,0,0,0,0,0,0,0,0,0,0,0,0,0,0,0,0,53,0,0,0,0,0,0,0,0,0,0,3,0,0,0,0,0,0,0,0,0,0,0,0,0,0,0,0,0,0,0,)		(3,0,0,0,0,0,0,0,0,0,0,0,0,0,0,0,0,0,0,0,0,0,54,0,0,0,0,0,0,0,0,0,3,0,0,0,0,0,0,0,0,0,0,0,0,0,0,0,0,0,0,0,0,)		(3,0,0,0,0,0,0,0,0,0,0,0,0,0,0,0,0,0,0,0,0,0,0,55,0,0,0,0,0,0,0,0,3,0,0,0,0,0,0,0,0,0,0,0,0,0,0,0,0,0,0,0,0,0,)		(3,0,0,0,0,0,0,0,0,0,0,0,0,0,0,0,0,0,0,0,0,0,0,0,56,0,0,0,0,0,0,0,3,0,0,0,0,0,0,0,0,0,0,0,0,0,0,0,0,0,0,0,0,0,0,)		(3,0,0,0,0,0,0,0,0,0,0,0,0,0,0,0,0,0,0,0,0,0,0,0,0,57,0,0,0,0,0,0,3,0,0,0,0,0,0,0,0,0,0,0,0,0,0,0,0,0,0,0,0,0,0,0,)		(3,0,0,0,0,0,0,0,0,0,0,0,0,0,0,0,0,0,0,0,0,0,0,0,0,0,58,0,0,0,0,0,3,0,0,0,0,0,0,0,0,0,0,0,0,0,0,0,0,0,0,0,0,0,0,0,0,)		(3,0,0,0,0,0,0,0,0,0,0,0,0,0,0,0,0,0,0,0,0,0,0,0,0,0,0,59,0,0,0,0,3,0,0,0,0,0,0,0,0,0,0,0,0,0,0,0,0,0,0,0,0,0,0,0,0,0,)		(3,0,0,0,0,0,0,0,0,0,0,0,0,0,0,0,0,0,0,0,0,0,0,0,0,0,0,0,60,0,0,0,3,0,0,0,0,0,0,0,0,0,0,0,0,0,0,0,0,0,0,0,0,0,0,0,0,0,0,)		(3,0,0,0,0,0,0,0,0,0,0,0,0,0,0,0,0,0,0,0,0,0,0,0,0,0,0,0,0,0,0,0,3,0,0,0,0,0,0,0,0,0,0,0,0,0,0,0,0,0,0,0,0,0,0,0,0,0,0,0,)		|
|	(6,0,0,0,0,0,0,0,0,0,0,0,0,0,0,0,0,0,0,0,0,0,0,0,0,0,0,0,0,0,1,)		(4,26,2,0,0,0,)		(4,24,25,3,)		(4,)		(4,24,28,5,)		(4,17,11,6,)		(4,17,11,7,)		(4,24,25,8,)		(6,0,0,0,0,0,0,0,0,0,0,0,0,0,0,0,0,0,0,0,0,0,0,0,0,0,0,0,0,0,9,)		(4,24,10,0,0,0,)		(4,17,11,)		(4,24,12,)		(4,17,11,13,)		(4,24,28,14,)		(4,17,11,15,)		(4,24,28,18,16,)		(4,17,)		(4,24,28,18,)		(4,26,2,19,)		(4,26,20,)		(4,26,21,)		(4,17,11,15,22,)		(4,24,23,)		(4,24,)		(4,24,25,)		(4,26,)		(4,17,27,)		(4,24,28,)		(4,26,20,29,)		(4,26,30,)		|
|	(13,0,0,0,0,0,0,0,0,0,0,0,0,0,0,0,0,0,0,0,0,0,0,0,0,0,0,0,0,0,1,)		(5,16,21,17,11,24,12,26,2,0,0,0,0,)		(5,15,25,3,)		(5,30,4,)		(5,)		(5,16,21,17,11,6,)		(5,16,21,17,11,7,)		(5,16,27,8,)		(11,0,0,0,0,0,0,0,0,0,0,0,0,0,0,0,0,0,0,0,0,0,0,0,0,0,0,0,0,0,9,)		(5,16,21,17,11,24,10,0,0,0,0,)		(5,16,21,17,11,)		(5,16,21,17,11,24,12,)(5,16,21,17,11,13,)		(5,30,28,14,)		(5,15,)		(5,16,)		(5,16,21,17,)		(5,30,28,18,)		(5,16,27,19,)		(5,16,21,17,11,24,12,26,20,)		(5,16,21,)		(5,16,22,)		(5,16,21,17,11,24,23,)		(5,16,21,17,11,24,)		(5,15,25,)		(5,16,21,17,11,24,12,26,)		(5,16,27,)		(5,30,28,)		(5,30,28,29,)		(5,30,)		|
|	(9,0,0,0,0,0,0,0,0,0,0,0,0,0,0,0,0,0,0,0,0,0,0,0,0,0,0,0,0,0,1,)		(6,27,26,2,0,0,0,0,0,)		(6,27,10,25,3,)		(6,27,19,30,4,)		(6,27,11,24,28,5,)		(6,)		(6,27,11,7,)	(6,27,8,)		(8,0,0,0,0,0,0,0,0,0,0,0,0,0,0,0,0,0,0,0,0,0,0,0,0,0,0,0,0,0,9,)		(6,27,10,0,0,0,0,0,)		(6,27,11,)		(6,27,11,24,12,)		(6,27,11,13,)		(6,27,8,14,)	(6,27,11,15,)		(6,27,19,18,16,)		(6,27,17,)		(6,27,19,18,)		(6,27,19,)		(6,27,19,20,)		(6,27,26,21,)		(6,27,19,22,)		(6,27,11,24,23,)		(6,27,11,24,)		(6,27,10,25,)		(6,27,26,)		(6,27,)		(6,27,11,24,28,)		(6,27,19,20,29,)		(6,27,19,30,)		|
|	(37,0,0,0,0,0,0,0,0,0,0,0,0,0,0,0,0,0,0,0,0,0,0,0,0,0,0,0,0,0,1,)		(0,0,0,0,0,0,33,0,0,0,0,0,0,0,0,0,0,0,0,0,0,0,0,0,0,0,0,0,0,0,2,0,0,0,0,0,0,)		(7,0,34,0,0,0,0,0,0,0,0,0,0,0,0,0,0,0,0,0,0,0,0,0,0,0,0,0,0,0,0,0,0,)		(7,0,0,35,0,0,0,0,0,0,0,0,0,0,0,0,0,0,0,0,0,0,0,0,0,0,0,0,0,0,0,0,7,0,)		(7,0,0,0,36,0,0,0,0,0,0,0,0,0,0,0,0,0,0,0,0,0,0,0,0,0,0,0,0,0,0,0,7,0,0,)		(7,0,0,0,0,7,0,0,0,0,0,0,0,0,0,0,0,0,0,0,0,0,0,0,0,0,0,0,0,0,0,0,7,0,0,0,)		(0,0,7,0,0,0,0,)		(37,0,0,0,0,0,0,0,0,0,0,0,0,0,0,0,0,0,0,0,0,0,0,0,0,0,0,0,0,0,8,)		(7,0,0,0,0,0,40,0,0,0,0,0,0,0,0,0,0,0,0,0,0,0,0,0,0,0,0,0,0,0,9,0,0,0,0,0,0,)		(7,0,0,0,0,0,0,0,0,41,0,0,0,0,0,0,0,0,0,0,0,0,0,0,0,0,0,0,0,0,0,0,0,0,7,0,0,0,0,0,)		(7,0,0,0,0,0,0,0,0,0,42,0,0,0,0,0,0,0,0,0,0,0,0,0,0,0,0,0,0,0,0,0,7,0,0,0,0,0,0,0,0,)		(7,0,0,0,0,0,0,0,0,0,0,43,0,0,0,0,0,0,0,0,0,0,0,0,0,0,0,0,0,0,0,0,7,0,0,0,0,0,0,0,0,0,)		(7,0,0,0,0,0,0,0,0,0,0,0,44,0,0,0,0,0,0,0,0,0,0,0,0,0,0,0,0,0,0,0,7,0,0,0,0,0,0,0,0,0,0,)		(7,0,0,0,0,0,0,0,0,0,0,0,0,45,0,0,0,0,0,0,0,0,0,0,0,0,0,0,0,0,0,0,7,0,0,0,0,0,0,0,0,0,0,0,)		(7,0,0,0,0,0,0,0,0,0,0,0,0,0,46,0,0,0,0,0,0,0,0,0,0,0,0,0,0,0,0,0,7,0,0,0,0,0,0,0,0,0,0,0,0,)		(7,0,0,0,0,0,0,0,0,0,0,0,0,0,0,47,0,0,0,0,0,0,0,0,0,0,0,0,0,0,0,0,7,0,0,0,0,0,0,0,0,0,0,0,0,0,)		(7,0,0,0,0,0,0,0,0,0,0,0,0,0,0,0,48,0,0,0,0,0,0,0,0,0,0,0,0,0,0,0,7,0,0,0,0,0,0,0,0,0,0,0,0,0,0,)		(7,0,0,0,0,0,0,0,0,0,0,0,0,0,0,0,0,49,0,0,0,0,0,0,0,0,0,0,0,0,0,0,7,0,0,0,0,0,0,0,0,0,0,0,0,0,0,0,)		(7,0,0,0,0,0,0,0,0,0,0,0,0,0,0,0,0,0,50,0,0,0,0,0,0,0,0,0,0,0,0,0,7,0,0,0,0,0,0,0,0,0,0,0,0,0,0,0,0,)		(7,0,0,0,0,0,0,0,0,0,0,0,0,0,0,0,0,0,0,51,0,0,0,0,0,0,0,0,0,0,0,0,7,0,0,0,0,0,0,0,0,0,0,0,0,0,0,0,0,0,)		(7,0,0,0,0,0,0,0,0,0,0,0,0,0,0,0,0,0,0,0,52,0,0,0,0,0,0,0,0,0,0,0,7,0,0,0,0,0,0,0,0,0,0,0,0,0,0,0,0,0,0,)		(7,0,0,0,0,0,0,0,0,0,0,0,0,0,0,0,0,0,0,0,0,53,0,0,0,0,0,0,0,0,0,0,7,0,0,0,0,0,0,0,0,0,0,0,0,0,0,0,0,0,0,0,)		(7,0,0,0,0,0,0,0,0,0,0,0,0,0,0,0,0,0,0,0,0,0,54,0,0,0,0,0,0,0,0,0,7,0,0,0,0,0,0,0,0,0,0,0,0,0,0,0,0,0,0,0,0,)		(7,0,0,0,0,0,0,0,0,0,0,0,0,0,0,0,0,0,0,0,0,0,0,55,0,0,0,0,0,0,0,0,7,0,0,0,0,0,0,0,0,0,0,0,0,0,0,0,0,0,0,0,0,0,)		(7,0,0,0,0,0,0,0,0,0,0,0,0,0,0,0,0,0,0,0,0,0,0,0,56,0,0,0,0,0,0,0,7,0,0,0,0,0,0,0,0,0,0,0,0,0,0,0,0,0,0,0,0,0,0,)		(7,0,0,0,0,0,0,0,0,0,0,0,0,0,0,0,0,0,0,0,0,0,0,0,0,57,0,0,0,0,0,0,7,0,0,0,0,0,0,0,0,0,0,0,0,0,0,0,0,0,0,0,0,0,0,0,)		(7,0,0,0,0,0,0,0,0,0,0,0,0,0,0,0,0,0,0,0,0,0,0,0,0,0,58,0,0,0,0,0,7,0,0,0,0,0,0,0,0,0,0,0,0,0,0,0,0,0,0,0,0,0,0,0,0,)		(7,0,0,0,0,0,0,0,0,0,0,0,0,0,0,0,0,0,0,0,0,0,0,0,0,0,0,59,0,0,0,0,7,0,0,0,0,0,0,0,0,0,0,0,0,0,0,0,0,0,0,0,0,0,0,0,0,0,)		(7,0,0,0,0,0,0,0,0,0,0,0,0,0,0,0,0,0,0,0,0,0,0,0,0,0,0,0,60,0,0,0,7,0,0,0,0,0,0,0,0,0,0,0,0,0,0,0,0,0,0,0,0,0,0,0,0,0,0,)		(7,0,0,0,0,0,0,0,0,0,0,0,0,0,0,0,0,0,0,0,0,0,0,0,0,0,0,0,0,0,0,0,7,0,0,0,0,0,0,0,0,0,0,0,0,0,0,0,0,0,0,0,0,0,0,0,0,0,0,0,)		|
|	(12,0,0,0,0,0,0,0,0,0,0,0,0,0,0,0,0,0,0,0,0,0,0,0,0,0,0,0,0,0,1,)		(8,10,12,26,2,0,0,0,0,0,0,0,)		(8,10,25,3,)		(8,10,12,26,30,4,)		(8,10,12,11,24,28,5,)		(8,10,12,11,6,)(8,10,12,11,7,)		(8,)		(9,0,0,0,0,0,0,0,0,0,0,0,0,0,0,0,0,0,0,0,0,0,0,0,0,0,0,0,0,0,9,)		(8,10,0,0,0,0,0,0,0,)		(8,10,12,11,)		(8,10,12,)		(8,10,12,11,13,)		(8,14,)		(8,10,12,11,15,)		(8,14,16,)		(8,10,17,)		(8,10,12,18,)		(8,10,12,26,2,19,)		(8,10,12,26,20,)		(8,14,16,21,)		(8,14,16,22,)		(8,10,12,23,)		(8,10,12,11,24,)		(8,10,25,)		(8,10,12,26,)		(8,14,16,27,)		(8,10,12,11,24,28,)		(8,10,12,26,20,29,)		(8,10,12,26,30,)		|
|	(12,0,0,0,0,0,0,0,0,0,0,0,0,0,0,0,0,0,0,0,0,0,0,0,0,0,0,0,0,0,1,)		(9,12,26,2,0,0,0,0,0,0,0,0,)		(9,12,11,24,25,3,)		(9,12,26,30,4,)		(9,22,5,)		(9,12,11,6,)		(9,12,11,7,)		(9,22,27,8,)		(9,)		(9,12,11,24,10,)		(9,12,11,)		(9,12,)		(9,12,11,13,)		(9,12,11,24,28,14,)		(9,12,11,15,)		(9,12,18,16,)	(9,12,23,17,)		(9,12,18,)		(9,22,27,19,)		(9,12,26,20,)		(9,12,26,21,)		(9,22,)		(9,12,23,)		(9,12,11,24,)		(9,12,11,24,25,)		(9,12,26,)	(9,22,27,)		(9,12,11,24,28,)		(9,12,26,20,29,)		(9,12,26,30,)		|
|	(13,0,0,0,0,0,0,0,0,0,0,0,0,0,0,0,0,0,0,0,0,0,0,0,0,0,0,0,0,0,1,)		(10,12,26,2,0,0,0,0,0,0,0,0,0,)		(10,25,3,)		(10,12,26,30,4,)		(10,12,11,24,28,5,)		(10,12,11,6,)	(10,12,11,7,)		(10,25,8,)		(10,0,0,0,0,0,0,0,0,0,0,0,0,0,0,0,0,0,0,0,0,0,0,0,0,0,0,0,0,0,9,)		(10,0,0,0,0,0,0,0,0,0,)		(10,12,11,)		(10,12,)		(10,12,11,13,)		(10,12,11,24,28,14,)		(10,12,11,15,)		(10,12,18,16,)		(10,17,)		(10,12,18,)		(10,12,26,2,19,)		(10,12,26,20,)		(10,12,26,21,)		(10,12,11,15,22,)	(10,12,23,)		(10,12,11,24,)		(10,25,)		(10,12,26,)		(10,17,27,)		(10,12,11,24,28,)		(10,12,26,20,29,)		(10,12,26,30,)		|
|	(15,0,0,0,0,0,0,0,0,0,0,0,0,0,0,0,0,0,0,0,0,0,0,0,0,0,0,0,0,0,1,)		(11,24,12,26,2,0,0,0,0,0,0,0,0,0,0,)		(11,24,25,3,)		(11,24,12,26,30,4,)		(11,24,28,5,)		(11,6,)		(11,7,)		(11,24,25,8,)		(13,0,0,0,0,0,0,0,0,0,0,0,0,0,0,0,0,0,0,0,0,0,0,0,0,0,0,0,0,0,9,)		(11,24,10,0,0,0,0,0,0,0,0,0,0,)		(11,)		(11,24,12,)		(11,13,)		(11,24,28,14,)		(11,15,)		(11,24,28,18,16,)		(11,24,23,17,)		(11,24,28,18,)		(11,24,28,19,)		(11,24,12,26,20,)		(11,24,12,26,21,)		(11,15,22,)		(11,24,23,)		(11,24,)		(11,24,25,)		(11,24,12,26,)		(11,24,23,17,27,)		(11,24,28,)		(11,24,28,29,)		(11,24,12,26,30,)		|
|	(14,0,0,0,0,0,0,0,0,0,0,0,0,0,0,0,0,0,0,0,0,0,0,0,0,0,0,0,0,0,1,)		(12,26,2,0,0,0,0,0,0,0,0,0,0,0,)		(12,11,24,25,3,)		(12,26,30,4,)		(12,11,24,28,5,)		(12,11,6,)		(12,11,7,)		(12,11,24,25,8,)		(15,0,0,0,0,0,0,0,0,0,0,0,0,0,0,0,0,0,0,0,0,0,0,0,0,0,0,0,0,0,9,)		(12,11,24,10,0,0,0,0,0,0,0,0,0,0,0,)		(12,11,)		(12,)	(12,11,13,)		(12,11,24,28,14,)		(12,11,15,)		(12,18,16,)		(12,23,17,)		(12,18,)		(12,26,2,19,)		(12,26,20,)		(12,26,21,)		(12,11,15,22,)		(12,23,)		(12,11,24,)		(12,11,24,25,)		(12,26,)		(12,23,17,27,)		(12,11,24,28,)		(12,26,20,29,)		(12,26,30,)		|
|	(19,0,0,0,0,0,0,0,0,0,0,0,0,0,0,0,0,0,0,0,0,0,0,0,0,0,0,0,0,0,1,)		(13,17,11,24,12,26,2,0,0,0,0,0,0,0,0,0,0,0,0,)		(13,17,11,24,25,3,)		(13,17,11,24,12,26,30,4,)		(13,17,11,24,28,5,)		(13,17,11,6,)		(13,17,11,7,)		(13,17,27,8,)		(17,0,0,0,0,0,0,0,0,0,0,0,0,0,0,0,0,0,0,0,0,0,0,0,0,0,0,0,0,0,9,)		(13,17,11,24,10,0,0,0,0,0,0,0,0,0,0,0,0,)		(13,17,11,)		(13,17,11,24,12,)		(13,)		(13,17,11,24,28,14,)		(13,17,11,15,)		(13,17,11,24,28,18,16,)		(13,17,)		(13,17,11,24,28,18,)		(13,17,27,19,)		(13,17,11,24,12,26,20,)		(13,17,11,24,12,26,21,)		(13,17,11,15,22,)		(13,17,11,24,23,)		(13,17,11,24,)		(13,17,11,24,25,)		(13,17,11,24,12,26,)		(13,17,27,)	(13,17,11,24,28,)		(13,17,11,24,28,29,)		(13,17,11,24,12,26,30,)		|
|	(17,0,0,0,0,0,0,0,0,0,0,0,0,0,0,0,0,0,0,0,0,0,0,0,0,0,0,0,0,0,1,)		(14,12,26,2,0,0,0,0,0,0,0,0,0,0,0,0,0,)		(14,16,25,3,)		(14,12,26,30,4,)		(14,12,11,24,28,5,)		(14,12,11,6,)		(14,12,11,7,)		(14,16,27,8,)		(18,0,0,0,0,0,0,0,0,0,0,0,0,0,0,0,0,0,0,0,0,0,0,0,0,0,0,0,0,0,9,)		(14,12,11,24,10,0,0,0,0,0,0,0,0,0,0,0,0,0,)		(14,12,11,)		(14,12,)		(14,12,11,13,)		(14,)		(14,12,11,15,)		(14,16,)		(14,16,21,17,)		(14,12,18,)		(14,16,27,19,)		(14,12,26,20,)		(14,16,21,)		(14,16,22,)		(14,12,23,)		(14,12,11,24,)		(14,16,25,)		(14,12,26,)		(14,16,27,)		(14,12,11,24,28,)		(14,12,26,20,29,)		(14,12,26,30,)		|
|	(18,0,0,0,0,0,0,0,0,0,0,0,0,0,0,0,0,0,0,0,0,0,0,0,0,0,0,0,0,0,1,)		(15,12,26,2,0,0,0,0,0,0,0,0,0,0,0,0,0,0,)		(15,25,3,)		(15,12,26,30,4,)		(15,22,5,)		(15,11,6,)		(15,11,7,)		(15,25,8,)		(16,0,0,0,0,0,0,0,0,0,0,0,0,0,0,0,0,0,0,0,0,0,0,0,0,0,0,0,0,0,9,)		(15,10,0,0,0,0,0,0,0,0,0,0,0,0,0,0,)		(15,11,)		(15,12,)	(15,25,13,)		(15,11,24,28,14,)		(15,)		(15,12,18,16,)		(15,12,23,17,)		(15,12,18,)		(15,22,27,19,)		(15,25,20,)		(15,12,26,21,)		(15,22,)	(15,12,23,)		(15,11,24,)		(15,25,)		(15,12,26,)		(15,22,27,)		(15,11,24,28,)		(15,25,20,29,)		(15,12,26,30,)		|
|	(23,0,0,0,0,0,0,0,0,0,0,0,0,0,0,0,0,0,0,0,0,0,0,0,0,0,0,0,0,0,1,)		(16,21,17,11,24,12,26,2,0,0,0,0,0,0,0,0,0,0,0,0,0,0,0,)		(16,25,3,)		(16,21,30,4,)		(16,22,5,)		(16,21,17,11,6,)		(16,21,17,11,7,)		(16,27,8,)		(21,0,0,0,0,0,0,0,0,0,0,0,0,0,0,0,0,0,0,0,0,0,0,0,0,0,0,0,0,0,9,)		(16,21,17,11,24,10,0,0,0,0,0,0,0,0,0,0,0,0,0,0,0,)		(16,21,17,11,)		(16,21,17,11,24,12,)		(16,21,17,11,13,)		(16,21,17,11,24,28,14,)		(16,21,17,11,15,)		(16,)		(16,21,17,)		(16,21,17,11,24,28,18,)		(16,27,19,)	(16,21,17,11,24,12,26,20,)		(16,21,)		(16,22,)		(16,21,17,11,24,23,)		(16,21,17,11,24,)		(16,25,)		(16,21,17,11,24,12,26,)		(16,27,)		(16,21,17,11,24,28,)		(16,21,17,11,24,28,29,)		(16,21,30,)		|
|	(22,0,0,0,0,0,0,0,0,0,0,0,0,0,0,0,0,0,0,0,0,0,0,0,0,0,0,0,0,0,1,)		(17,11,24,12,26,2,0,0,0,0,0,0,0,0,0,0,0,0,0,0,0,0,)		(17,11,24,25,3,)		(17,11,24,12,26,30,4,)		(17,11,24,28,5,)		(17,11,6,)		(17,11,7,)		(17,27,8,)		(20,0,0,0,0,0,0,0,0,0,0,0,0,0,0,0,0,0,0,0,0,0,0,0,0,0,0,0,0,0,9,)		(17,11,24,10,0,0,0,0,0,0,0,0,0,0,0,0,0,0,0,0,)		(17,11,)		(17,11,24,12,)		(17,11,13,)		(17,11,24,28,14,)		(17,11,15,)		(17,11,24,28,18,16,)		(17,)		(17,11,24,28,18,)		(17,27,19,)		(17,11,24,12,26,20,)		(17,11,24,12,26,21,)		(17,11,15,22,)		(17,11,24,23,)		(17,11,24,)		(17,11,24,25,)		(17,11,24,12,26,)		(17,27,)		(17,11,24,28,)		(17,11,24,28,29,)		(17,11,24,12,26,30,)		|
|	(22,0,0,0,0,0,0,0,0,0,0,0,0,0,0,0,0,0,0,0,0,0,0,0,0,0,0,0,0,0,1,)		(18,28,12,26,2,0,0,0,0,0,0,0,0,0,0,0,0,0,0,0,0,0,)		(18,25,3,)		(18,16,21,30,4,)		(18,28,5,)		(18,16,21,17,11,6,)		(18,16,21,17,11,7,)		(18,25,8,)		(20,0,0,0,0,0,0,0,0,0,0,0,0,0,0,0,0,0,0,0,0,0,0,0,0,0,0,0,0,0,9,)		(18,28,10,0,0,0,0,0,0,0,0,0,0,0,0,0,0,0,0,0,)		(18,16,21,17,11,)		(18,28,12,)		(18,25,13,)		(18,28,14,)		(18,25,15,)		(18,16,)		(18,16,21,17,)		(18,)		(18,28,19,)		(18,25,20,)		(18,16,21,)		(18,16,22,)		(18,28,12,23,)		(18,16,21,17,11,24,)		(18,25,)		(18,28,12,26,)		(18,16,27,)		(18,28,)		(18,28,29,)		(18,16,21,30,)		|
|	(24,0,0,0,0,0,0,0,0,0,0,0,0,0,0,0,0,0,0,0,0,0,0,0,0,0,0,0,0,0,1,)		(19,11,24,12,26,2,0,0,0,0,0,0,0,0,0,0,0,0,0,0,0,0,0,0,)		(19,20,29,3,)		(19,30,4,)		(19,11,24,28,5,)		(19,11,6,)		(19,11,7,)		(19,11,24,25,8,)		(22,0,0,0,0,0,0,0,0,0,0,0,0,0,0,0,0,0,0,0,0,0,0,0,0,0,0,0,0,0,9,)		(19,11,24,10,0,0,0,0,0,0,0,0,0,0,0,0,0,0,0,0,0,0,)		(19,11,)		(19,11,24,12,)		(19,11,13,)		(19,11,24,28,14,)		(19,11,15,)		(19,18,16,)		(19,11,24,23,17,)		(19,18,)		(19,)		(19,20,)	(19,11,24,12,26,21,)		(19,22,)		(19,11,24,23,)		(19,11,24,)		(19,11,24,25,)		(19,11,24,12,26,)		(19,11,24,23,17,27,)		(19,11,24,28,)		(19,20,29,)	(19,30,)		|
|	(25,0,0,0,0,0,0,0,0,0,0,0,0,0,0,0,0,0,0,0,0,0,0,0,0,0,0,0,0,0,1,)		(20,29,14,12,26,2,0,0,0,0,0,0,0,0,0,0,0,0,0,0,0,0,0,0,0,)		(20,29,3,)		(20,29,5,30,4,)		(20,29,5,)		(20,29,14,12,11,6,)		(20,29,14,12,11,7,)		(20,29,15,25,8,)		(23,0,0,0,0,0,0,0,0,0,0,0,0,0,0,0,0,0,0,0,0,0,0,0,0,0,0,0,0,0,9,)		(20,29,15,10,0,0,0,0,0,0,0,0,0,0,0,0,0,0,0,0,0,0,0,)	(20,29,14,12,11,)		(20,29,14,12,)		(20,29,15,25,13,)		(20,29,14,)		(20,29,15,)		(20,29,5,16,)		(20,29,5,16,21,17,)		(20,29,14,12,18,)		(20,29,5,16,27,19,)		(20,)		(20,29,5,16,21,)		(20,29,15,22,)		(20,29,14,12,23,)		(20,29,14,12,11,24,)		(20,29,15,25,)		(20,29,14,12,26,)		(20,29,5,16,27,)		(20,29,5,30,28,)		(20,29,)		(20,29,5,30,)		|
|	(27,0,0,0,0,0,0,0,0,0,0,0,0,0,0,0,0,0,0,0,0,0,0,0,0,0,0,0,0,0,1,)		(21,17,11,24,12,26,2,0,0,0,0,0,0,0,0,0,0,0,0,0,0,0,0,0,0,0,0,)		(21,17,11,24,25,3,)		(21,30,4,)		(21,17,11,24,28,5,)		(21,17,11,6,)		(21,17,11,7,)		(21,17,27,8,)		(25,0,0,0,0,0,0,0,0,0,0,0,0,0,0,0,0,0,0,0,0,0,0,0,0,0,0,0,0,0,9,)		(21,17,11,24,10,0,0,0,0,0,0,0,0,0,0,0,0,0,0,0,0,0,0,0,0,)	(21,17,11,)		(21,17,11,24,12,)		(21,17,11,13,)		(21,17,11,24,28,14,)		(21,17,11,15,)		(21,17,11,24,28,18,16,)		(21,17,)		(21,17,11,24,28,18,)		(21,17,27,19,)		(21,17,11,24,12,26,20,)		(21,)		(21,17,11,15,22,)		(21,17,11,24,23,)		(21,17,11,24,)		(21,17,11,24,25,)		(21,17,11,24,12,26,)		(21,17,27,)	(21,17,11,24,28,)		(21,17,11,24,28,29,)		(21,30,)		|
|	(25,0,0,0,0,0,0,0,0,0,0,0,0,0,0,0,0,0,0,0,0,0,0,0,0,0,0,0,0,0,1,)		(22,27,26,2,0,0,0,0,0,0,0,0,0,0,0,0,0,0,0,0,0,0,0,0,0,)		(22,5,15,25,3,)		(22,5,30,4,)		(22,5,)		(22,27,11,6,)	(22,27,11,7,)		(22,27,8,)		(24,0,0,0,0,0,0,0,0,0,0,0,0,0,0,0,0,0,0,0,0,0,0,0,0,0,0,0,0,0,9,)		(22,27,10,0,0,0,0,0,0,0,0,0,0,0,0,0,0,0,0,0,0,0,0,0,)		(22,27,11,)		(22,27,11,24,12,)		(22,27,11,13,)		(22,27,8,14,)		(22,5,15,)		(22,5,16,)		(22,27,17,)		(22,27,19,18,)		(22,27,19,)		(22,27,19,20,)		(22,5,16,21,)		(22,)		(22,27,11,24,23,)		(22,27,11,24,)		(22,5,15,25,)		(22,27,26,)		(22,27,)		(22,27,11,24,28,)		(22,27,19,20,29,)		(22,5,30,)		|
|	(29,0,0,0,0,0,0,0,0,0,0,0,0,0,0,0,0,0,0,0,0,0,0,0,0,0,0,0,0,0,1,)		(23,17,11,24,12,26,2,0,0,0,0,0,0,0,0,0,0,0,0,0,0,0,0,0,0,0,0,0,0,)		(23,17,11,24,25,3,)		(23,17,11,24,12,26,30,4,)	(23,17,11,24,28,5,)		(23,17,11,6,)		(23,17,11,7,)		(23,17,27,8,)		(27,0,0,0,0,0,0,0,0,0,0,0,0,0,0,0,0,0,0,0,0,0,0,0,0,0,0,0,0,0,9,)		(23,17,11,24,10,0,0,0,0,0,0,0,0,0,0,0,0,0,0,0,0,0,0,0,0,0,0,)		(23,17,11,)		(23,17,11,24,12,)		(23,17,11,13,)		(23,17,11,24,28,14,)		(23,17,11,15,)		(23,17,11,24,28,18,16,)		(23,17,)		(23,17,11,24,28,18,)		(23,17,27,19,)		(23,17,11,24,12,26,20,)		(23,17,11,24,12,26,21,)		(23,17,11,15,22,)		(23,)		(23,17,11,24,)		(23,17,11,24,25,)		(23,17,11,24,12,26,)	(23,17,27,)		(23,17,11,24,28,)		(23,17,11,24,28,29,)		(23,17,11,24,12,26,30,)		|
|	(27,0,0,0,0,0,0,0,0,0,0,0,0,0,0,0,0,0,0,0,0,0,0,0,0,0,0,0,0,0,1,)		(24,12,26,2,0,0,0,0,0,0,0,0,0,0,0,0,0,0,0,0,0,0,0,0,0,0,0,)		(24,25,3,)		(24,12,26,30,4,)		(24,28,5,)	(24,12,11,6,)		(24,12,11,7,)		(24,25,8,)		(25,0,0,0,0,0,0,0,0,0,0,0,0,0,0,0,0,0,0,0,0,0,0,0,0,0,0,0,0,0,9,)		(24,10,0,0,0,0,0,0,0,0,0,0,0,0,0,0,0,0,0,0,0,0,0,0,0,)		(24,12,11,)	(24,12,)		(24,12,11,13,)		(24,28,14,)		(24,12,11,15,)		(24,28,18,16,)		(24,23,17,)		(24,28,18,)		(24,28,19,)		(24,12,26,20,)		(24,12,26,21,)		(24,12,11,15,22,)		(24,23,)		(24,)		(24,25,)		(24,12,26,)		(24,23,17,27,)		(24,28,)		(24,28,29,)		(24,12,26,30,)		|
|	(29,0,0,0,0,0,0,0,0,0,0,0,0,0,0,0,0,0,0,0,0,0,0,0,0,0,0,0,0,0,1,)		(25,15,12,26,2,0,0,0,0,0,0,0,0,0,0,0,0,0,0,0,0,0,0,0,0,0,0,0,0,)		(25,3,)		(25,15,12,26,30,4,)		(25,20,29,5,)	(25,6,)		(25,13,17,11,7,)		(25,8,)		(27,0,0,0,0,0,0,0,0,0,0,0,0,0,0,0,0,0,0,0,0,0,0,0,0,0,0,0,0,0,9,)		(25,8,10,0,0,0,0,0,0,0,0,0,0,0,0,0,0,0,0,0,0,0,0,0,0,0,0,)		(25,13,17,11,)(25,15,12,)		(25,13,)		(25,8,14,)		(25,15,)		(25,8,14,16,)		(25,13,17,)		(25,13,17,11,24,28,18,)		(25,6,27,19,)		(25,20,)		(25,8,14,16,21,)		(25,15,22,)		(25,15,12,23,)		(25,13,17,11,24,)		(25,)		(25,15,12,26,)		(25,6,27,)		(25,13,17,11,24,28,)		(25,20,29,)		(25,15,12,26,30,)		|
|	(27,0,0,0,0,0,0,0,0,0,0,0,0,0,0,0,0,0,0,0,0,0,0,0,0,0,0,0,0,0,1,)		(26,2,0,0,0,0,0,0,0,0,0,0,0,0,0,0,0,0,0,0,0,0,0,0,0,0,0,)		(26,20,29,3,)		(26,30,4,)		(26,20,29,5,)		(26,21,17,11,6,)		(26,21,17,11,7,)		(26,21,17,27,8,)		(31,0,0,0,0,0,0,0,0,0,0,0,0,0,0,0,0,0,0,0,0,0,0,0,0,0,0,0,0,0,9,)		(29,21,17,11,24,10,0,0,0,0,0,0,0,0,0,0,0,0,0,0,0,0,0,0,0,0,0,0,0,0,0,)		(26,21,17,11,0,0,0,0,0,0,0,0,0,0,0,0,0,0,0,0,0,0,0,0,0,0,0,0,0,)		(26,21,17,11,24,12,)		(26,21,17,11,13,)		(26,30,28,14,)		(26,21,17,11,15,)		(26,30,28,18,16,)		(26,21,17,)		(26,30,28,18,)		(26,2,19,)		(26,20,)		(26,21,)		(26,2,19,22,)		(26,21,17,11,24,23,)		(26,21,17,11,24,)		(26,21,17,11,24,25,)		(26,)		(26,21,17,27,)		(26,30,28,)		(26,20,29,)		(26,30,)		|
|	(29,0,0,0,0,0,0,0,0,0,0,0,0,0,0,0,0,0,0,0,0,0,0,0,0,0,0,0,0,0,1,)		(27,26,2,0,0,0,0,0,0,0,0,0,0,0,0,0,0,0,0,0,0,0,0,0,0,0,0,0,0,)		(27,10,25,3,)		(27,19,30,4,)		(27,11,24,28,5,)	(27,11,6,)		(27,11,7,)		(27,8,)		(28,0,0,0,0,0,0,0,0,0,0,0,0,0,0,0,0,0,0,0,0,0,0,0,0,0,0,0,0,0,9,)		(27,10,0,0,0,0,0,0,0,0,0,0,0,0,0,0,0,0,0,0,0,0,0,0,0,0,0,0,)		(27,11,)	(27,11,24,12,)		(27,11,13,)		(27,8,14,)		(27,11,15,)		(27,19,18,16,)		(27,17,)		(27,19,18,)		(27,19,)		(27,19,20,)		(27,26,21,)	(27,19,22,)		(27,11,24,23,)		(27,11,24,)		(27,10,25,)		(27,26,)		(27,)		(27,11,24,28,)		(27,19,20,29,)		(27,19,30,)		|
|	(31,0,0,0,0,0,0,0,0,0,0,0,0,0,0,0,0,0,0,0,0,0,0,0,0,0,0,0,0,0,1,)		(31,12,26,2,0,0,0,0,0,0,0,0,0,0,0,0,0,0,0,0,0,0,0,0,0,0,0,0,0,0,0,)		(32,18,25,3,0,0,0,0,0,0,0,0,0,0,0,0,0,0,0,0,0,0,0,0,0,0,0,0,0,0,0,)		(28,13,26,30,4,0,0,0,0,0,0,0,0,0,0,0,0,0,0,0,0,0,0,0,0,0,0,0,0,0,0,0,)		(28,5,0,0,0,0,0,0,0,0,0,0,28,)		(28,12,11,6,)		(28,12,11,7,)		(28,18,25,8,)		(29,0,0,0,0,0,0,0,0,0,0,0,0,0,0,0,0,0,0,0,0,0,0,0,0,0,0,0,0,0,9,)		(28,10,0,0,0,0,0,0,0,0,0,0,0,0,0,0,0,0,0,0,0,0,0,0,0,0,0,0,0,)		(28,12,11,)		(28,12,)		(28,12,11,13,)		(28,14,)		(28,12,11,15,)		(28,18,16,)		(28,12,23,17,)		(28,18,)		(28,19,)		(28,12,26,20,)		(28,18,16,21,)		(28,18,16,22,)		(28,12,23,)		(28,12,11,24,)		(28,18,25,)		(28,12,26,)		(28,12,23,17,27,)		(28,)		(28,29,)		(28,12,26,30,)		|
|	(33,0,0,0,0,0,0,0,0,0,0,0,0,0,0,0,0,0,0,0,0,0,0,0,0,0,0,0,0,0,1,)		(29,14,13,26,2,0,0,0,0,0,0,0,0,0,0,0,0,0,0,0,0,0,0,0,0,0,0,0,0,0,0,0,0,)		(29,3,0,0,0,0,0,0,0,0,0,29,14,)		(29,5,30,4,)	(29,5,)		(29,14,12,11,6,)		(29,14,12,11,7,)		(29,15,25,8,)		(31,0,0,0,0,0,0,0,0,0,0,0,0,0,0,0,0,0,0,0,0,0,0,0,0,0,0,0,0,0,9,)		(32,15,10,0,0,0,0,0,0,0,0,0,0,0,0,0,0,0,0,0,0,0,0,0,0,0,0,0,0,0,0,)		(29,16,12,11,0,0,0,0,0,0,0,0,0,0,0,0,0,0,0,0,0,0,0,0,0,0,0,0,0,0,0,0,)		(29,14,12,0,0,0,0,0,0,0,0,0,0,0,0,29,)		(29,15,25,13,)		(29,14,)		(29,15,)		(29,5,16,)		(29,5,16,21,17,)		(29,14,12,18,)		(29,5,16,27,19,)		(29,20,)		(29,5,16,21,)		(29,15,22,)		(29,14,12,23,)		(29,14,12,11,24,)	(29,15,25,)		(29,14,12,26,)		(29,5,16,27,)		(29,5,30,28,)		(29,)		(29,5,30,)		|
|	(34,0,0,0,0,0,0,0,0,0,0,0,0,0,0,0,0,0,0,0,0,0,0,0,0,0,0,0,0,0,1,)		(30,28,12,30,2,0,0,0,0,0,0,0,0,0,0,0,0,0,0,0,0,0,0,0,0,0,0,0,0,0,0,0,0,0,)		(30,28,18,25,3,0,0,0,0,0,0,0,0,0,0,0,0,0,0,0,0,0,0,0,0,0,0,30,28,12,)		(30,4,)		(30,28,5,)		(30,6,)		(30,28,12,11,7,)		(30,6,27,8,)		(32,0,0,0,0,0,0,0,0,0,0,0,0,0,0,0,0,0,0,0,0,0,0,0,0,0,0,0,0,0,9,)		(30,31,10,0,0,0,0,0,0,0,0,0,0,0,0,0,0,0,0,0,0,0,0,0,0,0,0,0,0,0,0,0,)		(32,28,12,11,0,0,0,0,0,0,0,0,0,0,0,0,0,0,0,0,0,0,0,0,0,0,0,0,0,0,30,)		(30,32,12,0,0,0,0,0,0,0,0,0,0,0,0,0,0,0,0,0,0,0,0,0,0,0,0,0,0,0,0,0,)		(30,30,12,11,13,0,0,0,0,0,0,0,0,0,0,0,0,0,0,0,0,0,0,0,0,0,0,0,0,0,0,30,)		(30,28,14,0,0,0,0,0,0,0,0,0,0,0,0,0,0,0,0,0,0,0,0,0,0,0,0,0,0,30,)		(30,28,12,11,15,)		(30,28,18,16,)		(30,17,)	(30,28,18,)		(30,28,19,)		(30,28,12,26,20,)		(30,28,18,16,21,)		(30,28,18,16,22,)		(30,28,12,23,)		(30,28,12,11,24,)		(30,28,18,25,)		(30,28,12,26,)		(30,6,27,)		(30,28,)		(30,28,29,)		(30,)		|
Hop Count Matrix :
|0	4	4	5	2	2	2	4	30	3	1	2	2	2	2	3	4	2	2	4	4	3	3	2	3	3	5	1	2	4|
|30	1	4	3	5	3	3	5	30	5	2	4	3	5	3	3	5	2	1	2	2	2	4	3	4	1	6	4	3	2|
|30	32	2	30	32	35	36	37	38	39	40	41	42	43	44	45	46	47	48	49	50	51	52	53	54	55	56	57	58	59		|
|30	5	3	0	3	3	3	3	30	5	2	2	3	3	3	4	1	3	3	2	2	4	2	1	2	1	2	2	3	2|
|30	12	3	2	0	5	5	3	30	10	4	6	5	3	1	1	3	3	3	8	2	2	6	5	2	7	2	2	3	1|
|30	8	4	4	5	0	3	2	30	7	2	4	3	3	3	4	2	3	2	3	3	3	4	3	3	2	1	4	4	3|
|30	36	32	33	34	35	6	30	36	39	40	41	42	43	44	45	46	47	48	49	50	51	52	53	54	55	56	57	58	59		|
|30	11	3	5	6	4	4	0	30	8	3	2	4	1	4	2	2	3	5	4	3	3	3	4	2	3	3	5	5	4|
|30	11	5	4	2	3	3	3	0	4	2	1	3	5	3	3	3	2	3	3	3	1	2	3	4	2	2	4	4	3|
|30	12	2	4	5	3	3	2	30	9	2	1	3	5	3	3	1	2	4	3	3	4	2	3	1	2	2	4	4	3|
|30	14	3	5	3	1	1	3	30	12	0	2	1	3	1	4	3	3	3	4	4	2	2	1	2	3	4	2	3	4|
|30	13	4	3	4	2	2	4	30	14	1	0	2	4	2	2	2	1	3	2	2	3	1	2	3	1	3	3	3	2|
|30	18	5	7	5	3	3	3	30	16	2	4	0	5	3	6	1	5	3	6	6	4	4	3	4	5	2	4	5	6|
|30	16	3	4	5	3	3	3	30	17	2	1	3	0	3	1	3	2	3	3	2	2	2	3	2	2	2	4	4	3|
|30	17	2	4	2	2	2	2	30	15	1	1	2	4	0	3	3	2	3	2	3	1	2	2	1	2	2	3	3	3|
|30	22	2	3	2	4	4	2	30	20	3	5	4	6	4	0	2	6	2	7	1	1	5	4	1	6	1	5	6	2|
|30	21	4	6	4	2	2	2	30	19	1	3	2	4	2	5	0	4	2	5	5	3	3	2	3	4	1	3	4	5|
|30	21	2	4	2	5	5	2	30	19	4	2	2	2	2	1	3	0	2	2	2	2	3	5	1	3	2	1	2	3|
|30	23	3	2	4	2	2	4	30	21	1	3	2	4	2	2	4	1	0	1	5	1	3	2	3	4	5	3	2	1|
|30	24	2	4	2	5	5	4	30	22	4	3	4	2	2	3	5	4	5	0	4	3	4	5	3	4	4	4	1	3|
|30	26	5	2	5	3	3	3	30	24	2	4	3	5	3	6	1	5	3	6	0	4	4	3	4	5	2	4	5	1|
|30	24	4	3	1	3	3	2	30	23	2	4	3	3	2	2	2	3	2	3	3	0	4	3	3	2	1	4	4	2|
|30	28	5	7	5	3	3	3	30	26	2	4	3	5	3	6	1	5	3	6	6	4	0	3	4	5	2	4	5	6|
|30	26	2	4	2	3	3	2	30	24	2	1	3	2	3	3	2	2	2	3	3	4	1	0	1	2	3	1	2	3|
|30	28	1	5	3	1	4	1	30	26	3	2	1	2	1	3	2	6	3	1	4	2	3	4	0	3	2	5	2	4|
|30	26	3	2	3	4	4	4	30	30	28	5	4	3	4	4	2	3	2	1	1	3	5	4	5	0	3	2	2	1|
|30	28	3	3	4	2	2	1	30	27	1	3	2	2	2	3	1	2	1	2	2	2	3	2	2	1	0	3	3	2|
|30	30	30	31	12	3	3	3	30	28	2	1	3	1	3	2	3	1	1	3	3	3	2	3	2	2	4	0	1	3|
|30	32	12	3	1	4	4	3	30	30	31	15	3	1	1	2	4	3	4	1	3	2	3	4	2	3	3	3	0	2|
|30	33	29	1	2	1	4	3	30	31	30	31	31	29	4	3	1	2	2	4	4	4	3	4	3	3	2	1	2	0|
Congestion Edge Matrix :
|0.00	-nan	-nan	-nan	-nan	-nan	14400001.00	-nan	-nan	-nan	102484123435092605271865693306880.00	10021101.00	-nan	na	-nan	-nan	-nan	-nan	-nan	-nan	-nan	-nan	-nan	-nan	-nan	-nan	-nan	174.90	-nan	-nan		|
|-nan	0.00	-nan	-nan	-nan	-nan	-nan	-nan	-nan	-nan	-nan	-nan	-nan	-nan	-nan	-nan	-nan	-nan	558.02	-nan	-nan	-nan	-nan	-nan	-nan	255.53	-nan	-nan	-nan	-nan		|
|-nan	-nan	0.00	-nan	-nan	-nan	-nan	-nan	-nan	-nan	-nan	-nan	-nan	-nan	-nan	-nan	-nan	-nan	-nan	-nan	-nan	-nan	-nan	-nan	-nan	-nan	-nan	-nan	-nan	-nan		|
|-nan	-nan	-nan	0.00	-nan	-nan	-nan	-nan	-nan	-nan	-nan	-nan	-nan	-nan	-nan	-nan	887.57	-nan	-nan	-nan	-nan	-nan	-nan	71293305361674542127609481789440.00	-nan	182.00	-nan	-nan	-nan	-nan		|
|-nan	-nan	-nan	-nan	0.00	-nan	-nan	-nan	-nan	-nan	-nan	-nan	-nan	-nan	1042005108059013120.00	inf	-nan	-nan	-nan	-nan	-nan	-nan	-nan	-nan	-nan	-nan	-nan	-nan	-nan	inf		|
|-nan	-nan	-nan	-nan	-nan	0.00	-nan	-nan	-nan	-nan	-nan	-nan	-nan	-nan	-nan	-nan	-nan	-nan	-nan	-nan	-nan	-nan	-nan	-nan	-nan	-nan	10977.07	-nan	-nan	-nan		|
|-nan	-nan	-nan	-nan	-nan	-nan	0.00	-nan	-nan	-nan	-nan	-nan	-nan	-nan	-nan	-nan	-nan	-nan	-nan	-nan	-nan	-nan	-nan	-nan	-nan	-nan	-nan	-nan	-nan	-nan		|
|-nan	-nan	-nan	-nan	-nan	-nan	-nan	0.00	-nan	106613582037346418688.00	-nan	-nan	-nan	542939528990556160.00	-nan	-nan	-nan	-nan	-nan	-nan	-nan	-nan	-nan	-nan	-nan	-nan	-nan	-nan	-nan	-nan		|
|-nan	-nan	-nan	-nan	-nan	-nan	-nan	-nan	0.00	-nan	-nan	229.12	-nan	-nan	-nan	-nan	-nan	-nan	-nan	-nan	-nan	94.00	-nan	-nan	-nan	-nan	-nan	-nan	-nan	-nan		|
|-nan	-nan	-nan	-nan	-nan	-nan	-nan	-nan	-nan	0.00	-nan	41689092.00	-nan	-nan	-nan	-nan	97.00	-nan	-nan	-nan	-nan	-nan	-nan	-nan	653.80	-nan	-nan	-nan	-nan	-nan		|
|-nan	-nan	-nan	-nan	-nan	241.39	254.07	-nan	-nan	-nan	0.00	-nan	205.95	-nan	440.20	-nan	-nan	-nan	-nan	-nan	-nan	-nan	-nan	13.70	-nan	-nan	-nan	-nan	-nan	-nan		|
|-nan	-nan	-nan	-nan	-nan	-nan	-nan	-nan	-nan	-nan	5.61	0.00	-nan	-nan	-nan	-nan	-nan	261.88	-nan	-nan	-nan	-nan	5.37	-nan	-nan	11.10	-nan	-nan	-nan	-nan		|
|-nan	-nan	-nan	-nan	-nan	-nan	-nan	-nan	-nan	-nan	-nan	-nan	0.00	-nan	-nan	-nan	inf	-nan	-nan	-nan	-nan	-nan	-nan	-nan	-nan	-nan	-nan	-nan	-nan	-nan		|
|-nan	-nan	-nan	-nan	-nan	-nan	-nan	-nan	-nan	-nan	-nan	686.14	-nan	0.00	-nan	288.90	-nan	-nan	-nan	-nan	-nan	-nan	-nan	-nan	-nan	-nan	-nan	-nan	-nan	-nan		|
|-nan	-nan	-nan	-nan	-nan	-nan	-nan	-nan	-nan	2531686.50	271.87	547.77	-nan	-nan	0.00	-nan	-nan	-nan	-nan	-nan	-nan	1747396655419752448.00	-nan	-nan	1484.77	-nan	-nan	-nan	-nan	-nan		|
|-nan	-nan	-nan	-nan	-nan	-nan	-nan	-nan	-nan	-nan	-nan	-nan	-nan	-nan	-nan	0.00	-nan	-nan	-nan	-nan	4.32	179.52	-nan	-nan	102.57	-nan	102.39	-nan	-nan	-nan		|
|-nan	-nan	-nan	-nan	-nan	-nan	-nan	-nan	-nan	-nan	17.34	-nan	-nan	-nan	-nan	-nan	0.00	-nan	-nan	-nan	-nan	-nan	-nan	-nan	-nan	-nan	389.22	-nan	-nan	-nan		|
|-nan	-nan	-nan	-nan	-nan	-nan	-nan	-nan	-nan	-nan	-nan	-nan	-nan	-nan	-nan	432.73	-nan	0.00	-nan	-nan	-nan	-nan	-nan	-nan	302.70	-nan	-nan	262.27	-nan	-nan		|
|-nan	-nan	-nan	-nan	-nan	-nan	-nan	-nan	-nan	-nan	579.18	-nan	-nan	-nan	-nan	-nan	-nan	388.04	0.00	9.75	-nan	96.00	-nan	-nan	-nan	-nan	-nan	-nan	-nan	22.41		|
|-nan	-nan	-nan	-nan	-nan	-nan	-nan	-nan	-nan	-nan	-nan	-nan	-nan	-nan	-nan	-nan	-nan	-nan	-nan	0.00	-nan	-nan	-nan	-nan	-nan	-nan	-nan	-nan	4876.83-nan		|
|-nan	-nan	-nan	-nan	-nan	-nan	-nan	-nan	-nan	-nan	-nan	-nan	-nan	-nan	-nan	-nan	7.21	-nan	-nan	-nan	0.00	-nan	-nan	-nan	-nan	-nan	-nan	-nan	-nan	217955.44		|
|-nan	-nan	-nan	-nan	97.91	-nan	-nan	-nan	-nan	-nan	-nan	-nan	-nan	-nan	-nan	-nan	-nan	-nan	-nan	-nan	-nan	0.00	-nan	-nan	-nan	-nan	21593.00	-nan	-nan	-nan		|
|-nan	-nan	-nan	-nan	-nan	-nan	-nan	-nan	-nan	-nan	-nan	-nan	-nan	-nan	-nan	-nan	13.71	-nan	-nan	-nan	-nan	-nan	0.00	-nan	-nan	-nan	-nan	-nan	-nan	-nan		|
|-nan	-nan	-nan	-nan	-nan	-nan	-nan	-nan	-nan	3.64	-nan	10.47	-nan	-nan	-nan	-nan	-nan	-nan	-nan	-nan	-nan	-nan	11.10	0.00	360.08	-nan	-nan	396.90	-nan	-nan		|
|-nan	-nan	inf	-nan	-nan	103.98	-nan	1884816786491175829213202930991104.00	-nan	-nan	-nan	-nan	248.87	-nan	1045.06	-nan	-nan	-nan	-nan	141.00	-nan	-nan	-nan	-nan	0.00	-nan	-nan	-nan	-nan	-nan		|
|-nan	197.78	-nan	-nan	-nan	-nan	-nan	-nan	-nan	-nan	-nan	-nan	-nan	-nan	-nan	-nan	-nan	-nan	-nan	168.37	314.74	-nan	-nan	-nan	-nan	0.00	-nan	-nan	-nan	4874.86		|
|-nan	-nan	-nan	-nan	-nan	-nan	-nan	270.91	-nan	1964.60	66316.47	-nan	-nan	-nan	-nan	-nan	416611827712.00	-nan	210.59	-nan	-nan	-nan	-nan	-nan	-nan	59107893978333184.00	0.00	-nan	-nan	-nan		|
|-nan	-nan	-nan	-nan	659.25	-nan	-nan	-nan	-nan	5.00	-nan	8.66	-nan	38766487530315239410106368.00	-nan	-nan	-nan	12.20	130.11	-nan	-nan	-nan	-nan	-nan	-nan	-nan	-nan	0.00	210.80	-nan		|
|-nan	-nan	1516220406966559987195036303360.00	-nan	6877.05	-nan	-nan	-nan	-nan	-nan	-nan	-nan	-nan	inf	7130.31	-nan	-nan	-nan	-nan	2.57	-nan	-nan	-nan	-nan	-nan	-nan	-nan	-nan	0.00	-nan		|
|-nan	-nan	-nan	54745340.00	-nan	99.82	-nan	-nan	-nan	-nan	-nan	-nan	-nan	-nan	-nan	-nan	267.71	-nan	-nan	-nan	-nan	-nan	-nan	-nan	-nan	-nan	-nan	283.51-nan	0.00		|

Predicted Path Delay Matrix :
|0	198	289	289	186	183	183	285	10000000	99	92	99	182	99	185	189	105	99	193	193	191	282	100	96	191	103	204	95	194	197		|
|10000000	0	293	193	284	190	190	294	10000000	106	99	107	189	197	192	282	112	192	96	101	186	192	107	103	200	94	211	193	195	101		|
|10000000	10000000	0	10000000	10000000	10000000	10000000	10000000	10000000	10000000	10000000	10000000	10000000	10000000	10000000	10000000	10000000	10000000	10000000	10000000	10000000	10000000	10000000	10000000	10000000	10000000	10000000	10000000	10000000	10000000	|
|10000000	186	291	0	277	192	192	287	10000000	99	101	100	191	190	194	280	96	190	282	181	183	291	100	96	193	91	195	186	275	185		|
|10000000	212	285	191	0	196	196	277	10000000	112	105	113	195	198	95	95	100	198	283	207	97	188	113	109	187	117	185	194	293	99		|
|10000000	286	380	289	375	0	281	186	10000000	185	190	198	280	285	283	378	191	288	192	197	283	288	198	194	282	191	94	284	291	197		|
|10000000	10000000	10000000	10000000	10000000	10000000	0	10000000	10000000	10000000	10000000	10000000	10000000	10000000	10000000	10000000	10000000	10000000	10000000	10000000	10000000	10000000	10000000	10000000	10000000	10000000	10000000	10000000	10000000	10000000	|
|10000000	279	285	370	368	274	274	0	10000000	90	183	180	273	99	276	195	187	276	375	274	197	288	182	187	187	184	285	277	368	278		|
|10000000	193	296	284	191	188	188	282	0	104	97	94	187	195	190	280	101	190	288	188	190	94	96	101	198	98	190	191	282	192		|
|10000000	189	195	280	278	184	184	191	10000000	0	93	90	183	191	186	276	97	186	285	184	186	283	92	97	97	94	196	187	278	188		|
|10000000	107	199	198	185	91	91	195	10000000	7	0	8	90	98	93	188	13	98	192	102	104	190	8	4	101	12	112	94	193	106		|
|10000000	99	202	190	188	94	94	198	10000000	10	3	0	93	101	96	186	7	96	195	94	96	193	2	7	104	4	106	97	188	98		|
|10000000	206	298	297	284	190	190	285	10000000	106	99	107	0	197	192	287	94	197	291	201	203	289	107	103	200	111	193	193	292	205		|
|10000000	194	288	285	283	189	189	278	10000000	105	98	95	188	0	191	96	101	191	284	189	98	189	97	102	190	99	186	192	283	193		|
|10000000	197	190	288	194	190	190	186	10000000	95	99	98	186	197	0	284	105	194	291	186	194	97	100	103	92	102	193	193	280	196		|
|10000000	117	192	190	190	101	101	182	10000000	17	10	18	100	108	103	0	5	108	188	112	2	93	18	14	94	22	90	104	203	98		|
|10000000	112	204	203	190	96	96	191	10000000	12	5	13	95	103	98	193	0	103	197	107	109	195	13	9	106	17	99	99	198	111		|
|10000000	199	190	280	187	191	191	186	10000000	101	100	100	186	100	191	90	95	0	194	186	92	183	102	104	92	104	180	96	195	188		|
|10000000	110	197	97	188	94	94	198	10000000	10	3	11	93	101	96	186	16	96	0	5	107	96	11	7	104	15	115	97	99	5		|
|10000000	386	192	376	185	381	381	377	10000000	286	290	287	377	192	191	280	285	383	468	0	282	288	289	294	283	291	370	379	94	284		|
|10000000	115	207	188	193	99	99	194	10000000	15	8	16	98	106	101	196	3	106	200	110	0	198	16	12	109	20	102	102	201	96		|
|10000000	288	382	288	97	283	283	188	10000000	187	192	200	282	287	192	192	193	290	194	199	194	0	200	196	284	193	96	286	293	196		|
|10000000	117	209	208	195	101	101	196	10000000	17	10	18	100	108	103	198	5	108	202	112	114	200	0	14	111	22	104	104	203	116		|
|10000000	103	195	194	181	98	98	191	10000000	3	7	4	97	94	100	184	9	94	188	98	100	197	4	0	97	8	108	90	189	102		|
|10000000	296	98	387	279	99	284	94	10000000	184	193	197	94	193	99	289	188	291	291	94	291	196	199	197	0	201	193	287	188	295		|
|10000000	95	282	186	275	191	191	286	10000000	107	100	108	190	193	193	283	95	193	191	90	92	287	108	104	201	0	194	189	184	94		|
|10000000	192	286	195	281	187	187	92	10000000	91	96	104	186	191	189	284	97	194	98	103	189	194	104	100	188	97	0	190	197	103		|
|10000000	103	194	194	91	98	98	190	10000000	5	7	4	97	4	100	94	11	4	98	98	96	187	6	11	96	8	110	099	102		|
|10000000	292	98	282	91	287	287	283	10000000	192	196	193	283	98	97	186	191	289	374	2	188	194	195	200	189	197	276	285	0	190		|
|10000000	198	289	92	186	97	193	283	10000000	100	102	99	192	99	195	189	99	99	193	193	191	282	101	106	191	103	191	95	194	0		|

Final Congestion Actual Delay Matrix :
|0.00	-nan	inf	-nan	834.15	102484123435092605271865693306880.00	102484123435092605271865693306880.00	1884816786491175829213202930991104.00	-nan	-nan	102484123435092605271865693306880.00	10021285.00	102484123435092605271865693306880.00	38766487530315239410106368.00	-nan	619.83	-nan	-nan	305.01	363.03	624.15	102484123435092605271865693306880.00	-nan	102484123435092605271865693306880.00	-nan	-nan	102484123435092605271865693306880.00	174.90	-nan	5069.52		|
|0.00	0.00	1516220406966559987195036303360.00	54745920.00	2207.06	1378.60	1391.27	1884816786491175829213202930991104.00	0.00	1154.55	1137.21	1161.38	1343.16	38766487530315239410106368.00	1577.41	1378.79	1175.72946.07	558.02	567.78	570.26	654.02	1162.01	1150.91	1510.98	255.53	1564.94	-nan	5444.60	580.43		|
|19.00	0.00	0.00	19.00	-nan	-nan	14400001.00	-nan	-nan	-nan	102484123435092605271865693306880.00	10021101.00	-nan	0.00	-nan	-nan	-nan	-nan	-nan	-nan	-nan	-nan	-nan	-nan	-nan	-nan	-nan	-nan	-nan	0.00		|
|0.00	379.78	inf	0.00	71293305361674542127609481789440.00	1146.30	1158.98	1956110062838630700589712219832320.00	0.00	71293305361674542127609481789440.00	904.91	71293305361674542127609481789440.00	1110.8671293344047300769795743072387072.00	1345.11	71293305361674542127609481789440.00	887.57	71293305361674542127609481789440.00	937.81	350.37	496.74	1747396655419752448.00	71293305361674542127609481789440.00	71293305361674542127609481789440.00	71293305361674542127609481789440.00	182.00	1276.79	-nan	5227.20	5056.86		|
|0.00	inf	inf	inf	0.00	inf	inf	inf	0.00	inf	inf	inf	inf	inf	1042005108059013120.00	inf	inf	inf	inf	inf	inf	inf	inf	inf	1042005108059013120.00inf	inf	-nan	inf	inf		|
|0.00	59107893978333184.00	inf	54756552.00	78363.39	0.00	77547.60	11247.99	0.00	12941.68	77293.54	77317.72	77499.49	542939528990556160.00	77733.74	12008.43	416611827712.00	11575.71	11187.67	11197.42	59107893978333184.00	11283.67	77318.34	77307.24	13595.48	59107893978333184.00	10977.07	-nan	16074.24	11210.07		|
|0.00	-nan	-nan	-nan	-nan	0.00	0.00	0.00	-nan	-nan	102484123435092605271865693306880.00	10021101.00	-nan	0.00	-nan	-nan	-nan	-nan	-nan	-nan	-nan	-nan	-nan	-nan	-nan	-nan	-nan	-nan	-nan	0.00		|
|0.00	106613582037346418688.00	inf	106613582037346418688.00	106613582037346418688.00	106613582037346418688.00	106613582037346418688.00	0.00	0.00	213227164074692837376.00	106613582037346418688.00	106613582037346418688.00	106613582037346418688.00	542939528990556160.00	106613582037346418688.00	542939528990556160.00	106613582037346418688.00	106613582037346418688.00	106613582037346418688.00	106613582037346418688.00	542939528990556160.00	542939528990556160.00	106613582037346418688.00	106613582037346418688.00	106613582037346418688.00	106613582037346418688.00	542939528990556160.00	-nan	106613582037346418688.00	106613582037346418688.00		|
|0.00	438.01	inf	54750456.00	191.91	476.13	488.80	21957.91	0.00	252.08	234.73	229.12	440.69	38766487530315239410106368.00	674.94	923.74	248.20	491.01	21897.59	408.60	554.96	0.00	234.49248.44	608.51	240.22	21687.00	-nan	5285.42	5115.08		|
|0.00	41689300.00	inf	96439320.00	41690164.00	41689336.00	41689352.00	1884816786491175829213202930991104.00	0.00	0.00	41689096.00	41689092.00	41689300.00	38766487530315239410106368.00	41689536.00	41689784.00	0.00	41689352.00	41689860.00	41689272.00	41689420.00	1747396655419752448.00	41689096.00	41689108.00	653.80	41689104.00	486.22	-nan	41694148.00	41693980.00	|
|0.00	233.06	inf	54750252.00	1069.85	241.39	254.07	1884816786491175829213202930991104.00	0.00	17.34	0.00	24.17	205.95	38766487530315239410106368.00	440.20	855.53	38.52	422.80	540.71	203.65	350.011747396655419752448.00	24.80	13.70	373.78	35.27	427.74	-nan	621.40	4910.13		|
|0.00	208.88	inf	54750224.00	1075.46	247.00	259.68	1884816786491175829213202930991104.00	0.00	22.96	5.61	0.00	211.56	38766487530315239410106368.00	445.82	694.61	19.08	261.88	766.91	179.47	325.841747396655419752448.00	5.37	19.31	379.39	11.10	408.30	-nan	5056.30	4885.96		|
|0.00	inf	inf	inf	inf	inf	inf	inf	0.00	inf	inf	inf	0.00	inf	inf	inf	inf	inf	inf	inf	inf	inf	inf	inf	inf	-nan	inf	-nan	inf	inf		|
|0.00	895.02	inf	54750912.00	1761.60	933.15	945.82	662.20	0.00	709.10	691.75	686.14	-nan	0.00	1131.96	288.90	300.42	948.02	601.88	865.61	293.22	468.42	691.51	705.45	391.47	697.24	391.29	-nan	5742.44	5572.10		|
|0.00	756.66	inf	54750772.00	1747396655419752448.00	513.26	525.94	1884816786491175829213202930991104.00	0.00	5063373.00	271.87	547.77	1733.64	38766487530315239410106368.00	0.00	1242.39	566.86	809.661747396655419752448.00	1625.77	873.61	1747396655419752448.00	553.14	285.57	1484.77	558.87	1747396655419752448.00	-nan	6502.60	5433.73		|
|0.00	261.92	inf	54963300.00	277.44	270.26	282.93	373.30	0.00	46.21	28.87	-nan	234.82	38766487530315239410106368.00	469.07	0.00	11.52	451.67	312.98	232.51	4.32	179.52	53.67	42.57	102.5764.14	102.39	-nan	650.27	217959.75		|
|0.00	250.40	inf	54750268.00	1087.19	258.73	271.41	660.14	0.00	34.69	17.34	41.52	223.29	38766487530315239410106368.00	457.54	872.87	0.00	440.14	599.81	220.99	367.35	1747396655419752448.00	42.14	31.04	391.12	52.62	389.22	-nan	638.74	4927.48		|
|0.00	479.81	inf	54963732.00	921.52	702.99	715.66	1884816786491175829213202930991104.00	0.00	267.27	461.59	270.93	551.57	38766487530315239410106368.00	1347.76	432.73	444.25	0.00	392.38	443.70	437.05612.25	276.30	475.30	302.70	282.03	535.11	262.27	473.08	218392.48		|
|0.00	812.24	1516220406966559987195036303360.00	54745364.00	1649.03	820.57	833.25	1884816786491175829213202930991104.00	0.00	596.53	579.18	603.36	785.13	38766487530315239410106368.00	1019.39	820.77	617.70388.04	0.00	9.75	929.19	0.00	603.99	592.88	952.96	614.46	1006.92	-nan	4886.58	22.41		|
|0.00	inf	1516220406966559987195036303360.00	inf	11753.88	inf	inf	1884816786491175829213202930991104.00	0.00	2543693.75	inf	inf	13740.78	inf	12007.14	inf	inf	inf	inf	0.00	inf	1747396655419752448.00	inf	inf	13491.91	inf	inf	-nan	4876.83	inf		|
|0.00	257.61	inf	54963296.00	1094.40	265.94	278.61	667.34	0.00	41.89	24.55	48.72	230.50	38766487530315239410106368.00	464.75	880.08	7.21	447.35	607.02	228.20	0.00	1747396655419752448.00	49.35	38.25	398.32	59.82	396.43	-nan	645.95	217955.44		|
|0.00	59107893978333184.00	inf	inf	97.91	88150.86	88163.53	21863.91	0.00	23557.61	87909.47	87933.65	88115.42	542939528990556160.00	1042005108059013120.00	inf	416611860480.00	22191.63	21803.59	21813.35	inf	0.00	87934.27	87923.17	1042005108059013120.00	59107893978333184.00	21593.00	-nan	26690.17	inf		|
|0.00	264.11	inf	54750280.00	1100.90	272.45	285.12	673.85	0.00	48.40	31.05	55.23	237.00	38766487530315239410106368.00	471.26	886.58	13.71	453.85	613.53	234.70	381.06	1747396655419752448.00	0.00	44.75	404.83	66.33	402.93	-nan	652.46	4941.19		|
|0.00	219.36	inf	54750236.00	1056.15	257.48	270.15	1884816786491175829213202930991104.00	0.00	7.29	16.08	10.47	222.03	38766487530315239410106368.00	456.29	841.83	24.81	409.10	527.01	189.95	336.311747396655419752448.00	11.10	0.00	360.08	21.57	414.04	396.90	607.70	4896.43		|
|0.00	1801.72	inf	54751820.00	11894.88	103.98	inf	1884816786491175829213202930991104.00	0.00	1884816786491175829213202930991104.00	inf	1592.84	248.87	1884816786491175829213202930991104.00	1045.061884816786491175829213202930991104.00	inf	inf	11291.65	141.00	1884816786491175829213202930991104.00	1747396655419752448.00	1598.21	inf	0.00	1603.94	11081.06	-nan	5017.83	6478.80		|
|0.00	395.57	1516220406966559987195036303360.00	54750216.00	11922.25	580.68	593.35	982.08	0.00	-nan	339.28	363.46	545.23	38766487530315239410106368.00	779.49	5603.30	321.94	5170.58	755.81	168.37314.74	851.81	364.09	352.98	713.06	0.00	711.17	-nan	5045.20	4874.86		|
|0.00	59107893978333184.00	inf	54745572.00	67386.32	66557.86	66570.53	270.91	0.00	3929.21	66316.47	66340.65	66522.42	542939528990556160.00	66756.67	1031.36	416611827712.00	598.63	210.59	220.35	59107893978333184.00	306.59	66341.27	66330.17	2618.41	59107893978333184.00	0.00	-nan	5097.17	233.00		|
|0.00	236.88	inf	-nan	1318.50	255.66	268.34	1884816786491175829213202930991104.00	0.00	5.00	14.27	8.66	-nan	38766487530315239410106368.00	454.47	444.93	27.74	12.20	130.11	188.13	449.25	624.4514.03	27.97	314.90	19.76	416.96	0.00	210.80	4894.62		|
|19.00	-nan	inf	inf	6877.05	inf	inf	1884816786491175829213202930991104.00	0.00	2531688.50	-nan	inf	8863.95	inf	7130.31	-nan	inf	inf	inf	2.57	-nan	1747396655419752448.00inf	inf	8615.08	inf	inf	inf	0.00	inf		|
|0.00	-nan	inf	54745340.00	942.76	99.82	551.85	11347.80	1.00	25.00	16.27	2.00	-nan	38766487530315239410106368.00	737.99	728.44	267.71	295.72	413.62	471.64	732.76	907.97	297.54	311.48598.41	303.27	11076.89	283.51	494.32	0.00		|
*****************Final Output :*****************

Shorest Path between source 3 and destination 26 is: 10000000.


Shorest Path between source 3 and destination 26 is: -nan.

Hop Count for source 3 and destination 26 is: 55.

Total Running Time of the Algorithm in Seconds is 0.0108630


Total no.of Key-Basic Operations are : 53195

*********************************************
****************************************************

GivenExampleStrategy

Size of Given input Graph is : 30
Path Matrix :
|	(1,)		(1,28,12,26,2,)		(1,28,18,25,3,)		(1,28,12,26,30,4,)		(1,28,5,)		(1,11,6,)		(1,11,7,)		(1,28,18,25,8,)		(4,0,0,0,0,0,0,0,0,0,0,0,0,0,0,0,0,0,0,0,0,0,0,0,0,0,0,0,0,0,9,)		(1,11,24,10,)		(1,11,)		(1,28,12,)		(1,11,13,)		(1,28,14,)		(1,11,15,)		(1,28,18,16,)		(1,11,24,23,17,)	(1,28,18,)		(1,28,19,)		(1,28,12,26,20,)		(1,28,18,16,21,)		(1,11,15,22,)		(1,11,24,23,)		(1,11,24,)		(1,28,18,25,)		(1,28,12,26,)		(1,11,24,23,17,27,)		(1,28,)		(1,28,29,)		(1,28,12,26,30,)		|
|	(2,0,0,0,0,0,0,0,0,0,0,0,0,0,0,0,0,0,0,0,0,0,0,0,0,0,0,0,0,0,1,)		(2,0,)		(2,19,20,29,3,)		(2,19,30,4,)		(2,19,11,24,28,5,)		(2,19,11,6,)		(2,19,11,7,)		(2,19,11,24,25,8,)		(6,0,0,0,0,0,0,0,0,0,0,0,0,0,0,0,0,0,0,0,0,0,0,0,0,0,0,0,0,0,9,)		(2,19,11,24,10,0,)		(2,19,11,)		(2,19,11,24,12,)		(2,19,11,13,)		(2,19,11,24,28,14,)		(2,19,11,15,)		(2,19,18,16,)		(2,19,11,24,23,17,)		(2,19,18,)		(2,19,)		(2,19,20,)		(2,26,21,)		(2,19,22,)		(2,19,11,24,23,)		(2,19,11,24,)		(2,19,11,24,25,)		(2,26,)		(2,19,11,24,23,17,27,)		(2,19,11,24,28,)		(2,19,20,29,)		(2,19,30,)		|
|	(33,0,0,0,0,0,0,0,0,0,0,0,0,0,0,0,0,0,0,0,0,0,0,0,0,0,0,0,0,0,1,)		(3,0,3,0,0,0,0,0,0,0,0,0,0,0,0,0,0,0,0,0,0,0,0,0,0,0,0,0,0,0,2,0,0,)		(0,3,0,)		(33,0,0,0,0,0,0,0,0,0,0,0,0,0,0,0,0,0,0,0,0,0,0,0,0,0,0,0,0,0,4,)		(3,0,36,0,0,0,0,0,0,0,0,0,0,0,0,0,0,0,0,0,0,0,0,0,0,0,0,0,0,0,5,0,0,)		(3,0,0,0,0,37,0,0,0,0,0,0,0,0,0,0,0,0,0,0,0,0,0,0,0,0,0,0,0,0,0,0,0,0,3,0,)		(3,0,0,0,0,0,38,0,0,0,0,0,0,0,0,0,0,0,0,0,0,0,0,0,0,0,0,0,0,0,0,0,3,0,0,0,0,)		(3,0,0,0,0,0,0,39,0,0,0,0,0,0,0,0,0,0,0,0,0,0,0,0,0,0,0,0,0,0,0,0,3,0,0,0,0,0,)		(3,0,0,0,0,0,0,0,40,0,0,0,0,0,0,0,0,0,0,0,0,0,0,0,0,0,0,0,0,0,0,0,3,0,0,0,0,0,0,)		(3,0,0,0,0,0,0,0,0,41,0,0,0,0,0,0,0,0,0,0,0,0,0,0,0,0,0,0,0,0,0,0,3,0,0,0,0,0,0,0,)		(3,0,0,0,0,0,0,0,0,0,42,0,0,0,0,0,0,0,0,0,0,0,0,0,0,0,0,0,0,0,0,0,3,0,0,0,0,0,0,0,0,)		(3,0,0,0,0,0,0,0,0,0,0,43,0,0,0,0,0,0,0,0,0,0,0,0,0,0,0,0,0,0,0,0,3,0,0,0,0,0,0,0,0,0,)		(3,0,0,0,0,0,0,0,0,0,0,0,44,0,0,0,0,0,0,0,0,0,0,0,0,0,0,0,0,0,0,0,3,0,0,0,0,0,0,0,0,0,0,)		(3,0,0,0,0,0,0,0,0,0,0,0,0,45,0,0,0,0,0,0,0,0,0,0,0,0,0,0,0,0,0,0,3,0,0,0,0,0,0,0,0,0,0,0,)		(3,0,0,0,0,0,0,0,0,0,0,0,0,0,46,0,0,0,0,0,0,0,0,0,0,0,0,0,0,0,0,0,3,0,0,0,0,0,0,0,0,0,0,0,0,)		(3,0,0,0,0,0,0,0,0,0,0,0,0,0,0,47,0,0,0,0,0,0,0,0,0,0,0,0,0,0,0,0,3,0,0,0,0,0,0,0,0,0,0,0,0,0,)		(3,0,0,0,0,0,0,0,0,0,0,0,0,0,0,0,48,0,0,0,0,0,0,0,0,0,0,0,0,0,0,0,3,0,0,0,0,0,0,0,0,0,0,0,0,0,0,)		(3,0,0,0,0,0,0,0,0,0,0,0,0,0,0,0,0,49,0,0,0,0,0,0,0,0,0,0,0,0,0,0,3,0,0,0,0,0,0,0,0,0,0,0,0,0,0,0,)		(3,0,0,0,0,0,0,0,0,0,0,0,0,0,0,0,0,0,50,0,0,0,0,0,0,0,0,0,0,0,0,0,3,0,0,0,0,0,0,0,0,0,0,0,0,0,0,0,0,)		(3,0,0,0,0,0,0,0,0,0,0,0,0,0,0,0,0,0,0,51,0,0,0,0,0,0,0,0,0,0,0,0,3,0,0,0,0,0,0,0,0,0,0,0,0,0,0,0,0,0,)		(3,0,0,0,0,0,0,0,0,0,0,0,0,0,0,0,0,0,0,0,52,0,0,0,0,0,0,0,0,0,0,0,3,0,0,0,0,0,0,0,0,0,0,0,0,0,0,0,0,0,0,)		(3,0,0,0,0,0,0,0,0,0,0,0,0,0,0,0,0,0,0,0,0,53,0,0,0,0,0,0,0,0,0,0,3,0,0,0,0,0,0,0,0,0,0,0,0,0,0,0,0,0,0,0,)		(3,0,0,0,0,0,0,0,0,0,0,0,0,0,0,0,0,0,0,0,0,0,54,0,0,0,0,0,0,0,0,0,3,0,0,0,0,0,0,0,0,0,0,0,0,0,0,0,0,0,0,0,0,)		(3,0,0,0,0,0,0,0,0,0,0,0,0,0,0,0,0,0,0,0,0,0,0,55,0,0,0,0,0,0,0,0,3,0,0,0,0,0,0,0,0,0,0,0,0,0,0,0,0,0,0,0,0,0,)		(3,0,0,0,0,0,0,0,0,0,0,0,0,0,0,0,0,0,0,0,0,0,0,0,56,0,0,0,0,0,0,0,3,0,0,0,0,0,0,0,0,0,0,0,0,0,0,0,0,0,0,0,0,0,0,)		(3,0,0,0,0,0,0,0,0,0,0,0,0,0,0,0,0,0,0,0,0,0,0,0,0,57,0,0,0,0,0,0,3,0,0,0,0,0,0,0,0,0,0,0,0,0,0,0,0,0,0,0,0,0,0,0,)		(3,0,0,0,0,0,0,0,0,0,0,0,0,0,0,0,0,0,0,0,0,0,0,0,0,0,58,0,0,0,0,0,3,0,0,0,0,0,0,0,0,0,0,0,0,0,0,0,0,0,0,0,0,0,0,0,0,)		(3,0,0,0,0,0,0,0,0,0,0,0,0,0,0,0,0,0,0,0,0,0,0,0,0,0,0,59,0,0,0,0,3,0,0,0,0,0,0,0,0,0,0,0,0,0,0,0,0,0,0,0,0,0,0,0,0,0,)		(3,0,0,0,0,0,0,0,0,0,0,0,0,0,0,0,0,0,0,0,0,0,0,0,0,0,0,0,60,0,0,0,3,0,0,0,0,0,0,0,0,0,0,0,0,0,0,0,0,0,0,0,0,0,0,0,0,0,0,)		(3,0,0,0,0,0,0,0,0,0,0,0,0,0,0,0,0,0,0,0,0,0,0,0,0,0,0,0,0,0,0,0,3,0,0,0,0,0,0,0,0,0,0,0,0,0,0,0,0,0,0,0,0,0,0,0,0,0,0,0,)		|
|	(6,0,0,0,0,0,0,0,0,0,0,0,0,0,0,0,0,0,0,0,0,0,0,0,0,0,0,0,0,0,1,)		(4,26,2,0,0,0,)		(4,24,25,3,)		(4,)		(4,24,28,5,)		(4,17,11,6,)		(4,17,11,7,)		(4,24,25,8,)		(6,0,0,0,0,0,0,0,0,0,0,0,0,0,0,0,0,0,0,0,0,0,0,0,0,0,0,0,0,0,9,)		(4,24,10,0,0,0,)		(4,17,11,)		(4,24,12,)		(4,17,11,13,)		(4,24,28,14,)		(4,17,11,15,)		(4,24,28,18,16,)		(4,17,)		(4,24,28,18,)		(4,26,2,19,)		(4,26,20,)		(4,26,21,)		(4,17,11,15,22,)		(4,24,23,)		(4,24,)		(4,24,25,)		(4,26,)		(4,17,27,)		(4,24,28,)		(4,26,20,29,)		(4,26,30,)		|
|	(13,0,0,0,0,0,0,0,0,0,0,0,0,0,0,0,0,0,0,0,0,0,0,0,0,0,0,0,0,0,1,)		(5,16,21,17,11,24,12,26,2,0,0,0,0,)		(5,15,25,3,)		(5,30,4,)		(5,)		(5,16,21,17,11,6,)		(5,16,21,17,11,7,)		(5,16,27,8,)		(11,0,0,0,0,0,0,0,0,0,0,0,0,0,0,0,0,0,0,0,0,0,0,0,0,0,0,0,0,0,9,)		(5,16,21,17,11,24,10,0,0,0,0,)		(5,16,21,17,11,)		(5,16,21,17,11,24,12,)(5,16,21,17,11,13,)		(5,30,28,14,)		(5,15,)		(5,16,)		(5,16,21,17,)		(5,30,28,18,)		(5,16,27,19,)		(5,16,21,17,11,24,12,26,20,)		(5,16,21,)		(5,16,22,)		(5,16,21,17,11,24,23,)		(5,16,21,17,11,24,)		(5,15,25,)		(5,16,21,17,11,24,12,26,)		(5,16,27,)		(5,30,28,)		(5,30,28,29,)		(5,30,)		|
|	(9,0,0,0,0,0,0,0,0,0,0,0,0,0,0,0,0,0,0,0,0,0,0,0,0,0,0,0,0,0,1,)		(6,27,26,2,0,0,0,0,0,)		(6,27,10,25,3,)		(6,27,19,30,4,)		(6,27,11,24,28,5,)		(6,)		(6,27,11,7,)	(6,27,8,)		(8,0,0,0,0,0,0,0,0,0,0,0,0,0,0,0,0,0,0,0,0,0,0,0,0,0,0,0,0,0,9,)		(6,27,10,0,0,0,0,0,)		(6,27,11,)		(6,27,11,24,12,)		(6,27,11,13,)		(6,27,8,14,)	(6,27,11,15,)		(6,27,19,18,16,)		(6,27,17,)		(6,27,19,18,)		(6,27,19,)		(6,27,19,20,)		(6,27,26,21,)		(6,27,19,22,)		(6,27,11,24,23,)		(6,27,11,24,)		(6,27,10,25,)		(6,27,26,)		(6,27,)		(6,27,11,24,28,)		(6,27,19,20,29,)		(6,27,19,30,)		|
|	(37,0,0,0,0,0,0,0,0,0,0,0,0,0,0,0,0,0,0,0,0,0,0,0,0,0,0,0,0,0,1,)		(0,0,0,0,0,0,33,0,0,0,0,0,0,0,0,0,0,0,0,0,0,0,0,0,0,0,0,0,0,0,2,0,0,0,0,0,0,)		(7,0,34,0,0,0,0,0,0,0,0,0,0,0,0,0,0,0,0,0,0,0,0,0,0,0,0,0,0,0,0,0,0,)		(7,0,0,35,0,0,0,0,0,0,0,0,0,0,0,0,0,0,0,0,0,0,0,0,0,0,0,0,0,0,0,0,7,0,)		(7,0,0,0,36,0,0,0,0,0,0,0,0,0,0,0,0,0,0,0,0,0,0,0,0,0,0,0,0,0,0,0,7,0,0,)		(7,0,0,0,0,7,0,0,0,0,0,0,0,0,0,0,0,0,0,0,0,0,0,0,0,0,0,0,0,0,0,0,7,0,0,0,)		(0,0,7,0,0,0,0,)		(37,0,0,0,0,0,0,0,0,0,0,0,0,0,0,0,0,0,0,0,0,0,0,0,0,0,0,0,0,0,8,)		(7,0,0,0,0,0,40,0,0,0,0,0,0,0,0,0,0,0,0,0,0,0,0,0,0,0,0,0,0,0,9,0,0,0,0,0,0,)		(7,0,0,0,0,0,0,0,0,41,0,0,0,0,0,0,0,0,0,0,0,0,0,0,0,0,0,0,0,0,0,0,0,0,7,0,0,0,0,0,)		(7,0,0,0,0,0,0,0,0,0,42,0,0,0,0,0,0,0,0,0,0,0,0,0,0,0,0,0,0,0,0,0,7,0,0,0,0,0,0,0,0,)		(7,0,0,0,0,0,0,0,0,0,0,43,0,0,0,0,0,0,0,0,0,0,0,0,0,0,0,0,0,0,0,0,7,0,0,0,0,0,0,0,0,0,)		(7,0,0,0,0,0,0,0,0,0,0,0,44,0,0,0,0,0,0,0,0,0,0,0,0,0,0,0,0,0,0,0,7,0,0,0,0,0,0,0,0,0,0,)		(7,0,0,0,0,0,0,0,0,0,0,0,0,45,0,0,0,0,0,0,0,0,0,0,0,0,0,0,0,0,0,0,7,0,0,0,0,0,0,0,0,0,0,0,)		(7,0,0,0,0,0,0,0,0,0,0,0,0,0,46,0,0,0,0,0,0,0,0,0,0,0,0,0,0,0,0,0,7,0,0,0,0,0,0,0,0,0,0,0,0,)		(7,0,0,0,0,0,0,0,0,0,0,0,0,0,0,47,0,0,0,0,0,0,0,0,0,0,0,0,0,0,0,0,7,0,0,0,0,0,0,0,0,0,0,0,0,0,)		(7,0,0,0,0,0,0,0,0,0,0,0,0,0,0,0,48,0,0,0,0,0,0,0,0,0,0,0,0,0,0,0,7,0,0,0,0,0,0,0,0,0,0,0,0,0,0,)		(7,0,0,0,0,0,0,0,0,0,0,0,0,0,0,0,0,49,0,0,0,0,0,0,0,0,0,0,0,0,0,0,7,0,0,0,0,0,0,0,0,0,0,0,0,0,0,0,)		(7,0,0,0,0,0,0,0,0,0,0,0,0,0,0,0,0,0,50,0,0,0,0,0,0,0,0,0,0,0,0,0,7,0,0,0,0,0,0,0,0,0,0,0,0,0,0,0,0,)		(7,0,0,0,0,0,0,0,0,0,0,0,0,0,0,0,0,0,0,51,0,0,0,0,0,0,0,0,0,0,0,0,7,0,0,0,0,0,0,0,0,0,0,0,0,0,0,0,0,0,)		(7,0,0,0,0,0,0,0,0,0,0,0,0,0,0,0,0,0,0,0,52,0,0,0,0,0,0,0,0,0,0,0,7,0,0,0,0,0,0,0,0,0,0,0,0,0,0,0,0,0,0,)		(7,0,0,0,0,0,0,0,0,0,0,0,0,0,0,0,0,0,0,0,0,53,0,0,0,0,0,0,0,0,0,0,7,0,0,0,0,0,0,0,0,0,0,0,0,0,0,0,0,0,0,0,)		(7,0,0,0,0,0,0,0,0,0,0,0,0,0,0,0,0,0,0,0,0,0,54,0,0,0,0,0,0,0,0,0,7,0,0,0,0,0,0,0,0,0,0,0,0,0,0,0,0,0,0,0,0,)		(7,0,0,0,0,0,0,0,0,0,0,0,0,0,0,0,0,0,0,0,0,0,0,55,0,0,0,0,0,0,0,0,7,0,0,0,0,0,0,0,0,0,0,0,0,0,0,0,0,0,0,0,0,0,)		(7,0,0,0,0,0,0,0,0,0,0,0,0,0,0,0,0,0,0,0,0,0,0,0,56,0,0,0,0,0,0,0,7,0,0,0,0,0,0,0,0,0,0,0,0,0,0,0,0,0,0,0,0,0,0,)		(7,0,0,0,0,0,0,0,0,0,0,0,0,0,0,0,0,0,0,0,0,0,0,0,0,57,0,0,0,0,0,0,7,0,0,0,0,0,0,0,0,0,0,0,0,0,0,0,0,0,0,0,0,0,0,0,)		(7,0,0,0,0,0,0,0,0,0,0,0,0,0,0,0,0,0,0,0,0,0,0,0,0,0,58,0,0,0,0,0,7,0,0,0,0,0,0,0,0,0,0,0,0,0,0,0,0,0,0,0,0,0,0,0,0,)		(7,0,0,0,0,0,0,0,0,0,0,0,0,0,0,0,0,0,0,0,0,0,0,0,0,0,0,59,0,0,0,0,7,0,0,0,0,0,0,0,0,0,0,0,0,0,0,0,0,0,0,0,0,0,0,0,0,0,)		(7,0,0,0,0,0,0,0,0,0,0,0,0,0,0,0,0,0,0,0,0,0,0,0,0,0,0,0,60,0,0,0,7,0,0,0,0,0,0,0,0,0,0,0,0,0,0,0,0,0,0,0,0,0,0,0,0,0,0,)		(7,0,0,0,0,0,0,0,0,0,0,0,0,0,0,0,0,0,0,0,0,0,0,0,0,0,0,0,0,0,0,0,7,0,0,0,0,0,0,0,0,0,0,0,0,0,0,0,0,0,0,0,0,0,0,0,0,0,0,0,)		|
|	(12,0,0,0,0,0,0,0,0,0,0,0,0,0,0,0,0,0,0,0,0,0,0,0,0,0,0,0,0,0,1,)		(8,10,12,26,2,0,0,0,0,0,0,0,)		(8,10,25,3,)		(8,10,12,26,30,4,)		(8,10,12,11,24,28,5,)		(8,10,12,11,6,)(8,10,12,11,7,)		(8,)		(9,0,0,0,0,0,0,0,0,0,0,0,0,0,0,0,0,0,0,0,0,0,0,0,0,0,0,0,0,0,9,)		(8,10,0,0,0,0,0,0,0,)		(8,10,12,11,)		(8,10,12,)		(8,10,12,11,13,)		(8,14,)		(8,10,12,11,15,)		(8,14,16,)		(8,10,17,)		(8,10,12,18,)		(8,10,12,26,2,19,)		(8,10,12,26,20,)		(8,14,16,21,)		(8,14,16,22,)		(8,10,12,23,)		(8,10,12,11,24,)		(8,10,25,)		(8,10,12,26,)		(8,14,16,27,)		(8,10,12,11,24,28,)		(8,10,12,26,20,29,)		(8,10,12,26,30,)		|
|	(12,0,0,0,0,0,0,0,0,0,0,0,0,0,0,0,0,0,0,0,0,0,0,0,0,0,0,0,0,0,1,)		(9,12,26,2,0,0,0,0,0,0,0,0,)		(9,12,11,24,25,3,)		(9,12,26,30,4,)		(9,22,5,)		(9,12,11,6,)		(9,12,11,7,)		(9,22,27,8,)		(9,)		(9,12,11,24,10,)		(9,12,11,)		(9,12,)		(9,12,11,13,)		(9,12,11,24,28,14,)		(9,12,11,15,)		(9,12,18,16,)	(9,12,23,17,)		(9,12,18,)		(9,22,27,19,)		(9,12,26,20,)		(9,12,26,21,)		(9,22,)		(9,12,23,)		(9,12,11,24,)		(9,12,11,24,25,)		(9,12,26,)	(9,22,27,)		(9,12,11,24,28,)		(9,12,26,20,29,)		(9,12,26,30,)		|
|	(13,0,0,0,0,0,0,0,0,0,0,0,0,0,0,0,0,0,0,0,0,0,0,0,0,0,0,0,0,0,1,)		(10,12,26,2,0,0,0,0,0,0,0,0,0,)		(10,25,3,)		(10,12,26,30,4,)		(10,12,11,24,28,5,)		(10,12,11,6,)	(10,12,11,7,)		(10,25,8,)		(10,0,0,0,0,0,0,0,0,0,0,0,0,0,0,0,0,0,0,0,0,0,0,0,0,0,0,0,0,0,9,)		(10,0,0,0,0,0,0,0,0,0,)		(10,12,11,)		(10,12,)		(10,12,11,13,)		(10,12,11,24,28,14,)		(10,12,11,15,)		(10,12,18,16,)		(10,17,)		(10,12,18,)		(10,12,26,2,19,)		(10,12,26,20,)		(10,12,26,21,)		(10,12,11,15,22,)	(10,12,23,)		(10,12,11,24,)		(10,25,)		(10,12,26,)		(10,17,27,)		(10,12,11,24,28,)		(10,12,26,20,29,)		(10,12,26,30,)		|
|	(15,0,0,0,0,0,0,0,0,0,0,0,0,0,0,0,0,0,0,0,0,0,0,0,0,0,0,0,0,0,1,)		(11,24,12,26,2,0,0,0,0,0,0,0,0,0,0,)		(11,24,25,3,)		(11,24,12,26,30,4,)		(11,24,28,5,)		(11,6,)		(11,7,)		(11,24,25,8,)		(13,0,0,0,0,0,0,0,0,0,0,0,0,0,0,0,0,0,0,0,0,0,0,0,0,0,0,0,0,0,9,)		(11,24,10,0,0,0,0,0,0,0,0,0,0,)		(11,)		(11,24,12,)		(11,13,)		(11,24,28,14,)		(11,15,)		(11,24,28,18,16,)		(11,24,23,17,)		(11,24,28,18,)		(11,24,28,19,)		(11,24,12,26,20,)		(11,24,12,26,21,)		(11,15,22,)		(11,24,23,)		(11,24,)		(11,24,25,)		(11,24,12,26,)		(11,24,23,17,27,)		(11,24,28,)		(11,24,28,29,)		(11,24,12,26,30,)		|
|	(14,0,0,0,0,0,0,0,0,0,0,0,0,0,0,0,0,0,0,0,0,0,0,0,0,0,0,0,0,0,1,)		(12,26,2,0,0,0,0,0,0,0,0,0,0,0,)		(12,11,24,25,3,)		(12,26,30,4,)		(12,11,24,28,5,)		(12,11,6,)		(12,11,7,)		(12,11,24,25,8,)		(15,0,0,0,0,0,0,0,0,0,0,0,0,0,0,0,0,0,0,0,0,0,0,0,0,0,0,0,0,0,9,)		(12,11,24,10,0,0,0,0,0,0,0,0,0,0,0,)		(12,11,)		(12,)	(12,11,13,)		(12,11,24,28,14,)		(12,11,15,)		(12,18,16,)		(12,23,17,)		(12,18,)		(12,26,2,19,)		(12,26,20,)		(12,26,21,)		(12,11,15,22,)		(12,23,)		(12,11,24,)		(12,11,24,25,)		(12,26,)		(12,23,17,27,)		(12,11,24,28,)		(12,26,20,29,)		(12,26,30,)		|
|	(19,0,0,0,0,0,0,0,0,0,0,0,0,0,0,0,0,0,0,0,0,0,0,0,0,0,0,0,0,0,1,)		(13,17,11,24,12,26,2,0,0,0,0,0,0,0,0,0,0,0,0,)		(13,17,11,24,25,3,)		(13,17,11,24,12,26,30,4,)		(13,17,11,24,28,5,)		(13,17,11,6,)		(13,17,11,7,)		(13,17,27,8,)		(17,0,0,0,0,0,0,0,0,0,0,0,0,0,0,0,0,0,0,0,0,0,0,0,0,0,0,0,0,0,9,)		(13,17,11,24,10,0,0,0,0,0,0,0,0,0,0,0,0,)		(13,17,11,)		(13,17,11,24,12,)		(13,)		(13,17,11,24,28,14,)		(13,17,11,15,)		(13,17,11,24,28,18,16,)		(13,17,)		(13,17,11,24,28,18,)		(13,17,27,19,)		(13,17,11,24,12,26,20,)		(13,17,11,24,12,26,21,)		(13,17,11,15,22,)		(13,17,11,24,23,)		(13,17,11,24,)		(13,17,11,24,25,)		(13,17,11,24,12,26,)		(13,17,27,)	(13,17,11,24,28,)		(13,17,11,24,28,29,)		(13,17,11,24,12,26,30,)		|
|	(17,0,0,0,0,0,0,0,0,0,0,0,0,0,0,0,0,0,0,0,0,0,0,0,0,0,0,0,0,0,1,)		(14,12,26,2,0,0,0,0,0,0,0,0,0,0,0,0,0,)		(14,16,25,3,)		(14,12,26,30,4,)		(14,12,11,24,28,5,)		(14,12,11,6,)		(14,12,11,7,)		(14,16,27,8,)		(18,0,0,0,0,0,0,0,0,0,0,0,0,0,0,0,0,0,0,0,0,0,0,0,0,0,0,0,0,0,9,)		(14,12,11,24,10,0,0,0,0,0,0,0,0,0,0,0,0,0,)		(14,12,11,)		(14,12,)		(14,12,11,13,)		(14,)		(14,12,11,15,)		(14,16,)		(14,16,21,17,)		(14,12,18,)		(14,16,27,19,)		(14,12,26,20,)		(14,16,21,)		(14,16,22,)		(14,12,23,)		(14,12,11,24,)		(14,16,25,)		(14,12,26,)		(14,16,27,)		(14,12,11,24,28,)		(14,12,26,20,29,)		(14,12,26,30,)		|
|	(18,0,0,0,0,0,0,0,0,0,0,0,0,0,0,0,0,0,0,0,0,0,0,0,0,0,0,0,0,0,1,)		(15,12,26,2,0,0,0,0,0,0,0,0,0,0,0,0,0,0,)		(15,25,3,)		(15,12,26,30,4,)		(15,22,5,)		(15,11,6,)		(15,11,7,)		(15,25,8,)		(16,0,0,0,0,0,0,0,0,0,0,0,0,0,0,0,0,0,0,0,0,0,0,0,0,0,0,0,0,0,9,)		(15,10,0,0,0,0,0,0,0,0,0,0,0,0,0,0,)		(15,11,)		(15,12,)	(15,25,13,)		(15,11,24,28,14,)		(15,)		(15,12,18,16,)		(15,12,23,17,)		(15,12,18,)		(15,22,27,19,)		(15,25,20,)		(15,12,26,21,)		(15,22,)	(15,12,23,)		(15,11,24,)		(15,25,)		(15,12,26,)		(15,22,27,)		(15,11,24,28,)		(15,25,20,29,)		(15,12,26,30,)		|
|	(23,0,0,0,0,0,0,0,0,0,0,0,0,0,0,0,0,0,0,0,0,0,0,0,0,0,0,0,0,0,1,)		(16,21,17,11,24,12,26,2,0,0,0,0,0,0,0,0,0,0,0,0,0,0,0,)		(16,25,3,)		(16,21,30,4,)		(16,22,5,)		(16,21,17,11,6,)		(16,21,17,11,7,)		(16,27,8,)		(21,0,0,0,0,0,0,0,0,0,0,0,0,0,0,0,0,0,0,0,0,0,0,0,0,0,0,0,0,0,9,)		(16,21,17,11,24,10,0,0,0,0,0,0,0,0,0,0,0,0,0,0,0,)		(16,21,17,11,)		(16,21,17,11,24,12,)		(16,21,17,11,13,)		(16,21,17,11,24,28,14,)		(16,21,17,11,15,)		(16,)		(16,21,17,)		(16,21,17,11,24,28,18,)		(16,27,19,)	(16,21,17,11,24,12,26,20,)		(16,21,)		(16,22,)		(16,21,17,11,24,23,)		(16,21,17,11,24,)		(16,25,)		(16,21,17,11,24,12,26,)		(16,27,)		(16,21,17,11,24,28,)		(16,21,17,11,24,28,29,)		(16,21,30,)		|
|	(22,0,0,0,0,0,0,0,0,0,0,0,0,0,0,0,0,0,0,0,0,0,0,0,0,0,0,0,0,0,1,)		(17,11,24,12,26,2,0,0,0,0,0,0,0,0,0,0,0,0,0,0,0,0,)		(17,11,24,25,3,)		(17,11,24,12,26,30,4,)		(17,11,24,28,5,)		(17,11,6,)		(17,11,7,)		(17,27,8,)		(20,0,0,0,0,0,0,0,0,0,0,0,0,0,0,0,0,0,0,0,0,0,0,0,0,0,0,0,0,0,9,)		(17,11,24,10,0,0,0,0,0,0,0,0,0,0,0,0,0,0,0,0,)		(17,11,)		(17,11,24,12,)		(17,11,13,)		(17,11,24,28,14,)		(17,11,15,)		(17,11,24,28,18,16,)		(17,)		(17,11,24,28,18,)		(17,27,19,)		(17,11,24,12,26,20,)		(17,11,24,12,26,21,)		(17,11,15,22,)		(17,11,24,23,)		(17,11,24,)		(17,11,24,25,)		(17,11,24,12,26,)		(17,27,)		(17,11,24,28,)		(17,11,24,28,29,)		(17,11,24,12,26,30,)		|
|	(22,0,0,0,0,0,0,0,0,0,0,0,0,0,0,0,0,0,0,0,0,0,0,0,0,0,0,0,0,0,1,)		(18,28,12,26,2,0,0,0,0,0,0,0,0,0,0,0,0,0,0,0,0,0,)		(18,25,3,)		(18,16,21,30,4,)		(18,28,5,)		(18,16,21,17,11,6,)		(18,16,21,17,11,7,)		(18,25,8,)		(20,0,0,0,0,0,0,0,0,0,0,0,0,0,0,0,0,0,0,0,0,0,0,0,0,0,0,0,0,0,9,)		(18,28,10,0,0,0,0,0,0,0,0,0,0,0,0,0,0,0,0,0,)		(18,16,21,17,11,)		(18,28,12,)		(18,25,13,)		(18,28,14,)		(18,25,15,)		(18,16,)		(18,16,21,17,)		(18,)		(18,28,19,)		(18,25,20,)		(18,16,21,)		(18,16,22,)		(18,28,12,23,)		(18,16,21,17,11,24,)		(18,25,)		(18,28,12,26,)		(18,16,27,)		(18,28,)		(18,28,29,)		(18,16,21,30,)		|
|	(24,0,0,0,0,0,0,0,0,0,0,0,0,0,0,0,0,0,0,0,0,0,0,0,0,0,0,0,0,0,1,)		(19,11,24,12,26,2,0,0,0,0,0,0,0,0,0,0,0,0,0,0,0,0,0,0,)		(19,20,29,3,)		(19,30,4,)		(19,11,24,28,5,)		(19,11,6,)		(19,11,7,)		(19,11,24,25,8,)		(22,0,0,0,0,0,0,0,0,0,0,0,0,0,0,0,0,0,0,0,0,0,0,0,0,0,0,0,0,0,9,)		(19,11,24,10,0,0,0,0,0,0,0,0,0,0,0,0,0,0,0,0,0,0,)		(19,11,)		(19,11,24,12,)		(19,11,13,)		(19,11,24,28,14,)		(19,11,15,)		(19,18,16,)		(19,11,24,23,17,)		(19,18,)		(19,)		(19,20,)	(19,11,24,12,26,21,)		(19,22,)		(19,11,24,23,)		(19,11,24,)		(19,11,24,25,)		(19,11,24,12,26,)		(19,11,24,23,17,27,)		(19,11,24,28,)		(19,20,29,)	(19,30,)		|
|	(25,0,0,0,0,0,0,0,0,0,0,0,0,0,0,0,0,0,0,0,0,0,0,0,0,0,0,0,0,0,1,)		(20,29,14,12,26,2,0,0,0,0,0,0,0,0,0,0,0,0,0,0,0,0,0,0,0,)		(20,29,3,)		(20,29,5,30,4,)		(20,29,5,)		(20,29,14,12,11,6,)		(20,29,14,12,11,7,)		(20,29,15,25,8,)		(23,0,0,0,0,0,0,0,0,0,0,0,0,0,0,0,0,0,0,0,0,0,0,0,0,0,0,0,0,0,9,)		(20,29,15,10,0,0,0,0,0,0,0,0,0,0,0,0,0,0,0,0,0,0,0,)	(20,29,14,12,11,)		(20,29,14,12,)		(20,29,15,25,13,)		(20,29,14,)		(20,29,15,)		(20,29,5,16,)		(20,29,5,16,21,17,)		(20,29,14,12,18,)		(20,29,5,16,27,19,)		(20,)		(20,29,5,16,21,)		(20,29,15,22,)		(20,29,14,12,23,)		(20,29,14,12,11,24,)		(20,29,15,25,)		(20,29,14,12,26,)		(20,29,5,16,27,)		(20,29,5,30,28,)		(20,29,)		(20,29,5,30,)		|
|	(27,0,0,0,0,0,0,0,0,0,0,0,0,0,0,0,0,0,0,0,0,0,0,0,0,0,0,0,0,0,1,)		(21,17,11,24,12,26,2,0,0,0,0,0,0,0,0,0,0,0,0,0,0,0,0,0,0,0,0,)		(21,17,11,24,25,3,)		(21,30,4,)		(21,17,11,24,28,5,)		(21,17,11,6,)		(21,17,11,7,)		(21,17,27,8,)		(25,0,0,0,0,0,0,0,0,0,0,0,0,0,0,0,0,0,0,0,0,0,0,0,0,0,0,0,0,0,9,)		(21,17,11,24,10,0,0,0,0,0,0,0,0,0,0,0,0,0,0,0,0,0,0,0,0,)	(21,17,11,)		(21,17,11,24,12,)		(21,17,11,13,)		(21,17,11,24,28,14,)		(21,17,11,15,)		(21,17,11,24,28,18,16,)		(21,17,)		(21,17,11,24,28,18,)		(21,17,27,19,)		(21,17,11,24,12,26,20,)		(21,)		(21,17,11,15,22,)		(21,17,11,24,23,)		(21,17,11,24,)		(21,17,11,24,25,)		(21,17,11,24,12,26,)		(21,17,27,)	(21,17,11,24,28,)		(21,17,11,24,28,29,)		(21,30,)		|
|	(25,0,0,0,0,0,0,0,0,0,0,0,0,0,0,0,0,0,0,0,0,0,0,0,0,0,0,0,0,0,1,)		(22,27,26,2,0,0,0,0,0,0,0,0,0,0,0,0,0,0,0,0,0,0,0,0,0,)		(22,5,15,25,3,)		(22,5,30,4,)		(22,5,)		(22,27,11,6,)	(22,27,11,7,)		(22,27,8,)		(24,0,0,0,0,0,0,0,0,0,0,0,0,0,0,0,0,0,0,0,0,0,0,0,0,0,0,0,0,0,9,)		(22,27,10,0,0,0,0,0,0,0,0,0,0,0,0,0,0,0,0,0,0,0,0,0,)		(22,27,11,)		(22,27,11,24,12,)		(22,27,11,13,)		(22,27,8,14,)		(22,5,15,)		(22,5,16,)		(22,27,17,)		(22,27,19,18,)		(22,27,19,)		(22,27,19,20,)		(22,5,16,21,)		(22,)		(22,27,11,24,23,)		(22,27,11,24,)		(22,5,15,25,)		(22,27,26,)		(22,27,)		(22,27,11,24,28,)		(22,27,19,20,29,)		(22,5,30,)		|
|	(29,0,0,0,0,0,0,0,0,0,0,0,0,0,0,0,0,0,0,0,0,0,0,0,0,0,0,0,0,0,1,)		(23,17,11,24,12,26,2,0,0,0,0,0,0,0,0,0,0,0,0,0,0,0,0,0,0,0,0,0,0,)		(23,17,11,24,25,3,)		(23,17,11,24,12,26,30,4,)	(23,17,11,24,28,5,)		(23,17,11,6,)		(23,17,11,7,)		(23,17,27,8,)		(27,0,0,0,0,0,0,0,0,0,0,0,0,0,0,0,0,0,0,0,0,0,0,0,0,0,0,0,0,0,9,)		(23,17,11,24,10,0,0,0,0,0,0,0,0,0,0,0,0,0,0,0,0,0,0,0,0,0,0,)		(23,17,11,)		(23,17,11,24,12,)		(23,17,11,13,)		(23,17,11,24,28,14,)		(23,17,11,15,)		(23,17,11,24,28,18,16,)		(23,17,)		(23,17,11,24,28,18,)		(23,17,27,19,)		(23,17,11,24,12,26,20,)		(23,17,11,24,12,26,21,)		(23,17,11,15,22,)		(23,)		(23,17,11,24,)		(23,17,11,24,25,)		(23,17,11,24,12,26,)	(23,17,27,)		(23,17,11,24,28,)		(23,17,11,24,28,29,)		(23,17,11,24,12,26,30,)		|
|	(27,0,0,0,0,0,0,0,0,0,0,0,0,0,0,0,0,0,0,0,0,0,0,0,0,0,0,0,0,0,1,)		(24,12,26,2,0,0,0,0,0,0,0,0,0,0,0,0,0,0,0,0,0,0,0,0,0,0,0,)		(24,25,3,)		(24,12,26,30,4,)		(24,28,5,)	(24,12,11,6,)		(24,12,11,7,)		(24,25,8,)		(25,0,0,0,0,0,0,0,0,0,0,0,0,0,0,0,0,0,0,0,0,0,0,0,0,0,0,0,0,0,9,)		(24,10,0,0,0,0,0,0,0,0,0,0,0,0,0,0,0,0,0,0,0,0,0,0,0,)		(24,12,11,)	(24,12,)		(24,12,11,13,)		(24,28,14,)		(24,12,11,15,)		(24,28,18,16,)		(24,23,17,)		(24,28,18,)		(24,28,19,)		(24,12,26,20,)		(24,12,26,21,)		(24,12,11,15,22,)		(24,23,)		(24,)		(24,25,)		(24,12,26,)		(24,23,17,27,)		(24,28,)		(24,28,29,)		(24,12,26,30,)		|
|	(29,0,0,0,0,0,0,0,0,0,0,0,0,0,0,0,0,0,0,0,0,0,0,0,0,0,0,0,0,0,1,)		(25,15,12,26,2,0,0,0,0,0,0,0,0,0,0,0,0,0,0,0,0,0,0,0,0,0,0,0,0,)		(25,3,)		(25,15,12,26,30,4,)		(25,20,29,5,)	(25,6,)		(25,13,17,11,7,)		(25,8,)		(27,0,0,0,0,0,0,0,0,0,0,0,0,0,0,0,0,0,0,0,0,0,0,0,0,0,0,0,0,0,9,)		(25,8,10,0,0,0,0,0,0,0,0,0,0,0,0,0,0,0,0,0,0,0,0,0,0,0,0,)		(25,13,17,11,)(25,15,12,)		(25,13,)		(25,8,14,)		(25,15,)		(25,8,14,16,)		(25,13,17,)		(25,13,17,11,24,28,18,)		(25,6,27,19,)		(25,20,)		(25,8,14,16,21,)		(25,15,22,)		(25,15,12,23,)		(25,13,17,11,24,)		(25,)		(25,15,12,26,)		(25,6,27,)		(25,13,17,11,24,28,)		(25,20,29,)		(25,15,12,26,30,)		|
|	(27,0,0,0,0,0,0,0,0,0,0,0,0,0,0,0,0,0,0,0,0,0,0,0,0,0,0,0,0,0,1,)		(26,2,0,0,0,0,0,0,0,0,0,0,0,0,0,0,0,0,0,0,0,0,0,0,0,0,0,)		(26,20,29,3,)		(26,30,4,)		(26,20,29,5,)		(26,21,17,11,6,)		(26,21,17,11,7,)		(26,21,17,27,8,)		(31,0,0,0,0,0,0,0,0,0,0,0,0,0,0,0,0,0,0,0,0,0,0,0,0,0,0,0,0,0,9,)		(29,21,17,11,24,10,0,0,0,0,0,0,0,0,0,0,0,0,0,0,0,0,0,0,0,0,0,0,0,0,0,)		(26,21,17,11,0,0,0,0,0,0,0,0,0,0,0,0,0,0,0,0,0,0,0,0,0,0,0,0,0,)		(26,21,17,11,24,12,)		(26,21,17,11,13,)		(26,30,28,14,)		(26,21,17,11,15,)		(26,30,28,18,16,)		(26,21,17,)		(26,30,28,18,)		(26,2,19,)		(26,20,)		(26,21,)		(26,2,19,22,)		(26,21,17,11,24,23,)		(26,21,17,11,24,)		(26,21,17,11,24,25,)		(26,)		(26,21,17,27,)		(26,30,28,)		(26,20,29,)		(26,30,)		|
|	(29,0,0,0,0,0,0,0,0,0,0,0,0,0,0,0,0,0,0,0,0,0,0,0,0,0,0,0,0,0,1,)		(27,26,2,0,0,0,0,0,0,0,0,0,0,0,0,0,0,0,0,0,0,0,0,0,0,0,0,0,0,)		(27,10,25,3,)		(27,19,30,4,)		(27,11,24,28,5,)	(27,11,6,)		(27,11,7,)		(27,8,)		(28,0,0,0,0,0,0,0,0,0,0,0,0,0,0,0,0,0,0,0,0,0,0,0,0,0,0,0,0,0,9,)		(27,10,0,0,0,0,0,0,0,0,0,0,0,0,0,0,0,0,0,0,0,0,0,0,0,0,0,0,)		(27,11,)	(27,11,24,12,)		(27,11,13,)		(27,8,14,)		(27,11,15,)		(27,19,18,16,)		(27,17,)		(27,19,18,)		(27,19,)		(27,19,20,)		(27,26,21,)	(27,19,22,)		(27,11,24,23,)		(27,11,24,)		(27,10,25,)		(27,26,)		(27,)		(27,11,24,28,)		(27,19,20,29,)		(27,19,30,)		|
|	(31,0,0,0,0,0,0,0,0,0,0,0,0,0,0,0,0,0,0,0,0,0,0,0,0,0,0,0,0,0,1,)		(31,12,26,2,0,0,0,0,0,0,0,0,0,0,0,0,0,0,0,0,0,0,0,0,0,0,0,0,0,0,0,)		(32,18,25,3,0,0,0,0,0,0,0,0,0,0,0,0,0,0,0,0,0,0,0,0,0,0,0,0,0,0,0,)		(28,13,26,30,4,0,0,0,0,0,0,0,0,0,0,0,0,0,0,0,0,0,0,0,0,0,0,0,0,0,0,0,)		(28,5,0,0,0,0,0,0,0,0,0,0,28,)		(28,12,11,6,)		(28,12,11,7,)		(28,18,25,8,)		(29,0,0,0,0,0,0,0,0,0,0,0,0,0,0,0,0,0,0,0,0,0,0,0,0,0,0,0,0,0,9,)		(28,10,0,0,0,0,0,0,0,0,0,0,0,0,0,0,0,0,0,0,0,0,0,0,0,0,0,0,0,)		(28,12,11,)		(28,12,)		(28,12,11,13,)		(28,14,)		(28,12,11,15,)		(28,18,16,)		(28,12,23,17,)		(28,18,)		(28,19,)		(28,12,26,20,)		(28,18,16,21,)		(28,18,16,22,)		(28,12,23,)		(28,12,11,24,)		(28,18,25,)		(28,12,26,)		(28,12,23,17,27,)		(28,)		(28,29,)		(28,12,26,30,)		|
|	(33,0,0,0,0,0,0,0,0,0,0,0,0,0,0,0,0,0,0,0,0,0,0,0,0,0,0,0,0,0,1,)		(29,14,13,26,2,0,0,0,0,0,0,0,0,0,0,0,0,0,0,0,0,0,0,0,0,0,0,0,0,0,0,0,0,)		(29,3,0,0,0,0,0,0,0,0,0,29,14,)		(29,5,30,4,)	(29,5,)		(29,14,12,11,6,)		(29,14,12,11,7,)		(29,15,25,8,)		(31,0,0,0,0,0,0,0,0,0,0,0,0,0,0,0,0,0,0,0,0,0,0,0,0,0,0,0,0,0,9,)		(32,15,10,0,0,0,0,0,0,0,0,0,0,0,0,0,0,0,0,0,0,0,0,0,0,0,0,0,0,0,0,)		(29,16,12,11,0,0,0,0,0,0,0,0,0,0,0,0,0,0,0,0,0,0,0,0,0,0,0,0,0,0,0,0,)		(29,14,12,0,0,0,0,0,0,0,0,0,0,0,0,29,)		(29,15,25,13,)		(29,14,)		(29,15,)		(29,5,16,)		(29,5,16,21,17,)		(29,14,12,18,)		(29,5,16,27,19,)		(29,20,)		(29,5,16,21,)		(29,15,22,)		(29,14,12,23,)		(29,14,12,11,24,)	(29,15,25,)		(29,14,12,26,)		(29,5,16,27,)		(29,5,30,28,)		(29,)		(29,5,30,)		|
|	(34,0,0,0,0,0,0,0,0,0,0,0,0,0,0,0,0,0,0,0,0,0,0,0,0,0,0,0,0,0,1,)		(30,28,12,30,2,0,0,0,0,0,0,0,0,0,0,0,0,0,0,0,0,0,0,0,0,0,0,0,0,0,0,0,0,0,)		(30,28,18,25,3,0,0,0,0,0,0,0,0,0,0,0,0,0,0,0,0,0,0,0,0,0,0,30,28,12,)		(30,4,)		(30,28,5,)		(30,6,)		(30,28,12,11,7,)		(30,6,27,8,)		(32,0,0,0,0,0,0,0,0,0,0,0,0,0,0,0,0,0,0,0,0,0,0,0,0,0,0,0,0,0,9,)		(30,31,10,0,0,0,0,0,0,0,0,0,0,0,0,0,0,0,0,0,0,0,0,0,0,0,0,0,0,0,0,0,)		(32,28,12,11,0,0,0,0,0,0,0,0,0,0,0,0,0,0,0,0,0,0,0,0,0,0,0,0,0,0,30,)		(30,32,12,0,0,0,0,0,0,0,0,0,0,0,0,0,0,0,0,0,0,0,0,0,0,0,0,0,0,0,0,0,)		(30,30,12,11,13,0,0,0,0,0,0,0,0,0,0,0,0,0,0,0,0,0,0,0,0,0,0,0,0,0,0,30,)		(30,28,14,0,0,0,0,0,0,0,0,0,0,0,0,0,0,0,0,0,0,0,0,0,0,0,0,0,0,30,)		(30,28,12,11,15,)		(30,28,18,16,)		(30,17,)	(30,28,18,)		(30,28,19,)		(30,28,12,26,20,)		(30,28,18,16,21,)		(30,28,18,16,22,)		(30,28,12,23,)		(30,28,12,11,24,)		(30,28,18,25,)		(30,28,12,26,)		(30,6,27,)		(30,28,)		(30,28,29,)		(30,)		|
Hop Count Matrix :
|0	4	4	5	2	2	2	4	30	3	1	2	2	2	2	3	4	2	2	4	4	3	3	2	3	3	5	1	2	4|
|30	1	4	3	5	3	3	5	30	5	2	4	3	5	3	3	5	2	1	2	2	2	4	3	4	1	6	4	3	2|
|30	32	2	30	32	35	36	37	38	39	40	41	42	43	44	45	46	47	48	49	50	51	52	53	54	55	56	57	58	59		|
|30	5	3	0	3	3	3	3	30	5	2	2	3	3	3	4	1	3	3	2	2	4	2	1	2	1	2	2	3	2|
|30	12	3	2	0	5	5	3	30	10	4	6	5	3	1	1	3	3	3	8	2	2	6	5	2	7	2	2	3	1|
|30	8	4	4	5	0	3	2	30	7	2	4	3	3	3	4	2	3	2	3	3	3	4	3	3	2	1	4	4	3|
|30	36	32	33	34	35	6	30	36	39	40	41	42	43	44	45	46	47	48	49	50	51	52	53	54	55	56	57	58	59		|
|30	11	3	5	6	4	4	0	30	8	3	2	4	1	4	2	2	3	5	4	3	3	3	4	2	3	3	5	5	4|
|30	11	5	4	2	3	3	3	0	4	2	1	3	5	3	3	3	2	3	3	3	1	2	3	4	2	2	4	4	3|
|30	12	2	4	5	3	3	2	30	9	2	1	3	5	3	3	1	2	4	3	3	4	2	3	1	2	2	4	4	3|
|30	14	3	5	3	1	1	3	30	12	0	2	1	3	1	4	3	3	3	4	4	2	2	1	2	3	4	2	3	4|
|30	13	4	3	4	2	2	4	30	14	1	0	2	4	2	2	2	1	3	2	2	3	1	2	3	1	3	3	3	2|
|30	18	5	7	5	3	3	3	30	16	2	4	0	5	3	6	1	5	3	6	6	4	4	3	4	5	2	4	5	6|
|30	16	3	4	5	3	3	3	30	17	2	1	3	0	3	1	3	2	3	3	2	2	2	3	2	2	2	4	4	3|
|30	17	2	4	2	2	2	2	30	15	1	1	2	4	0	3	3	2	3	2	3	1	2	2	1	2	2	3	3	3|
|30	22	2	3	2	4	4	2	30	20	3	5	4	6	4	0	2	6	2	7	1	1	5	4	1	6	1	5	6	2|
|30	21	4	6	4	2	2	2	30	19	1	3	2	4	2	5	0	4	2	5	5	3	3	2	3	4	1	3	4	5|
|30	21	2	4	2	5	5	2	30	19	4	2	2	2	2	1	3	0	2	2	2	2	3	5	1	3	2	1	2	3|
|30	23	3	2	4	2	2	4	30	21	1	3	2	4	2	2	4	1	0	1	5	1	3	2	3	4	5	3	2	1|
|30	24	2	4	2	5	5	4	30	22	4	3	4	2	2	3	5	4	5	0	4	3	4	5	3	4	4	4	1	3|
|30	26	5	2	5	3	3	3	30	24	2	4	3	5	3	6	1	5	3	6	0	4	4	3	4	5	2	4	5	1|
|30	24	4	3	1	3	3	2	30	23	2	4	3	3	2	2	2	3	2	3	3	0	4	3	3	2	1	4	4	2|
|30	28	5	7	5	3	3	3	30	26	2	4	3	5	3	6	1	5	3	6	6	4	0	3	4	5	2	4	5	6|
|30	26	2	4	2	3	3	2	30	24	2	1	3	2	3	3	2	2	2	3	3	4	1	0	1	2	3	1	2	3|
|30	28	1	5	3	1	4	1	30	26	3	2	1	2	1	3	2	6	3	1	4	2	3	4	0	3	2	5	2	4|
|30	26	3	2	3	4	4	4	30	30	28	5	4	3	4	4	2	3	2	1	1	3	5	4	5	0	3	2	2	1|
|30	28	3	3	4	2	2	1	30	27	1	3	2	2	2	3	1	2	1	2	2	2	3	2	2	1	0	3	3	2|
|30	30	30	31	12	3	3	3	30	28	2	1	3	1	3	2	3	1	1	3	3	3	2	3	2	2	4	0	1	3|
|30	32	12	3	1	4	4	3	30	30	31	15	3	1	1	2	4	3	4	1	3	2	3	4	2	3	3	3	0	2|
|30	33	29	1	2	1	4	3	30	31	30	31	31	29	4	3	1	2	2	4	4	4	3	4	3	3	2	1	2	0|

Congestion Edge Matrix :
|0.00	-nan	na	-nan	na	na	0.00	na	na	-nan	-nan	0.00	na	na	na	na	-nan	-nan	na	na	na	na	-nan	na	-nan	-nan	na	216.21	-nan	na		|
|na	0.00	na	na	na	na	na	na	na	na	na	na	na	na	na	na	na	na	-nan	na	na	na	na	na	na	8930.00	na	na	na	na		|
|na	na	0.00	na	na	na	na	na	na	na	na	na	na	na	na	na	na	na	na	na	na	na	na	na	na	na	na	na	na	na		|
|na	na	na	0.00	na	na	na	na	na	na	na	na	na	na	na	na	-nan	na	na	na	na	na	na	-nan	na	182.00	na	na	na	na		|
|na	na	na	na	0.00	na	na	na	na	na	na	na	na	na	-nan	-nan	na	na	na	na	na	na	na	na	na	na	na	na	na	-nan		|
|na	na	na	na	na	0.00	na	na	na	na	na	na	na	na	na	na	na	na	na	na	na	na	na	na	na	na	-nan	na	na	na		|
|na	na	na	na	na	na	0.00	na	na	na	na	na	na	na	na	na	na	na	na	na	na	na	na	na	na	na	na	na	na	na		|
|na	na	na	na	na	na	na	0.00	na	-nan	na	na	na	-nan	na	na	na	na	na	na	na	na	na	na	na	na	na	na	na	na		|
|na	na	na	na	na	na	na	na	0.00	na	na	769.62	na	na	na	na	na	na	na	na	na	na	na	na	na	na	na	na	na	na		|
|na	na	na	na	na	na	na	na	na	0.00	na	-nan	na	na	na	na	na	na	na	na	na	na	na	na	-nan	na	na	na	na	na		|
|na	na	na	na	na	2035.70	4807.83	na	na	na	0.00	na	472.02	na	-nan	na	na	na	na	na	na	na	na	-nan	na	na	na	na	na	na		|
|na	na	na	na	na	na	na	na	na	na	7.79	0.00	na	na	na	na	na	5644.80	na	na	na	na	58.29	na	na	481.87	na	na	na	na		|
|na	na	na	na	na	na	na	na	na	na	na	na	0.00	na	na	na	-nan	na	na	na	na	na	na	na	na	-nan	na	na	na	na		|
|na	na	na	na	na	na	na	na	na	na	na	-nan	-nan	0.00	na	-nan	na	na	na	na	na	na	na	na	na	na	na	na	na	na		|
|na	na	na	na	na	na	na	na	na	-nan	4950.00	-nan	na	na	0.00	na	na	na	na	na	na	-nan	na	na	-nan	na	na	na	na	na		|
|na	na	na	na	na	na	na	na	na	na	na	-nan	na	na	na	0.00	na	na	na	na	7.92	258.33	na	na	102.81	na	102.39	na	na	na		|
|na	na	na	na	na	na	na	na	na	na	-nan	na	na	na	na	na	0.00	na	na	na	na	na	na	na	na	na	-nan	na	na	na		|
|na	na	na	na	na	na	na	na	na	na	na	na	na	na	na	-nan	na	0.00	na	na	na	na	na	na	-nan	na	na	3200.00	na	na		|
|na	na	na	na	na	na	na	na	na	na	-nan	na	na	na	na	na	na	-nan	0.00	14.66	na	na	na	na	na	na	na	na	na	55.00		|
|na	na	na	na	na	na	na	na	na	na	na	na	na	na	na	na	na	na	na	0.00	na	na	na	na	na	na	na	na	-nan	na		|
|na	na	na	na	na	na	na	na	na	na	na	na	na	na	na	na	19.78	na	na	na	0.00	na	na	na	na	na	na	na	na	-nan		|
|na	na	na	na	97.91	na	na	na	na	na	na	na	na	na	na	na	na	na	na	na	na	0.00	na	na	na	na	-nan	na	na	na		|
|na	na	na	na	na	na	na	na	na	na	na	na	na	na	na	na	375.38	na	na	na	na	na	0.00	na	na	na	na	na	na	na		|
|na	na	na	na	na	na	na	na	na	3.72	na	59.94	na	na	na	na	na	na	na	na	na	na	621.33	0.00	-nan	na	na	-nan	na	na		|
|na	na	-nan	na	na	104.08	na	-nan	na	na	na	na	2373.50	na	-nan	na	na	na	na	141.00	na	na	na	na	199531648.00	na	na	na	na	na		|
|na	335.15	na	na	na	na	na	na	na	na	na	na	na	na	na	na	na	na	na	232.77	-nan	na	na	na	na	0.00	na	na	na	-nan		|
|na	na	na	na	na	na	na	-nan	na	-nan	-nan	na	na	na	na	na	-nan	na	370.22	na	na	na	na	na	na	-nan	0.00	na	na	na		|
|na	na	na	na	-nan	na	na	na	na	na	na	16.40	-nan	-nan	na	na	na	-nan	136.52	na	na	na	na	na	na	na	na	0.00	387.09na		|
|na	na	-nan	na	-nan	na	na	na	na	na	na	na	na	-nan	-nan	-nan	na	na	na	2.67	-nan	na	na	na	na	na	na	na	0.00	na		|
|na	na	na	-nan	na	99.83	na	na	na	na	na	na	na	na	na	na	9504.00	na	na	na	na	na	na	na	na	na	na	-nan	na	0.00		|

Predicted Path Delay Matrix :
|0	198	289	289	186	183	183	285	10000000	99	92	99	182	99	185	189	105	99	193	193	191	282	100	96	191	103	204	95	194	197		|
|10000000	0	293	193	284	190	190	294	10000000	106	99	107	189	197	192	282	112	192	96	101	186	192	107	103	200	94	211	193	195	101		|
|10000000	10000000	0	10000000	10000000	10000000	10000000	10000000	10000000	10000000	10000000	10000000	10000000	10000000	10000000	10000000	10000000	10000000	10000000	10000000	10000000	10000000	10000000	10000000	10000000	10000000	10000000	10000000	10000000	10000000	|
|10000000	186	291	0	277	192	192	287	10000000	99	101	100	191	190	194	280	96	190	282	181	183	291	100	96	193	91	195	186	275	185		|
|10000000	212	285	191	0	196	196	277	10000000	112	105	113	195	198	95	95	100	198	283	207	97	188	113	109	187	117	185	194	293	99		|
|10000000	286	380	289	375	0	281	186	10000000	185	190	198	280	285	283	378	191	288	192	197	283	288	198	194	282	191	94	284	291	197		|
|10000000	10000000	10000000	10000000	10000000	10000000	0	10000000	10000000	10000000	10000000	10000000	10000000	10000000	10000000	10000000	10000000	10000000	10000000	10000000	10000000	10000000	10000000	10000000	10000000	10000000	10000000	10000000	10000000	10000000	|
|10000000	279	285	370	368	274	274	0	10000000	90	183	180	273	99	276	195	187	276	375	274	197	288	182	187	187	184	285	277	368	278		|
|10000000	193	296	284	191	188	188	282	0	104	97	94	187	195	190	280	101	190	288	188	190	94	96	101	198	98	190	191	282	192		|
|10000000	189	195	280	278	184	184	191	10000000	0	93	90	183	191	186	276	97	186	285	184	186	283	92	97	97	94	196	187	278	188		|
|10000000	107	199	198	185	91	91	195	10000000	7	0	8	90	98	93	188	13	98	192	102	104	190	8	4	101	12	112	94	193	106		|
|10000000	99	202	190	188	94	94	198	10000000	10	3	0	93	101	96	186	7	96	195	94	96	193	2	7	104	4	106	97	188	98		|
|10000000	206	298	297	284	190	190	285	10000000	106	99	107	0	197	192	287	94	197	291	201	203	289	107	103	200	111	193	193	292	205		|
|10000000	194	288	285	283	189	189	278	10000000	105	98	95	188	0	191	96	101	191	284	189	98	189	97	102	190	99	186	192	283	193		|
|10000000	197	190	288	194	190	190	186	10000000	95	99	98	186	197	0	284	105	194	291	186	194	97	100	103	92	102	193	193	280	196		|
|10000000	117	192	190	190	101	101	182	10000000	17	10	18	100	108	103	0	5	108	188	112	2	93	18	14	94	22	90	104	203	98		|
|10000000	112	204	203	190	96	96	191	10000000	12	5	13	95	103	98	193	0	103	197	107	109	195	13	9	106	17	99	99	198	111		|
|10000000	199	190	280	187	191	191	186	10000000	101	100	100	186	100	191	90	95	0	194	186	92	183	102	104	92	104	180	96	195	188		|
|10000000	110	197	97	188	94	94	198	10000000	10	3	11	93	101	96	186	16	96	0	5	107	96	11	7	104	15	115	97	99	5		|
|10000000	386	192	376	185	381	381	377	10000000	286	290	287	377	192	191	280	285	383	468	0	282	288	289	294	283	291	370	379	94	284		|
|10000000	115	207	188	193	99	99	194	10000000	15	8	16	98	106	101	196	3	106	200	110	0	198	16	12	109	20	102	102	201	96		|
|10000000	288	382	288	97	283	283	188	10000000	187	192	200	282	287	192	192	193	290	194	199	194	0	200	196	284	193	96	286	293	196		|
|10000000	117	209	208	195	101	101	196	10000000	17	10	18	100	108	103	198	5	108	202	112	114	200	0	14	111	22	104	104	203	116		|
|10000000	103	195	194	181	98	98	191	10000000	3	7	4	97	94	100	184	9	94	188	98	100	197	4	0	97	8	108	90	189	102		|
|10000000	296	98	387	279	99	284	94	10000000	184	193	197	94	193	99	289	188	291	291	94	291	196	199	197	0	201	193	287	188	295		|
|10000000	95	282	186	275	191	191	286	10000000	107	100	108	190	193	193	283	95	193	191	90	92	287	108	104	201	0	194	189	184	94		|
|10000000	192	286	195	281	187	187	92	10000000	91	96	104	186	191	189	284	97	194	98	103	189	194	104	100	188	97	0	190	197	103		|
|10000000	103	194	194	91	98	98	190	10000000	5	7	4	97	4	100	94	11	4	98	98	96	187	6	11	96	8	110	099	102		|
|10000000	292	98	282	91	287	287	283	10000000	192	196	193	283	98	97	186	191	289	374	2	188	194	195	200	189	197	276	285	0	190		|
|10000000	198	289	92	186	97	193	283	10000000	100	102	99	192	99	195	189	99	99	193	193	191	282	101	106	191	103	191	95	194	0		|

Congestion Actual Delay Matrix :
|0.00	-nan	216.21	-nan	216.21	2035.70	4807.83	216.21	0.00	-nan	-nan	232.61	472.02	216.21	0.00	216.21	-nan	-nan	352.73	947.25	224.13	0.00	-nan	0.00	-nan	-nan	-nan	216.21	-nan	714.48		|
|0.00	0.00	14.66	121380632.00	0.00	2035.70	4807.83	0.00	0.00	3.72	0.00	59.94	472.02	0.00	0.00	0.00	996.72	0.00	-nan	14.66	8930.00	96.00	621.33	0.00	0.00	8930.00	-nan	0.00	14.66	55.00		|
|111.00	0.00	0.00	111.00	0.00	0.00	0.00	0.00	0.00	0.00	0.00	0.00	0.00	0.00	0.00	0.00	0.00	0.00	194.00	0.00	0.00	0.00	0.00	0.00	1554.00	0.00	0.00	216.21	0.00	0.00		|
|0.00	517.15	0.00	0.00	0.00	2035.70	4807.83	0.00	0.00	3.72	0.00	59.94	472.02	0.00	0.00	0.00	-nan	0.00	517.15	414.77	182.00	0.00	621.33	-nan	0.00	182.00	-nan	0.00	414.77182.00		|
|0.00	904.66	163397632.00	121380576.00	0.00	2063.41	4835.54	102.39	0.00	31.42	27.70	87.65	499.72	0.00	-nan	-nan	27.70	0.00	472.61	802.28	7.92	258.33	649.04	27.70	163397632.00	569.51102.39	0.00	387.09	-nan		|
|0.00	335.15	0.00	121381000.00	199695488.00	0.00	199700288.00	0.00	0.00	0.00	199695488.00	199695552.00	199695968.00	0.00	199695488.00	370.22	199532800.00	370.22	370.22	384.88	0.00	466.22	199696112.00	199695488.00	0.00	0.00	-nan	199695488.00	384.88	425.22		|
|0.00	111.00	0.00	0.00	0.00	0.00	0.00	0.00	0.00	0.00	0.00	0.00	0.00	0.00	0.00	0.00	0.00	0.00	194.00	0.00	0.00	0.00	0.00	0.00	1554.00	0.00	0.00	216.21	0.00	0.00		|
|0.00	817.02	0.00	121381056.00	7.79	2043.49	4815.62	0.00	0.00	-nan	7.79	0.00	479.81	-nan	7.79	0.00	97.00	5644.80	817.02	714.64	7.92	258.33	58.29	7.79	0.00	481.87	102.39	7.79	714.64	481.87		|
|0.00	1586.64	777.41	121381824.00	191.91	2813.12	5585.25	94.00	0.00	781.13	777.41	769.62	1249.44	777.41	777.41	6414.42	1203.30	6414.42	464.22	1484.26	1251.49	0.00	827.91	777.41	777.41	1251.49	94.00	777.411484.26	1251.49		|
|0.00	817.02	0.00	121381056.00	7.79	2043.49	4815.62	0.00	0.00	0.00	7.79	-nan	479.81	7.79	7.79	5644.80	0.00	5644.80	817.02	714.64	481.87	7.79	58.29	7.79	-nan	481.87	-nan	7.79	714.64	481.87		|
|0.00	876.96	0.00	121381120.00	0.00	2035.70	4807.83	0.00	0.00	3.72	0.00	59.94	472.02	0.00	-nan	0.00	996.72	0.00	136.52	774.58	541.81	0.00	621.33	-nan	0.00	541.81	-nan	0.00	387.09	541.81		|
|0.00	817.02	7.79	121381056.00	7.79	2043.49	4815.62	7.79	0.00	11.51	7.79	0.00	479.81	7.79	7.79	5644.80	433.67	5644.80	817.02	714.64	481.87	7.79	58.29	7.79	7.79	481.87	-nan	7.79	714.64	481.87		|
|0.00	876.96	0.00	121381120.00	0.00	2035.70	4807.83	-nan	0.00	3.72	0.00	59.94	0.00	0.00	0.00	0.00	-nan	0.00	-nan	774.58	541.81	0.00	621.33	0.00	0.00	-nan	-nan	0.00	387.09	541.81		|
|0.00	817.02	102.81	121381056.00	7.79	2043.49	4815.62	102.39	0.00	11.51	7.79	-nan	-nan	0.00	7.79	-nan	27.70	5644.80	472.61	714.64	7.92	258.33	58.29	7.79	102.81	481.87	102.39	7.79	714.64	481.87		|
|0.00	817.02	163397632.00	121381056.00	97.91	6985.70	9757.83	163397632.00	163397632.00	-nan	4950.00	-nan	163400000.00	4950.00	0.00	5644.80	433.67	5644.80	370.22	163397776.00	481.87	-nan	58.29	4950.00	-nan	481.87	0.00	4950.00	163397776.00	481.87		|
|0.00	904.66	102.81	121380584.00	356.25	2063.41	4835.54	102.39	0.00	31.42	27.70	-nan	499.72	27.70	27.70	0.00	27.70	27.70	472.61	802.28	7.92	258.33	649.04	27.70	102.81	569.51	102.39	27.70	414.79	7.92		|
|0.00	876.96	0.00	121381120.00	0.00	2035.70	4807.83	-nan	0.00	3.72	-nan	59.94	472.02	0.00	0.00	0.00	0.00	0.00	-nan	774.58	541.81	0.00	621.33	0.00	0.00	541.81	-nan	0.00	387.09	541.81		|
|0.00	4033.42	0.00	121380584.00	3200.00	2063.41	4835.54	0.00	0.00	3205.00	27.70	3216.40	2373.50	3200.00	164423360.00	-nan	27.70	0.00	3336.52	141.00	7.92	258.33	3274.69	27.70	-nan	3698.27	102.393200.00	3587.09	7.92		|
|0.00	876.96	14.66	121380632.00	0.00	2035.70	4807.83	0.00	0.00	3.72	-nan	59.94	472.02	0.00	0.00	0.00	996.72	-nan	0.00	14.66	541.81	0.00	621.33	0.00	0.00	541.81	-nan	0.00	14.66	55.00		|
|0.00	817.02	0.00	121380576.00	0.00	2043.49	4815.62	163397632.00	0.00	0.00	7.79	0.00	163400000.00	0.00	0.00	0.00	27.70	5644.80	472.61	0.00	7.92	0.00	58.29	7.79	163397632.00	481.87	102.39	0.00	-nan	0.00		|
|0.00	896.74	19.78	121380576.00	19.78	2055.48	4827.61	-nan	0.00	23.50	19.78	79.72	491.80	19.78	19.78	19.78	19.78	19.78	-nan	794.36	0.00	19.78	641.11	19.78	19.78	561.59	-nan	19.78	406.87	-nan		|
|0.00	335.15	163397728.00	121380672.00	97.91	199697520.00	199700288.00	0.00	0.00	0.00	199695488.00	199695552.00	199695968.00	0.00	97.91	97.91	199532800.00	370.22	370.22	384.88	105.840.00	199696112.00	199695488.00	163397728.00	0.00	-nan	199695488.00	384.88	97.91		|
|0.00	1252.35	375.38	121381496.00	375.38	2411.09	5183.22	-nan	0.00	379.10	375.38	435.33	847.41	375.38	375.38	375.38	375.38	375.38	-nan	1149.96	917.19	375.38	0.00	375.38	375.38	917.19	-nan	375.38762.47	917.19		|
|0.00	876.96	0.00	121381120.00	0.00	2103.43	4875.56	0.00	0.00	7.44	67.73	59.94	539.75	0.00	67.73	0.00	996.72	0.00	136.52	774.58	541.81	67.73	621.33	0.00	-nan	541.81	-nan	-nan	387.09	541.81		|
|0.00	164424176.00	-nan	285804416.00	141.00	104.08	7181.33	-nan	0.00	0.00	2373.50	164423360.00	2373.50	0.00	-nan	0.00	2373.50	2373.50	474.30	141.00	7.92	164423360.00	164423424.00	2373.50199531648.00	164423840.00	104.08	2373.50	141.00	164423840.00		|
|0.00	670.30	232.77	121380576.00	232.77	2055.48	4827.61	-nan	0.00	23.50	19.78	79.72	491.80	0.00	19.78	0.00	19.78	0.00	335.15	232.77	-nan	431.15	641.11	19.78	19.78	0.00	-nan	0.00	232.77	-nan		|
|0.00	335.15	0.00	121381000.00	199695488.00	199697520.00	199700288.00	-nan	0.00	-nan	-nan	199695552.00	199695968.00	0.00	199695488.00	370.22	-nan	370.22	370.22	384.88	0.00	466.22199696112.00	199695488.00	0.00	-nan	0.00	199695488.00	384.88	425.22		|
|0.00	1509.02	0.00	121380576.00	-nan	2059.90	4832.03	0.00	0.00	5.00	24.19	16.40	-nan	-nan	24.19	0.00	450.07	-nan	136.52	731.04	7.92	258.33	74.69	24.19	0.00	498.27	-nan	0.00	387.09	498.27		|
|111.00	335.15	-nan	121380576.00	-nan	2043.49	4815.62	163397632.00	0.00	2.00	7.79	0.00	163400000.00	-nan	-nan	-nan	27.70	5644.80	472.61	2.67	-nan	0.00	58.29	7.79	163397632.00	481.87	102.39	0.00	0.00	0.00		|
|0.00	16.40	16.40	-nan	0.00	99.83	4832.03	99.83	0.00	480.00	213.19	0.00	479.81	0.00	24.19	0.00	9504.00	0.00	136.52	731.04	7.92	258.33	74.69	24.19	0.00	498.27	99.83	-nan	387.090.00		|
*****************Final Output :*****************

Shorest Path between source 3 and destination 26 is: 10000000.


Shorest Path between source 3 and destination 26 is: 0.00.


Hop Count for source 3 and destination 26 is: 55.

Total Running Time of the Algorithm in Seconds is 0.0087380


Total no.of Key-Basic Operations are : 22351

***********************************

