****************************************************

SingleNodeAtATime

Size of Given input Graph is : 25
Path Matrix :
|	(1,)		(1,14,2,)		(1,19,3,)		(1,19,4,)		(1,5,)		(1,19,6,)		(1,19,7,)		(1,14,8,)		(1,19,3,9,)		(1,19,10,)		(1,21,11,)		(1,19,3,12,)		(1,21,13,)		(1,14,)		(1,19,15,)		(1,19,16,)		(1,14,17,)		(1,19,3,18,)		(1,19,)		(1,19,4,20,)		(1,21,)(1,21,22,)		(1,19,4,23,)		(1,19,16,24,)		(1,19,16,24,25,)		|
|	(2,22,14,1,)		(2,)		(2,22,5,3,)		(2,22,14,17,4,)		(2,22,5,)		(2,23,18,6,)		(2,22,24,25,7,)		(2,22,14,8,)		(2,22,5,3,9,)		(2,22,19,10,)	(2,22,14,1,21,11,)		(2,22,5,3,12,)		(2,23,13,)		(2,22,14,)		(2,22,5,3,15,)		(2,22,5,16,)		(2,22,14,17,)		(2,23,18,)		(2,22,19,)		(2,22,24,20,)		(2,22,14,1,21,)		(2,22,)		(2,23,)		(2,22,24,)		(2,22,24,25,)		|
|	(3,1,)		(3,18,2,)		(3,)		(3,9,4,)		(3,15,5,)		(3,18,6,)		(3,12,7,)		(3,17,14,8,)		(3,9,)		(3,1,19,10,)		(3,9,21,11,)		(3,12,)		(3,9,21,13,)		(3,17,14,)		(3,15,)		(3,15,16,)		(3,17,)		(3,18,)		(3,1,19,)		(3,9,4,20,)		(3,9,21,)		(3,12,22,)		(3,9,4,23,)		(3,15,16,24,)		(3,15,25,)		|
|	(4,1,)		(4,20,18,2,)		(4,20,3,)		(4,)		(4,11,5,)		(4,20,18,6,)		(4,20,25,7,)		(4,20,18,17,14,8,)		(4,20,3,9,)		(4,20,10,)	(4,11,)		(4,20,3,12,)		(4,23,13,)		(4,20,18,17,14,)		(4,20,15,)		(4,20,15,16,)		(4,20,18,17,)		(4,20,18,)		(4,1,19,)		(4,20,)		(4,1,21,)		(4,20,18,22,)		(4,23,)		(4,11,24,)		(4,20,25,)		|
|	(5,3,1,)		(5,3,18,2,)		(5,3,)		(5,3,9,4,)		(5,)		(5,3,18,6,)		(5,3,12,7,)		(5,3,17,14,8,)		(5,3,9,)		(5,3,1,19,10,)		(5,3,9,21,11,)		(5,3,12,)		(5,16,13,)		(5,3,17,14,)		(5,3,15,)		(5,16,)		(5,3,17,)		(5,3,18,)		(5,3,1,19,)		(5,3,9,4,20,)		(5,3,9,21,)		(5,3,12,22,)		(5,3,9,4,23,)		(5,16,24,)		(5,3,15,25,)		|
|	(6,8,14,1,)		(6,8,14,2,)		(6,8,14,17,3,)		(6,4,)		(6,8,12,5,)		(6,)		(6,25,7,)		(6,8,)		(6,8,14,17,3,9,)		(6,8,14,1,19,10,)	(6,4,11,)		(6,8,12,)		(6,8,14,1,21,13,)		(6,8,14,)		(6,8,14,1,19,15,)		(6,8,14,1,19,16,)		(6,8,14,17,)		(6,18,)		(6,8,14,1,19,)		(6,4,20,)		(6,8,14,1,21,)		(6,18,22,)		(6,4,23,)		(6,8,14,24,)		(6,25,)		|
|	(7,14,1,)		(7,14,2,)		(7,14,17,3,)		(7,14,17,4,)		(7,14,1,5,)		(7,14,17,6,)		(7,)		(7,14,8,)		(7,14,17,3,9,)		(7,14,1,19,10,)(7,14,1,21,11,)		(7,14,8,12,)		(7,14,1,21,13,)		(7,14,)		(7,14,1,19,15,)		(7,14,1,19,16,)		(7,14,17,)		(7,14,17,4,20,18,)		(7,14,1,19,)		(7,14,17,4,20,)(7,14,1,21,)		(7,14,2,22,)		(7,14,17,4,23,)		(7,14,24,)		(7,14,25,)		|
|	(8,14,1,)		(8,14,2,)		(8,14,17,3,)		(8,14,17,4,)		(8,12,5,)		(8,14,17,6,)		(8,12,7,)		(8,)		(8,14,17,3,9,)		(8,14,1,19,10,)(8,14,1,21,11,)		(8,12,)		(8,14,1,21,13,)		(8,14,)		(8,14,1,19,15,)		(8,14,1,19,16,)		(8,14,17,)		(8,18,)		(8,14,1,19,)		(8,14,17,4,20,)		(8,14,1,21,)	(8,12,22,)		(8,23,)		(8,14,24,)		(8,14,25,)		|
|	(9,14,1,)		(9,14,2,)		(9,14,17,3,)		(9,4,)		(9,14,1,5,)		(9,14,17,6,)		(9,19,7,)		(9,14,8,)		(9,)		(9,19,10,)		(9,21,11,)		(9,12,)		(9,21,13,)		(9,14,)		(9,19,15,)		(9,19,16,)		(9,14,17,)		(9,4,20,18,)		(9,19,)		(9,4,20,)		(9,21,)		(9,14,2,22,)		(9,4,23,)		(9,14,24,)		(9,21,25,)		|
|	(10,1,)		(10,25,14,2,)		(10,20,3,)		(10,25,14,17,4,)		(10,11,5,)		(10,6,)		(10,25,7,)		(10,6,8,)		(10,20,3,9,)		(10,)		(10,11,)		(10,25,12,)		(10,1,21,13,)		(10,25,14,)		(10,20,15,)		(10,20,15,16,)		(10,25,14,17,)		(10,20,18,)		(10,1,19,)		(10,20,)		(10,1,21,)		(10,20,18,22,)		(10,20,18,23,)		(10,11,24,)		(10,25,)		|
|	(11,14,1,)		(11,14,2,)		(11,5,3,)		(11,4,)		(11,5,)		(11,10,6,)		(11,24,25,7,)		(11,14,8,)		(11,5,3,9,)		(11,10,)		(11,)		(11,5,3,12,)		(11,14,1,21,13,)		(11,14,)		(11,5,3,15,)		(11,5,16,)		(11,14,17,)		(11,4,20,18,)		(11,14,1,19,)		(11,4,20,)	(11,14,1,21,)		(11,22,)		(11,4,23,)		(11,24,)		(11,24,25,)		|
|	(12,1,)		(12,14,2,)		(12,3,)		(12,14,17,4,)		(12,5,)		(12,14,17,6,)		(12,7,)		(12,14,8,)		(12,3,9,)		(12,1,19,10,)		(12,1,21,11,)	(12,)		(12,1,21,13,)		(12,14,)		(12,3,15,)		(12,5,16,)		(12,14,17,)		(12,3,18,)		(12,1,19,)		(12,14,17,4,20,)		(12,1,21,)	(12,22,)		(12,14,17,4,23,)		(12,22,24,)		(12,22,24,25,)		|
|	(13,25,14,1,)		(13,25,14,2,)		(13,5,3,)		(13,25,14,17,4,)		(13,5,)		(13,6,)		(13,25,7,)		(13,6,8,)		(13,5,3,9,)		(13,25,14,1,19,10,)		(13,25,11,)		(13,5,3,12,)		(13,)		(13,25,14,)		(13,5,3,15,)		(13,5,16,)		(13,25,14,17,)		(13,5,3,18,)		(13,25,14,1,19,)		(13,25,20,)		(13,25,14,1,21,)		(13,25,14,2,22,)		(13,25,14,17,4,23,)		(13,25,14,24,)		(13,25,)		|
|	(14,1,)		(14,2,)		(14,17,3,)		(14,17,4,)		(14,1,5,)		(14,17,6,)		(14,1,19,7,)		(14,8,)		(14,17,3,9,)		(14,1,19,10,)		(14,1,21,11,)		(14,8,12,)		(14,1,21,13,)		(14,)		(14,1,19,15,)		(14,1,19,16,)		(14,17,)		(14,17,4,20,18,)		(14,1,19,)		(14,17,4,20,)		(14,1,21,)		(14,2,22,)		(14,17,4,23,)		(14,24,)		(14,25,)		|
|	(15,25,14,1,)		(15,25,14,2,)		(15,5,3,)		(15,25,14,17,4,)		(15,5,)		(15,25,14,17,6,)		(15,25,7,)		(15,25,14,8,)		(15,9,)		(15,25,14,1,19,10,)		(15,25,11,)		(15,5,3,12,)		(15,16,13,)		(15,25,14,)		(15,)		(15,16,)		(15,25,14,17,)		(15,5,3,18,)		(15,25,14,1,19,)	(15,25,20,)		(15,25,14,1,21,)		(15,22,)		(15,25,14,17,4,23,)		(15,16,24,)		(15,25,)		|
|	(16,24,25,14,1,)		(16,24,25,14,2,)		(16,3,)		(16,24,25,14,17,4,)		(16,24,25,14,1,5,)		(16,24,25,14,17,6,)		(16,24,25,7,)		(16,24,25,14,8,)	(16,3,9,)		(16,24,25,14,1,19,10,)		(16,24,11,)		(16,12,)		(16,13,)		(16,24,25,14,)		(16,3,15,)		(16,)		(16,24,25,14,17,)		(16,24,20,18,)		(16,24,25,14,1,19,)		(16,24,20,)		(16,24,25,14,1,21,)		(16,24,25,14,2,22,)		(16,24,25,14,17,4,23,)		(16,24,)		(16,24,25,)		|
|	(17,14,1,)		(17,14,2,)		(17,3,)		(17,4,)		(17,14,1,5,)		(17,6,)		(17,7,)		(17,14,8,)		(17,3,9,)		(17,14,1,19,10,)		(17,21,11,)		(17,3,12,)		(17,21,13,)		(17,14,)		(17,3,15,)		(17,14,1,19,16,)		(17,)		(17,4,20,18,)		(17,14,1,19,)		(17,4,20,)		(17,21,)		(17,14,2,22,)		(17,4,23,)		(17,14,24,)		(17,14,25,)		|
|	(18,17,14,1,)		(18,2,)		(18,17,3,)		(18,17,4,)		(18,22,5,)		(18,6,)		(18,17,7,)		(18,17,14,8,)		(18,17,3,9,)		(18,17,14,1,19,10,)	(18,17,21,11,)		(18,17,3,12,)		(18,17,21,13,)		(18,17,14,)		(18,17,3,15,)		(18,17,14,1,19,16,)		(18,17,)		(18,)		(18,17,14,1,19,)		(18,17,4,20,)		(18,17,21,)		(18,22,)		(18,23,)		(18,22,24,)		(18,22,24,25,)		|
|	(19,7,14,1,)		(19,7,14,2,)		(19,3,)		(19,4,)		(19,15,5,)		(19,6,)		(19,7,)		(19,7,14,8,)		(19,3,9,)		(19,10,)		(19,21,11,)	(19,3,12,)		(19,21,13,)		(19,7,14,)		(19,15,)		(19,16,)		(19,17,)		(19,3,18,)		(19,)		(19,4,20,)		(19,21,)		(19,15,22,)		(19,4,23,)		(19,16,24,)		(19,16,24,25,)		|
|	(20,18,17,14,1,)		(20,18,2,)		(20,3,)		(20,18,17,4,)		(20,15,5,)		(20,18,6,)		(20,25,7,)		(20,18,17,14,8,)		(20,3,9,)		(20,10,)		(20,18,17,21,11,)		(20,3,12,)		(20,18,17,21,13,)		(20,18,17,14,)		(20,15,)		(20,15,16,)		(20,18,17,)		(20,18,)		(20,18,17,14,1,19,)		(20,)		(20,18,17,21,)		(20,18,22,)		(20,18,23,)		(20,18,22,24,)		(20,25,)		|
|	(21,25,14,1,)		(21,25,14,2,)		(21,3,)		(21,11,4,)		(21,11,5,)		(21,13,6,)		(21,25,7,)		(21,25,14,8,)		(21,3,9,)		(21,11,10,)	(21,11,)		(21,3,12,)		(21,13,)		(21,25,14,)		(21,3,15,)		(21,11,5,16,)		(21,25,14,17,)		(21,25,20,18,)		(21,25,14,1,19,)		(21,25,20,)	(21,)		(21,22,)		(21,11,4,23,)		(21,11,24,)		(21,25,)		|
|	(22,14,1,)		(22,14,2,)		(22,5,3,)		(22,14,17,4,)		(22,5,)		(22,14,17,6,)		(22,24,25,7,)		(22,14,8,)		(22,5,3,9,)		(22,19,10,)	(22,14,1,21,11,)		(22,5,3,12,)		(22,14,1,21,13,)		(22,14,)		(22,5,3,15,)		(22,5,16,)		(22,14,17,)		(22,5,3,18,)		(22,19,)		(22,24,20,)		(22,14,1,21,)		(22,)		(22,14,17,4,23,)		(22,24,)		(22,24,25,)		|
|	(23,18,17,14,1,)		(23,2,)		(23,18,17,3,)		(23,18,17,4,)		(23,18,22,5,)		(23,18,6,)		(23,18,17,7,)		(23,18,17,14,8,)		(23,18,17,3,9,)		(23,18,17,14,1,19,10,)		(23,18,17,21,11,)		(23,18,17,3,12,)		(23,13,)		(23,18,17,14,)		(23,15,)		(23,18,17,14,1,19,16,)		(23,18,17,)		(23,18,)		(23,18,17,14,1,19,)		(23,18,17,4,20,)		(23,18,17,21,)		(23,18,22,)		(23,)		(23,18,22,24,)		(23,18,22,24,25,)		|
|	(24,25,14,1,)		(24,25,14,2,)		(24,25,14,17,3,)		(24,25,14,17,4,)		(24,25,14,1,5,)		(24,25,14,17,6,)		(24,25,7,)		(24,25,14,8,)		(24,25,14,17,3,9,)		(24,25,14,1,19,10,)		(24,11,)		(24,25,12,)		(24,25,14,1,21,13,)		(24,25,14,)		(24,20,15,)		(24,25,14,1,19,16,)		(24,25,14,17,)(24,20,18,)		(24,25,14,1,19,)		(24,20,)		(24,25,14,1,21,)		(24,25,14,2,22,)		(24,25,14,17,4,23,)		(24,)		(24,25,)		|
|	(25,14,1,)		(25,14,2,)		(25,14,17,3,)		(25,14,17,4,)		(25,14,1,5,)		(25,14,17,6,)		(25,7,)		(25,14,8,)		(25,14,17,3,9,)		(25,14,1,19,10,)		(25,11,)		(25,12,)		(25,14,1,21,13,)		(25,14,)		(25,20,15,)		(25,14,1,19,16,)		(25,14,17,)		(25,20,18,)		(25,14,1,19,)		(25,20,)		(25,14,1,21,)		(25,14,2,22,)		(25,14,17,4,23,)		(25,14,24,)		(25,)		|
Hop Count Matrix :
|0	2	2	2	1	2	2	2	3	2	2	3	2	1	2	2	2	3	1	3	1	2	3	3	4		|
|3	0	3	4	2	3	4	3	4	3	5	4	2	2	4	3	3	2	2	3	4	1	1	2	3		|
|1	2	0	2	2	2	2	3	1	3	3	1	3	2	1	2	1	1	2	3	2	2	3	3	2		|
|1	3	2	0	2	3	3	5	3	2	1	3	2	4	2	3	3	2	2	1	2	3	1	2	2		|
|2	3	1	3	0	3	3	4	2	4	4	2	2	3	2	1	2	2	3	4	3	3	4	2	3		|
|3	3	4	1	3	0	2	1	5	5	2	2	5	2	5	5	3	1	4	2	4	2	2	3	1		|
|2	2	3	3	3	3	0	2	4	4	4	3	4	1	4	4	2	5	3	4	3	3	4	2	2		|
|2	2	3	3	2	3	2	0	4	4	4	1	4	1	4	4	2	1	3	4	3	2	1	2	2		|
|2	2	3	1	3	3	2	2	0	2	2	1	2	1	2	2	2	3	1	2	1	3	2	2	2		|
|1	3	2	4	2	1	2	2	3	0	1	2	3	2	2	3	3	2	2	1	2	3	3	2	1		|
|2	2	2	1	1	2	3	2	3	1	0	3	4	1	3	2	2	3	3	2	3	1	2	1	2		|
|1	2	1	3	1	3	1	2	2	3	3	0	3	1	2	2	2	2	2	4	2	1	4	2	3		|
|3	3	2	4	1	1	2	2	3	5	2	3	0	2	3	2	3	3	4	2	4	4	5	3	1		|
|1	1	2	2	2	2	3	1	3	3	3	2	3	0	3	3	1	4	2	3	2	2	3	1	1		|
|3	3	2	4	1	4	2	3	1	5	2	3	2	2	0	1	3	3	4	2	4	1	5	2	1		|
|4	4	1	5	5	5	3	4	2	6	2	1	1	3	2	0	4	3	5	2	5	5	6	1	2		|
|2	2	1	1	3	1	1	2	2	4	2	2	2	1	2	4	0	3	3	2	1	3	2	2	2		|
|3	1	2	2	2	1	2	3	3	5	3	3	3	2	3	5	1	0	4	3	2	1	1	2	3		|
|3	3	1	1	2	1	1	3	2	1	2	2	2	2	1	1	1	2	0	2	1	2	2	2	3		|
|4	2	1	3	2	2	2	4	2	1	4	2	4	3	1	2	2	1	5	0	3	2	2	3	1		|
|3	3	1	2	2	2	2	3	2	2	1	2	1	2	2	3	3	3	4	2	0	1	3	2	1		|
|2	2	2	3	1	3	3	2	3	2	4	3	4	1	3	2	2	3	1	2	3	0	4	1	2		|
|4	1	3	3	3	2	3	4	4	6	4	4	1	3	1	6	2	1	5	4	3	2	0	3	4		|
|3	3	4	4	4	4	2	3	5	5	1	2	5	2	2	5	3	2	4	1	4	4	5	0	1		|
|2	2	3	3	3	3	1	2	4	4	1	1	4	1	2	4	2	2	3	1	3	3	4	2	0		|
Congestion Edge Matrix :
|0.00	-nan	-nan	-nan	238.44	-nan	-nan	-nan	-nan	-nan	-nan	-nan	-nan	179.88	-nan	-nan	-nan	-nan	8.25	-nan	247.01	-nan	-nan	-nan	-nan		|
|-nan	0.00	-nan	-nan	-nan	-nan	-nan	-nan	-nan	-nan	-nan	-nan	-nan	-nan	-nan	-nan	-nan	-nan	-nan	-nan	-nan	8.22	92.00	-nan	-nan		|
|237.43	-nan	0.00	-nan	-nan	-nan	-nan	-nan	13.72	-nan	-nan	11.13	-nan	-nan	13.71	-nan	252.80	250.75	-nan	-nan	-nan	-nan	-nan	-nan	-nan		|
|201.94	-nan	-nan	0.00	-nan	-nan	-nan	-nan	-nan	-nan	220.84	-nan	-nan	-nan	-nan	-nan	-nan	-nan	-nan	250.12	-nan	-nan	236.00	-nan	-nan		|
|-nan	-nan	7.95	-nan	0.00	-nan	-nan	-nan	-nan	-nan	-nan	-nan	-nan	-nan	-nan	260.61	-nan	-nan	-nan	-nan	-nan	-nan	-nan	-nan	-nan		|
|-nan	-nan	-nan	94.00	-nan	0.00	-nan	248.36	-nan	-nan	-nan	-nan	-nan	-nan	-nan	-nan	-nan	96.00	-nan	-nan	-nan	-nan	-nan	-nan	256.23		|
|-nan	-nan	-nan	-nan	-nan	-nan	0.00	-nan	-nan	-nan	-nan	-nan	-nan	13.74	-nan	-nan	-nan	-nan	-nan	-nan	-nan	-nan	-nan	-nan	-nan		|
|-nan	-nan	-nan	-nan	-nan	-nan	-nan	0.00	-nan	-nan	-nan	7.07	-nan	11.00	-nan	-nan	-nan	99.00	-nan	-nan	-nan	-nan	98.00	-nan	-nan		|
|-nan	-nan	-nan	202.29	-nan	-nan	-nan	-nan	0.00	-nan	-nan	257.21	-nan	256.20	-nan	-nan	-nan	-nan	252.29	-nan	268.76	-nan	-nan	-nan	-nan		|
|94.00	-nan	-nan	-nan	-nan	248.94	-nan	-nan	-nan	0.00	254.19	-nan	-nan	-nan	-nan	-nan	-nan	-nan	-nan	256.42	-nan	-nan	-nan	-nan	249.63		|
|-nan	-nan	-nan	242.91	231.89	-nan	-nan	-nan	-nan	92.00	0.00	-nan	-nan	209.55	-nan	-nan	-nan	-nan	-nan	-nan	-nan	92.00	-nan	247.37	-nan		|
|257.34	-nan	266.31	-nan	255.28	-nan	255.98	-nan	-nan	-nan	-nan	0.00	-nan	265.04	-nan	-nan	-nan	-nan	-nan	-nan	-nan	245.64	-nan	-nan	-nan		|
|-nan	-nan	-nan	-nan	178.20	265.14	-nan	-nan	-nan	-nan	-nan	-nan	0.00	-nan	-nan	-nan	-nan	-nan	-nan	-nan	-nan	-nan	-nan	-nan	268.49		|
|5.51	249.28	-nan	-nan	-nan	-nan	-nan	237.75	-nan	-nan	-nan	-nan	-nan	0.00	-nan	-nan	5.50	-nan	-nan	-nan	-nan	-nan	-nan	263.67	255.72		|
|-nan	-nan	-nan	-nan	90.00	-nan	-nan	-nan	96.00	-nan	-nan	-nan	-nan	-nan	0.00	255.52	-nan	-nan	-nan	-nan	-nan	99.76	-nan	-nan	254.14		|
|-nan	-nan	182.00	-nan	-nan	-nan	-nan	-nan	-nan	-nan	-nan	99.00	261.56	-nan	-nan	0.00	-nan	-nan	-nan	-nan	-nan	-nan	-nan	13.70	-nan		|
|-nan	-nan	249.74	13.74	-nan	262.91	257.27	-nan	-nan	-nan	-nan	-nan	-nan	5.48	-nan	-nan	0.00	-nan	-nan	-nan	226.23	-nan	-nan	-nan	-nan		|
|-nan	246.74	-nan	-nan	-nan	203.54	-nan	-nan	-nan	-nan	-nan	-nan	-nan	-nan	-nan	-nan	13.72	0.00	-nan	-nan	-nan	13.66	254.43	-nan	-nan		|
|-nan	-nan	256.06	258.23	-nan	260.82	216.79	-nan	-nan	260.65	-nan	-nan	-nan	-nan	244.24	270.54	96.00	-nan	0.00	-nan	95.00	-nan	-nan	-nan	-nan		|
|-nan	-nan	253.71	-nan	-nan	-nan	-nan	-nan	-nan	92.00	-nan	-nan	-nan	-nan	13.57	-nan	-nan	10.60	-nan	0.00	-nan	-nan	-nan	-nan	173.66		|
|-nan	-nan	265.46	-nan	-nan	-nan	-nan	-nan	-nan	-nan	13.72	-nan	230.85	-nan	-nan	-nan	-nan	-nan	-nan	-nan	0.00	245.47	-nan	-nan	251.44		|
|-nan	-nan	-nan	-nan	246.18	-nan	-nan	-nan	-nan	-nan	-nan	-nan	-nan	221.81	-nan	-nan	-nan	-nan	90.00	-nan	-nan	0.00	-nan	250.44	-nan		|
|-nan	95.00	-nan	-nan	-nan	-nan	-nan	-nan	-nan	-nan	-nan	-nan	94.00	-nan	252.13	-nan	-nan	13.69	-nan	-nan	-nan	-nan	0.00	-nan	-nan		|
|-nan	-nan	-nan	-nan	-nan	-nan	-nan	-nan	-nan	-nan	255.49	-nan	-nan	-nan	-nan	-nan	-nan	-nan	-nan	254.17	-nan	-nan	-nan	0.00	5.49		|
|-nan	-nan	-nan	-nan	-nan	-nan	13.72	-nan	-nan	-nan	258.99	248.84	-nan	8.26	-nan	-nan	-nan	-nan	-nan	249.64	-nan	-nan	-nan	-nan	0.00		|

Predicted Path Delay Matrix :
|0	184	97	98	98	102	95	184	102	98	95	101	180	93	93	102	95	189	3	189	90	183	190	107	109		|
|95	0	96	100	93	188	102	184	101	188	190	100	186	93	101	189	95	97	93	189	185	3	92	95	97		|
|90	183	0	95	95	183	102	186	5	188	109	4	194	95	5	99	93	92	93	186	104	95	187	104	98		|
|92	186	184	0	186	186	186	193	189	183	94	188	186	102	96	190	100	95	95	91	182	100	92	185	181		|
|93	186	3	98	0	186	105	189	8	191	112	7	193	98	8	96	96	95	96	189	107	98	190	101	101		|
|97	186	188	94	191	0	104	91	193	195	188	94	277	95	190	199	97	96	100	185	187	101	186	192	99		|
|7	96	98	12	105	103	0	96	103	105	102	99	187	5	100	109	7	107	10	103	97	99	104	102	103		|
|6	95	97	11	100	102	101	0	102	104	101	3	186	4	99	108	6	99	9	102	96	94	98	101	102		|
|96	185	187	90	194	192	186	185	0	189	104	99	189	94	184	193	96	185	94	181	99	188	182	191	191		|
|94	186	187	102	186	94	97	185	192	0	94	186	274	95	99	193	97	98	97	94	184	103	194	185	92		|
|96	185	95	90	92	186	98	185	100	92	0	99	276	94	100	188	96	185	99	181	186	92	182	91	93		|
|95	188	99	104	97	195	98	188	104	193	190	0	275	97	104	193	99	191	98	195	185	91	196	183	185		|
|103	192	102	108	99	99	103	190	107	201	194	106	0	101	107	195	103	194	106	190	193	195	200	198	98		|
|2	91	93	7	100	98	97	91	98	100	97	94	182	0	95	104	2	102	5	98	92	94	99	97	98		|
|98	187	93	103	90	194	98	187	96	196	189	97	191	96	0	94	98	185	101	185	188	96	195	99	93		|
|12	101	95	17	110	108	12	101	100	110	102	99	97	10	100	0	12	103	15	99	102	104	109	5	7		|
|4	93	91	5	102	96	98	93	96	102	96	95	181	2	96	106	0	100	7	96	91	96	97	99	100		|
|9	91	96	10	95	91	103	98	101	107	101	100	186	7	101	111	5	0	12	101	96	5	96	97	99		|
|99	188	94	95	180	99	92	188	99	95	100	98	185	97	90	99	96	186	0	186	95	186	187	104	106		|
|13	95	93	14	95	95	95	102	98	92	105	97	190	11	5	99	9	4	16	0	100	9	100	101	90		|
|97	186	98	95	97	189	97	186	103	97	5	102	90	95	103	193	97	188	100	184	0	93	187	96	92		|
|92	181	93	97	90	188	99	181	98	185	187	97	272	90	98	186	92	185	90	186	182	0	189	92	94		|
|14	95	101	15	100	96	108	103	106	112	106	105	94	12	97	116	10	5	17	106	101	10	0	102	104		|
|7	96	98	12	105	103	7	96	103	105	97	96	187	5	99	109	7	98	10	94	97	99	104	0	2		|
|5	94	96	10	103	101	5	94	101	103	96	94	185	3	97	107	5	96	8	92	95	97	102	100	0		|

Final Congestion Actual Delay Matrix :
|0.00	429.16	264.32	266.49	238.44	269.08	225.04	417.64	278.03	268.90	260.73	275.45	477.86	179.88	252.49	278.80	185.38	515.07	8.25	516.60	247.01	492.48	502.49	292.50	297.98		|
|235.54	0.00	262.35	249.27	254.40	309.23	277.87	467.79	276.06	358.87	496.27	273.48	186.00	230.03	276.05	515.01	235.53	105.69	98.22	512.84	482.55	8.22	0.00	258.66	264.15		|
|237.43	497.49	0.00	216.01	103.71	454.29	267.11	496.04	13.72	506.33	296.19	11.13	513.33	258.28	13.71	269.23	252.80	250.75	245.68	466.13	282.47	256.77	452.01	282.93	267.85		|
|201.94	507.47	503.83	0.00	452.73	464.26	437.50	517.68	517.55	342.12	220.84	514.96	330.00	279.93	263.68	519.21	274.44	260.72	210.19	250.12	448.95	274.38	236.00	468.21	423.78		|
|245.37	505.44	7.95	223.96	0.00	462.23	275.06	503.98	21.67	514.28	304.14	19.08	522.17	266.23	21.66	260.61	260.75	258.70	253.63	474.08	290.42	264.72	459.96	274.31	275.80		|
|264.86	508.64	514.59	0.00	510.71	0.00	269.95	248.36	528.31	533.77	314.84	255.43	742.73	259.35	517.35	543.66	264.85	0.00	273.12	344.12	511.87	109.66	330.00	523.02	256.23		|
|19.25	263.02	268.98	32.98	257.69	282.15	0.00	251.49	282.69	288.15	279.98	258.56	497.11	13.74	271.74	298.05	19.24	293.70	27.50	283.09	266.26	271.25	268.98	277.41	269.46		|
|16.50	260.28	266.23	30.23	262.35	279.41	263.05	0.00	279.95	285.41	277.24	7.07	494.37	11.00	268.99	295.30	16.49	0.00	24.76	280.35	263.52	252.70	0.00	274.66	266.71		|
|261.71	505.48	511.43	202.29	500.15	524.61	469.08	493.95	0.00	512.94	282.48	257.21	499.61	256.20	496.53	522.83	261.70	463.01	252.29	452.41	268.76	513.70	438.30	519.87	520.19		|
|0.00	507.17	510.13	277.12	486.07	248.94	263.35	497.30	523.85	0.00	254.19	498.47	571.86	257.89	269.99	525.51	263.38	267.02	102.25	256.42	341.01	280.69	521.46	501.55	249.63		|
|215.06	458.83	239.83	242.91	231.89	340.94	266.58	447.30	253.55	0.00	0.00	250.97	692.92	209.55	253.54	492.50	215.05	503.63	223.31	493.03	462.07	0.00	478.92	247.37	252.86		|
|257.34	514.32	266.31	284.28	255.28	533.45	255.98	502.79	280.02	526.24	518.07	0.00	735.20	265.04	280.01	515.90	270.54	517.05	265.59	534.39	504.35	245.64	520.28	496.08	501.56		|
|282.26	526.03	186.15	295.98	178.20	265.14	282.21	513.50	199.87	551.16	527.48	197.28	0.00	276.75	199.86	438.81	282.25	436.90	290.51	518.13	529.27	534.25	531.99	540.42	268.49		|
|5.51	249.28	255.24	19.24	243.95	268.41	230.55	237.75	268.95	274.41	266.24	244.82	483.37	0.00	258.00	284.31	5.50	279.96	13.76	269.35	252.52	257.51	255.24	263.67	255.72		|
|267.91	511.68	97.95	281.64	0.00	530.81	267.86	500.15	0.00	536.81	513.13	109.08	517.08	262.40	0.00	255.52	267.90	348.70	276.16	503.78	514.92	99.76	517.64	269.22	254.14		|
|32.95	276.73	182.00	46.68	271.39	295.85	32.91	265.20	195.72	301.85	269.18	0.00	261.56	27.44	195.71	0.00	32.94	278.47	41.20	267.87	279.96	284.95	282.68	13.70	19.19		|
|10.99	254.77	249.74	13.74	249.43	262.91	257.27	243.24	263.45	279.89	239.95	260.87	457.08	5.48	263.44	289.79	0.00	274.46	19.24	263.86	226.23	262.99	249.74	269.15	261.20		|
|24.71	246.74	263.46	27.46	259.84	203.54	270.99	256.96	277.18	293.62	253.68	274.59	470.81	19.21	277.17	303.51	13.72	0.00	32.97	277.58	239.95	13.66	254.43	264.10	269.59		|
|236.04	479.81	256.06	258.23	334.24	260.82	216.79	468.28	269.78	260.65	108.72	267.20	325.85	230.53	244.24	270.54	0.00	506.81	0.00	508.35	0.00	344.00	494.24	284.24	289.73		|
|35.32	257.35	253.71	38.07	103.57	214.14	187.38	267.56	267.43	0.00	264.28	264.85	481.41	29.81	13.57	269.09	24.33	10.60	43.57	0.00	250.56	24.27	265.04	274.71	173.66		|
|265.20	508.98	265.46	256.63	245.61	495.99	265.16	497.45	279.18	105.72	13.72	276.60	230.85	259.69	279.17	506.22	265.19	511.68	273.45	501.07	0.00	245.47	492.64	261.09	251.44		|
|227.32	471.09	254.12	241.05	246.18	490.22	269.65	459.56	267.84	350.65	488.05	265.26	705.18	221.81	267.83	506.79	227.31	504.87	0.00	504.61	474.33	0.00	477.05	250.44	255.93		|
|38.40	0.00	277.15	41.15	273.53	217.23	284.68	270.65	290.87	307.31	267.37	288.29	0.00	32.90	252.13	317.20	27.41	13.69	46.66	291.27	253.65	27.36	0.00	277.79	283.28		|
|19.25	263.03	268.98	32.98	257.70	282.16	19.21	251.50	282.70	288.16	255.49	254.33	497.12	13.74	267.74	298.05	19.24	264.78	27.51	254.17	266.26	271.25	268.99	0.00	5.49		|
|13.77	257.54	263.49	27.49	252.21	276.67	13.72	246.01	277.21	282.67	258.99	248.84	491.63	8.26	263.21	292.56	13.75	260.24	22.02	249.64	260.78	265.76	263.50	271.93	0.00		|
*****************Final Output :*****************

Shorest Path between source 4 and destination 9 is: 189.


Shorest Path between source 4 and destination 9 is: 517.55.

Hop Count for source 4 and destination 9 is: 3.

Total Running Time of the Algorithm in Seconds is 0.0042040


Total no.of Key-Basic Operations are : 24065

*********************************************
****************************************************

GivenExampleStrategy

Size of Given input Graph is : 25
Path Matrix :
|	(1,)		(1,14,2,)		(1,19,3,)		(1,19,4,)		(1,5,)		(1,19,6,)		(1,19,7,)		(1,14,8,)		(1,19,3,9,)		(1,19,10,)		(1,21,11,)		(1,19,3,12,)		(1,21,13,)		(1,14,)		(1,19,15,)		(1,19,16,)		(1,14,17,)		(1,19,3,18,)		(1,19,)		(1,19,4,20,)		(1,21,)(1,21,22,)		(1,19,4,23,)		(1,19,16,24,)		(1,19,16,24,25,)		|
|	(2,22,14,1,)		(2,)		(2,22,5,3,)		(2,22,14,17,4,)		(2,22,5,)		(2,23,18,6,)		(2,22,24,25,7,)		(2,22,14,8,)		(2,22,5,3,9,)		(2,22,19,10,)	(2,22,14,1,21,11,)		(2,22,5,3,12,)		(2,23,13,)		(2,22,14,)		(2,22,5,3,15,)		(2,22,5,16,)		(2,22,14,17,)		(2,23,18,)		(2,22,19,)		(2,22,24,20,)		(2,22,14,1,21,)		(2,22,)		(2,23,)		(2,22,24,)		(2,22,24,25,)		|
|	(3,1,)		(3,18,2,)		(3,)		(3,9,4,)		(3,15,5,)		(3,18,6,)		(3,12,7,)		(3,17,14,8,)		(3,9,)		(3,1,19,10,)		(3,9,21,11,)		(3,12,)		(3,9,21,13,)		(3,17,14,)		(3,15,)		(3,15,16,)		(3,17,)		(3,18,)		(3,1,19,)		(3,9,4,20,)		(3,9,21,)		(3,12,22,)		(3,9,4,23,)		(3,15,16,24,)		(3,15,25,)		|
|	(4,1,)		(4,20,18,2,)		(4,20,3,)		(4,)		(4,11,5,)		(4,20,18,6,)		(4,20,25,7,)		(4,20,18,17,14,8,)		(4,20,3,9,)		(4,20,10,)	(4,11,)		(4,20,3,12,)		(4,23,13,)		(4,20,18,17,14,)		(4,20,15,)		(4,20,15,16,)		(4,20,18,17,)		(4,20,18,)		(4,1,19,)		(4,20,)		(4,1,21,)		(4,20,18,22,)		(4,23,)		(4,11,24,)		(4,20,25,)		|
|	(5,3,1,)		(5,3,18,2,)		(5,3,)		(5,3,9,4,)		(5,)		(5,3,18,6,)		(5,3,12,7,)		(5,3,17,14,8,)		(5,3,9,)		(5,3,1,19,10,)		(5,3,9,21,11,)		(5,3,12,)		(5,16,13,)		(5,3,17,14,)		(5,3,15,)		(5,16,)		(5,3,17,)		(5,3,18,)		(5,3,1,19,)		(5,3,9,4,20,)		(5,3,9,21,)		(5,3,12,22,)		(5,3,9,4,23,)		(5,16,24,)		(5,3,15,25,)		|
|	(6,8,14,1,)		(6,8,14,2,)		(6,8,14,17,3,)		(6,4,)		(6,8,12,5,)		(6,)		(6,25,7,)		(6,8,)		(6,8,14,17,3,9,)		(6,8,14,1,19,10,)	(6,4,11,)		(6,8,12,)		(6,8,14,1,21,13,)		(6,8,14,)		(6,8,14,1,19,15,)		(6,8,14,1,19,16,)		(6,8,14,17,)		(6,18,)		(6,8,14,1,19,)		(6,4,20,)		(6,8,14,1,21,)		(6,18,22,)		(6,4,23,)		(6,8,14,24,)		(6,25,)		|
|	(7,14,1,)		(7,14,2,)		(7,14,17,3,)		(7,14,17,4,)		(7,14,1,5,)		(7,14,17,6,)		(7,)		(7,14,8,)		(7,14,17,3,9,)		(7,14,1,19,10,)(7,14,1,21,11,)		(7,14,8,12,)		(7,14,1,21,13,)		(7,14,)		(7,14,1,19,15,)		(7,14,1,19,16,)		(7,14,17,)		(7,14,17,4,20,18,)		(7,14,1,19,)		(7,14,17,4,20,)(7,14,1,21,)		(7,14,2,22,)		(7,14,17,4,23,)		(7,14,24,)		(7,14,25,)		|
|	(8,14,1,)		(8,14,2,)		(8,14,17,3,)		(8,14,17,4,)		(8,12,5,)		(8,14,17,6,)		(8,12,7,)		(8,)		(8,14,17,3,9,)		(8,14,1,19,10,)(8,14,1,21,11,)		(8,12,)		(8,14,1,21,13,)		(8,14,)		(8,14,1,19,15,)		(8,14,1,19,16,)		(8,14,17,)		(8,18,)		(8,14,1,19,)		(8,14,17,4,20,)		(8,14,1,21,)	(8,12,22,)		(8,23,)		(8,14,24,)		(8,14,25,)		|
|	(9,14,1,)		(9,14,2,)		(9,14,17,3,)		(9,4,)		(9,14,1,5,)		(9,14,17,6,)		(9,19,7,)		(9,14,8,)		(9,)		(9,19,10,)		(9,21,11,)		(9,12,)		(9,21,13,)		(9,14,)		(9,19,15,)		(9,19,16,)		(9,14,17,)		(9,4,20,18,)		(9,19,)		(9,4,20,)		(9,21,)		(9,14,2,22,)		(9,4,23,)		(9,14,24,)		(9,21,25,)		|
|	(10,1,)		(10,25,14,2,)		(10,20,3,)		(10,25,14,17,4,)		(10,11,5,)		(10,6,)		(10,25,7,)		(10,6,8,)		(10,20,3,9,)		(10,)		(10,11,)		(10,25,12,)		(10,1,21,13,)		(10,25,14,)		(10,20,15,)		(10,20,15,16,)		(10,25,14,17,)		(10,20,18,)		(10,1,19,)		(10,20,)		(10,1,21,)		(10,20,18,22,)		(10,20,18,23,)		(10,11,24,)		(10,25,)		|
|	(11,14,1,)		(11,14,2,)		(11,5,3,)		(11,4,)		(11,5,)		(11,10,6,)		(11,24,25,7,)		(11,14,8,)		(11,5,3,9,)		(11,10,)		(11,)		(11,5,3,12,)		(11,14,1,21,13,)		(11,14,)		(11,5,3,15,)		(11,5,16,)		(11,14,17,)		(11,4,20,18,)		(11,14,1,19,)		(11,4,20,)	(11,14,1,21,)		(11,22,)		(11,4,23,)		(11,24,)		(11,24,25,)		|
|	(12,1,)		(12,14,2,)		(12,3,)		(12,14,17,4,)		(12,5,)		(12,14,17,6,)		(12,7,)		(12,14,8,)		(12,3,9,)		(12,1,19,10,)		(12,1,21,11,)	(12,)		(12,1,21,13,)		(12,14,)		(12,3,15,)		(12,5,16,)		(12,14,17,)		(12,3,18,)		(12,1,19,)		(12,14,17,4,20,)		(12,1,21,)	(12,22,)		(12,14,17,4,23,)		(12,22,24,)		(12,22,24,25,)		|
|	(13,25,14,1,)		(13,25,14,2,)		(13,5,3,)		(13,25,14,17,4,)		(13,5,)		(13,6,)		(13,25,7,)		(13,6,8,)		(13,5,3,9,)		(13,25,14,1,19,10,)		(13,25,11,)		(13,5,3,12,)		(13,)		(13,25,14,)		(13,5,3,15,)		(13,5,16,)		(13,25,14,17,)		(13,5,3,18,)		(13,25,14,1,19,)		(13,25,20,)		(13,25,14,1,21,)		(13,25,14,2,22,)		(13,25,14,17,4,23,)		(13,25,14,24,)		(13,25,)		|
|	(14,1,)		(14,2,)		(14,17,3,)		(14,17,4,)		(14,1,5,)		(14,17,6,)		(14,1,19,7,)		(14,8,)		(14,17,3,9,)		(14,1,19,10,)		(14,1,21,11,)		(14,8,12,)		(14,1,21,13,)		(14,)		(14,1,19,15,)		(14,1,19,16,)		(14,17,)		(14,17,4,20,18,)		(14,1,19,)		(14,17,4,20,)		(14,1,21,)		(14,2,22,)		(14,17,4,23,)		(14,24,)		(14,25,)		|
|	(15,25,14,1,)		(15,25,14,2,)		(15,5,3,)		(15,25,14,17,4,)		(15,5,)		(15,25,14,17,6,)		(15,25,7,)		(15,25,14,8,)		(15,9,)		(15,25,14,1,19,10,)		(15,25,11,)		(15,5,3,12,)		(15,16,13,)		(15,25,14,)		(15,)		(15,16,)		(15,25,14,17,)		(15,5,3,18,)		(15,25,14,1,19,)	(15,25,20,)		(15,25,14,1,21,)		(15,22,)		(15,25,14,17,4,23,)		(15,16,24,)		(15,25,)		|
|	(16,24,25,14,1,)		(16,24,25,14,2,)		(16,3,)		(16,24,25,14,17,4,)		(16,24,25,14,1,5,)		(16,24,25,14,17,6,)		(16,24,25,7,)		(16,24,25,14,8,)	(16,3,9,)		(16,24,25,14,1,19,10,)		(16,24,11,)		(16,12,)		(16,13,)		(16,24,25,14,)		(16,3,15,)		(16,)		(16,24,25,14,17,)		(16,24,20,18,)		(16,24,25,14,1,19,)		(16,24,20,)		(16,24,25,14,1,21,)		(16,24,25,14,2,22,)		(16,24,25,14,17,4,23,)		(16,24,)		(16,24,25,)		|
|	(17,14,1,)		(17,14,2,)		(17,3,)		(17,4,)		(17,14,1,5,)		(17,6,)		(17,7,)		(17,14,8,)		(17,3,9,)		(17,14,1,19,10,)		(17,21,11,)		(17,3,12,)		(17,21,13,)		(17,14,)		(17,3,15,)		(17,14,1,19,16,)		(17,)		(17,4,20,18,)		(17,14,1,19,)		(17,4,20,)		(17,21,)		(17,14,2,22,)		(17,4,23,)		(17,14,24,)		(17,14,25,)		|
|	(18,17,14,1,)		(18,2,)		(18,17,3,)		(18,17,4,)		(18,22,5,)		(18,6,)		(18,17,7,)		(18,17,14,8,)		(18,17,3,9,)		(18,17,14,1,19,10,)	(18,17,21,11,)		(18,17,3,12,)		(18,17,21,13,)		(18,17,14,)		(18,17,3,15,)		(18,17,14,1,19,16,)		(18,17,)		(18,)		(18,17,14,1,19,)		(18,17,4,20,)		(18,17,21,)		(18,22,)		(18,23,)		(18,22,24,)		(18,22,24,25,)		|
|	(19,7,14,1,)		(19,7,14,2,)		(19,3,)		(19,4,)		(19,15,5,)		(19,6,)		(19,7,)		(19,7,14,8,)		(19,3,9,)		(19,10,)		(19,21,11,)	(19,3,12,)		(19,21,13,)		(19,7,14,)		(19,15,)		(19,16,)		(19,17,)		(19,3,18,)		(19,)		(19,4,20,)		(19,21,)		(19,15,22,)		(19,4,23,)		(19,16,24,)		(19,16,24,25,)		|
|	(20,18,17,14,1,)		(20,18,2,)		(20,3,)		(20,18,17,4,)		(20,15,5,)		(20,18,6,)		(20,25,7,)		(20,18,17,14,8,)		(20,3,9,)		(20,10,)		(20,18,17,21,11,)		(20,3,12,)		(20,18,17,21,13,)		(20,18,17,14,)		(20,15,)		(20,15,16,)		(20,18,17,)		(20,18,)		(20,18,17,14,1,19,)		(20,)		(20,18,17,21,)		(20,18,22,)		(20,18,23,)		(20,18,22,24,)		(20,25,)		|
|	(21,25,14,1,)		(21,25,14,2,)		(21,3,)		(21,11,4,)		(21,11,5,)		(21,13,6,)		(21,25,7,)		(21,25,14,8,)		(21,3,9,)		(21,11,10,)	(21,11,)		(21,3,12,)		(21,13,)		(21,25,14,)		(21,3,15,)		(21,11,5,16,)		(21,25,14,17,)		(21,25,20,18,)		(21,25,14,1,19,)		(21,25,20,)	(21,)		(21,22,)		(21,11,4,23,)		(21,11,24,)		(21,25,)		|
|	(22,14,1,)		(22,14,2,)		(22,5,3,)		(22,14,17,4,)		(22,5,)		(22,14,17,6,)		(22,24,25,7,)		(22,14,8,)		(22,5,3,9,)		(22,19,10,)	(22,14,1,21,11,)		(22,5,3,12,)		(22,14,1,21,13,)		(22,14,)		(22,5,3,15,)		(22,5,16,)		(22,14,17,)		(22,5,3,18,)		(22,19,)		(22,24,20,)		(22,14,1,21,)		(22,)		(22,14,17,4,23,)		(22,24,)		(22,24,25,)		|
|	(23,18,17,14,1,)		(23,2,)		(23,18,17,3,)		(23,18,17,4,)		(23,18,22,5,)		(23,18,6,)		(23,18,17,7,)		(23,18,17,14,8,)		(23,18,17,3,9,)		(23,18,17,14,1,19,10,)		(23,18,17,21,11,)		(23,18,17,3,12,)		(23,13,)		(23,18,17,14,)		(23,15,)		(23,18,17,14,1,19,16,)		(23,18,17,)		(23,18,)		(23,18,17,14,1,19,)		(23,18,17,4,20,)		(23,18,17,21,)		(23,18,22,)		(23,)		(23,18,22,24,)		(23,18,22,24,25,)		|
|	(24,25,14,1,)		(24,25,14,2,)		(24,25,14,17,3,)		(24,25,14,17,4,)		(24,25,14,1,5,)		(24,25,14,17,6,)		(24,25,7,)		(24,25,14,8,)		(24,25,14,17,3,9,)		(24,25,14,1,19,10,)		(24,11,)		(24,25,12,)		(24,25,14,1,21,13,)		(24,25,14,)		(24,20,15,)		(24,25,14,1,19,16,)		(24,25,14,17,)(24,20,18,)		(24,25,14,1,19,)		(24,20,)		(24,25,14,1,21,)		(24,25,14,2,22,)		(24,25,14,17,4,23,)		(24,)		(24,25,)		|
|	(25,14,1,)		(25,14,2,)		(25,14,17,3,)		(25,14,17,4,)		(25,14,1,5,)		(25,14,17,6,)		(25,7,)		(25,14,8,)		(25,14,17,3,9,)		(25,14,1,19,10,)		(25,11,)		(25,12,)		(25,14,1,21,13,)		(25,14,)		(25,20,15,)		(25,14,1,19,16,)		(25,14,17,)		(25,20,18,)		(25,14,1,19,)		(25,20,)		(25,14,1,21,)		(25,14,2,22,)		(25,14,17,4,23,)		(25,14,24,)		(25,)		|
Hop Count Matrix :
|0	2	2	2	1	2	2	2	3	2	2	3	2	1	2	2	2	3	1	3	1	2	3	3	4		|
|3	0	3	4	2	3	4	3	4	3	5	4	2	2	4	3	3	2	2	3	4	1	1	2	3		|
|1	2	0	2	2	2	2	3	1	3	3	1	3	2	1	2	1	1	2	3	2	2	3	3	2		|
|1	3	2	0	2	3	3	5	3	2	1	3	2	4	2	3	3	2	2	1	2	3	1	2	2		|
|2	3	1	3	0	3	3	4	2	4	4	2	2	3	2	1	2	2	3	4	3	3	4	2	3		|
|3	3	4	1	3	0	2	1	5	5	2	2	5	2	5	5	3	1	4	2	4	2	2	3	1		|
|2	2	3	3	3	3	0	2	4	4	4	3	4	1	4	4	2	5	3	4	3	3	4	2	2		|
|2	2	3	3	2	3	2	0	4	4	4	1	4	1	4	4	2	1	3	4	3	2	1	2	2		|
|2	2	3	1	3	3	2	2	0	2	2	1	2	1	2	2	2	3	1	2	1	3	2	2	2		|
|1	3	2	4	2	1	2	2	3	0	1	2	3	2	2	3	3	2	2	1	2	3	3	2	1		|
|2	2	2	1	1	2	3	2	3	1	0	3	4	1	3	2	2	3	3	2	3	1	2	1	2		|
|1	2	1	3	1	3	1	2	2	3	3	0	3	1	2	2	2	2	2	4	2	1	4	2	3		|
|3	3	2	4	1	1	2	2	3	5	2	3	0	2	3	2	3	3	4	2	4	4	5	3	1		|
|1	1	2	2	2	2	3	1	3	3	3	2	3	0	3	3	1	4	2	3	2	2	3	1	1		|
|3	3	2	4	1	4	2	3	1	5	2	3	2	2	0	1	3	3	4	2	4	1	5	2	1		|
|4	4	1	5	5	5	3	4	2	6	2	1	1	3	2	0	4	3	5	2	5	5	6	1	2		|
|2	2	1	1	3	1	1	2	2	4	2	2	2	1	2	4	0	3	3	2	1	3	2	2	2		|
|3	1	2	2	2	1	2	3	3	5	3	3	3	2	3	5	1	0	4	3	2	1	1	2	3		|
|3	3	1	1	2	1	1	3	2	1	2	2	2	2	1	1	1	2	0	2	1	2	2	2	3		|
|4	2	1	3	2	2	2	4	2	1	4	2	4	3	1	2	2	1	5	0	3	2	2	3	1		|
|3	3	1	2	2	2	2	3	2	2	1	2	1	2	2	3	3	3	4	2	0	1	3	2	1		|
|2	2	2	3	1	3	3	2	3	2	4	3	4	1	3	2	2	3	1	2	3	0	4	1	2		|
|4	1	3	3	3	2	3	4	4	6	4	4	1	3	1	6	2	1	5	4	3	2	0	3	4		|
|3	3	4	4	4	4	2	3	5	5	1	2	5	2	2	5	3	2	4	1	4	4	5	0	1		|
|2	2	3	3	3	3	1	2	4	4	1	1	4	1	2	4	2	2	3	1	3	3	4	2	0		|

Congestion Edge Matrix :
|0.00	na	na	na	822.43	na	na	na	na	na	na	na	na	266.24	na	na	na	na	1369.20	na	23634.00	na	na	na	na		|
|na	0.00	na	na	na	na	na	na	na	na	na	na	na	na	na	na	na	na	na	na	na	1330.00	na	na	na		|
|1545.00	na	0.00	na	na	na	na	na	1324.00	na	na	381.33	na	na	600.00	na	11749.00	17411.00	na	na	na	na	na	na	na		|
|420.31	na	na	0.00	na	na	na	na	na	na	622.98	na	na	na	na	na	na	na	na	28141.75	na	na	1295.22	na	na		|
|na	na	70.00	na	0.00	na	na	na	na	na	na	na	na	na	na	7180.80	na	na	na	na	na	na	na	na	na		|
|na	na	na	na	na	0.00	na	11526.67	na	na	na	na	na	na	na	na	na	na	na	na	na	na	na	na	1699.50		|
|na	na	na	na	na	na	0.00	na	na	na	na	na	na	1171.25	na	na	na	na	na	na	na	na	na	na	na		|
|na	na	na	na	na	na	na	0.00	na	na	na	19.59	na	760.00	na	na	na	na	na	na	na	na	na	na	na		|
|na	na	na	452.90	na	na	na	na	0.00	na	na	1980.00	na	8883.00	na	na	na	na	3741.20	na	7702.20	na	na	na	na		|
|na	na	na	na	na	2279.50	na	na	na	-nan	9024.00	na	na	na	na	na	na	na	na	8961.33	na	na	na	na	6486.00		|
|na	na	na	5130.00	1107.61	na	na	na	na	na	-nan	na	na	444.20	na	na	na	na	na	na	na	na	na	11739.00	na		|
|6792.50	na	4776.75	na	1843.00	na	1666.00	na	na	na	na	0.00	na	6369.67	na	na	na	na	na	na	na	5241.60	na	na	na		|
|na	na	na	na	178.20	3366.00	na	na	na	na	na	na	0.00	na	na	na	na	na	na	na	na	na	na	na	18914.00		|
|2214.67	19091.80	na	na	na	na	na	1800.37	na	na	na	na	na	0.00	na	na	822.00	na	na	na	na	na	na	9506.00	1633.33		|
|na	na	na	na	na	na	na	na	na	na	na	na	na	na	0.00	9094.50	na	na	na	na	na	99.76	na	na	19948.50		|
|na	na	266.37	na	na	na	na	na	na	na	na	na	6078.67	na	na	0.00	na	na	na	na	na	na	na	1047.00	na		|
|na	na	13650.00	2353.33	na	4920.00	1999.20	na	na	na	na	na	na	1077.33	na	na	0.00	na	na	na	918.92	na	na	na	na		|
|na	6006.00	na	na	na	440.73	na	na	na	na	na	na	na	na	na	na	2375.00	0.00	na	na	na	593.75	2400.00	na	na		|
|na	na	14726.67	12001.67	na	2400.75	600.71	na	na	24225.00	na	na	na	na	5472.00	6451.50	na	na	0.00	na	na	na	na	na	na		|
|na	na	8711.00	na	na	na	na	na	na	na	na	na	na	na	295.00	na	na	107.69	na	0.00	na	na	na	na	255.88		|
|na	na	9375.33	na	na	na	na	na	na	na	940.00	na	1279.41	na	na	na	na	na	na	na	0.00	2394.75	na	na	6670.00		|
|na	na	na	na	12915.00	na	na	na	na	na	na	na	na	772.94	na	na	na	na	na	na	na	524216320.00	na	16069.33	na		|
|na	na	na	na	na	na	na	na	na	na	na	na	na	na	1959.40	na	na	640.00	na	na	na	na	0.00	na	na		|
|na	na	na	na	na	na	na	na	na	na	2328.00	na	na	na	na	na	na	na	na	7488.67	na	na	na	0.00	604.67		|
|na	na	na	na	na	na	626.67	na	na	na	6400.00	2256.00	na	3039.00	na	na	na	na	na	6578.00	na	na	na	na	0.00		|

Predicted Path Delay Matrix :
|0	184	97	98	98	102	95	184	102	98	95	101	180	93	93	102	95	189	3	189	90	183	190	107	109		|
|95	0	96	100	93	188	102	184	101	188	190	100	186	93	101	189	95	97	93	189	185	3	92	95	97		|
|90	183	0	95	95	183	102	186	5	188	109	4	194	95	5	99	93	92	93	186	104	95	187	104	98		|
|92	186	184	0	186	186	186	193	189	183	94	188	186	102	96	190	100	95	95	91	182	100	92	185	181		|
|93	186	3	98	0	186	105	189	8	191	112	7	193	98	8	96	96	95	96	189	107	98	190	101	101		|
|97	186	188	94	191	0	104	91	193	195	188	94	277	95	190	199	97	96	100	185	187	101	186	192	99		|
|7	96	98	12	105	103	0	96	103	105	102	99	187	5	100	109	7	107	10	103	97	99	104	102	103		|
|6	95	97	11	100	102	101	0	102	104	101	3	186	4	99	108	6	99	9	102	96	94	98	101	102		|
|96	185	187	90	194	192	186	185	0	189	104	99	189	94	184	193	96	185	94	181	99	188	182	191	191		|
|94	186	187	102	186	94	97	185	192	0	94	186	274	95	99	193	97	98	97	94	184	103	194	185	92		|
|96	185	95	90	92	186	98	185	100	92	0	99	276	94	100	188	96	185	99	181	186	92	182	91	93		|
|95	188	99	104	97	195	98	188	104	193	190	0	275	97	104	193	99	191	98	195	185	91	196	183	185		|
|103	192	102	108	99	99	103	190	107	201	194	106	0	101	107	195	103	194	106	190	193	195	200	198	98		|
|2	91	93	7	100	98	97	91	98	100	97	94	182	0	95	104	2	102	5	98	92	94	99	97	98		|
|98	187	93	103	90	194	98	187	96	196	189	97	191	96	0	94	98	185	101	185	188	96	195	99	93		|
|12	101	95	17	110	108	12	101	100	110	102	99	97	10	100	0	12	103	15	99	102	104	109	5	7		|
|4	93	91	5	102	96	98	93	96	102	96	95	181	2	96	106	0	100	7	96	91	96	97	99	100		|
|9	91	96	10	95	91	103	98	101	107	101	100	186	7	101	111	5	0	12	101	96	5	96	97	99		|
|99	188	94	95	180	99	92	188	99	95	100	98	185	97	90	99	96	186	0	186	95	186	187	104	106		|
|13	95	93	14	95	95	95	102	98	92	105	97	190	11	5	99	9	4	16	0	100	9	100	101	90		|
|97	186	98	95	97	189	97	186	103	97	5	102	90	95	103	193	97	188	100	184	0	93	187	96	92		|
|92	181	93	97	90	188	99	181	98	185	187	97	272	90	98	186	92	185	90	186	182	0	189	92	94		|
|14	95	101	15	100	96	108	103	106	112	106	105	94	12	97	116	10	5	17	106	101	10	0	102	104		|
|7	96	98	12	105	103	7	96	103	105	97	96	187	5	99	109	7	98	10	94	97	99	104	0	2		|
|5	94	96	10	103	101	5	94	101	103	96	94	185	3	97	107	5	96	8	92	95	97	102	100	0		|

Congestion Actual Delay Matrix :
|0.00	19358.04	16095.87	13370.87	822.43	3769.95	1969.91	2066.61	17419.87	25594.20	24574.00	16477.20	24913.41	266.24	6841.20	7820.70	1088.24	33506.87	1369.20	41512.62	23634.00	26028.75	14666.08	8867.70	9472.37		|
|4317.61	0.00	14315.00	5278.27	14245.00	1172.73	18630.67	3903.31	15639.00	25645.00	28891.61	14696.33	186.00	2102.94	14915.00	21425.80	2924.94	732.00	1420.0024888.00	27951.61	1330.00	0.00	17399.33	18004.00		|
|1545.00	23417.00	0.00	1776.90	690.00	17851.72	2047.33	14626.71	1324.00	27139.20	9966.20	381.33	10305.61	12826.33	600.00	9694.50	11749.00	17411.00	2914.20	29918.65	9026.20	5622.93	3072.12	10741.50	20548.50		|
|420.31	34255.44	36852.75	0.00	1730.59	28690.16	29024.30	33502.14	38176.75	28233.75	622.98	37234.08	1389.22	31701.77	28436.75	37531.25	30624.44	28249.44	1789.51	28141.75	24054.31	28843.19	1295.22	12361.98	28397.63		|
|1615.00	23487.00	70.00	1846.90	0.00	17921.72	2117.33	14696.71	1394.00	27209.20	10036.20	451.33	13259.47	12896.33	670.00	7180.80	11819.00	17481.00	2984.2029988.65	9096.20	5692.93	3142.12	8227.80	20618.50		|
|14501.33	31378.47	26758.67	0.00	13389.25	0.00	2326.17	11526.67	28082.67	40095.53	716.98	11546.25	39414.74	12286.67	21342.53	22322.03	13108.67	0.00	15870.53	28235.75	38135.33	689.75	1389.22	21792.67	1699.50		|
|3385.92	20263.05	15643.25	4346.58	4208.35	6913.25	0.00	2971.62	16967.25	28980.12	27959.92	2991.21	28299.33	1171.25	10227.12	11206.62	1993.25	32596.02	4755.1232488.33	27019.92	21593.05	5641.80	10677.25	2804.58		|
|2974.67	19851.80	15232.00	3935.33	1862.59	6502.00	1685.59	0.00	16556.00	28568.87	27548.67	19.59	27888.08	760.00	9815.87	10795.37	1582.00	0.00	4343.87	32077.08	26608.67	5261.19	0.00	10266.00	2393.33		|
|11097.67	27974.80	23355.00	452.90	11920.10	14625.00	4341.91	10683.37	0.00	27966.20	8642.20	1980.00	8981.61	8883.00	9213.20	10192.70	9705.00	28702.34	3741.20	28594.65	7702.20	29304.80	1748.12	18389.00	14372.20		|
|0.00	28616.80	17672.33	12700.33	10131.61	2279.50	7112.67	13806.17	18996.33	-nan	9024.00	8742.00	25007.41	9525.00	9256.33	18350.83	10347.00	9069.02	1463.20	8961.3323728.00	9662.77	11469.02	20763.00	6486.00		|
|2658.86	19536.00	1177.61	5130.00	1107.61	2371.50	12970.33	2244.57	2501.61	0.00	-nan	1558.94	27572.28	444.20	1777.61	8288.41	1266.20	33379.44	4028.06	33271.75	26292.86	0.00	6425.22	11739.00	12343.67		|
|6792.50	25461.47	4776.75	9545.00	1843.00	12111.67	1666.00	8170.04	6100.75	32386.70	31366.50	0.00	31705.91	6369.67	5376.75	9023.80	7191.67	22187.75	8161.70	37686.75	30426.50	5241.60	10840.22	21310.93	21915.60		|
|24167.67	41044.80	248.20	25128.33	178.20	3366.00	19540.67	14892.67	1572.20	49761.87	25314.00	629.53	0.00	21953.00	848.20	7359.00	22775.00	17659.20	25536.87	25492.00	47801.66	42374.80	26423.55	31459.00	18914.00		|
|2214.67	19091.80	14472.00	3175.33	3037.10	5742.00	4184.57	1800.37	15796.00	27808.87	26788.67	1819.96	27128.08	0.00	9055.87	10035.37	822.00	31424.77	3583.87	31317.08	25848.67	20421.80	4470.55	9506.00	1633.33		|
|25202.17	42079.30	160.00	26162.83	0.00	28729.50	20575.17	24787.87	0.00	50796.37	26348.50	541.33	15173.17	22987.50	0.00	9094.50	23809.50	17571.00	26571.37	26526.50	48836.16	99.76	27458.05	10141.50	19948.50		|
|6905.33	23782.47	266.37	7866.00	7727.77	10432.67	2278.33	6491.04	1590.37	32499.54	3375.00	0.00	6078.67	4690.67	866.37	0.00	5512.67	8643.35	8274.53	8535.67	30539.33	25112.47	9161.221047.00	1651.67		|
|3292.00	20169.13	13650.00	2353.33	4114.43	4920.00	1999.20	2877.71	14974.00	28886.20	1858.92	14031.33	2198.33	1077.33	14250.00	11112.70	0.00	30602.77	4661.20	30495.08	918.92	21499.13	3648.55	10583.33	2710.67		|
|5667.00	6006.00	16025.00	4728.33	13508.75	440.73	4374.20	5252.71	17349.00	31261.20	4233.92	16406.33	4573.33	3452.33	16625.00	13487.70	2375.00	0.00	7036.20	32870.08	3293.92	593.75	2400.00	16663.08	17267.75		|
|3986.62	20863.76	14726.67	12001.67	5562.00	2400.75	600.71	3572.33	16050.67	24225.00	1035.00	15108.00	1374.41	1771.96	5472.00	6451.50	0.00	32137.67	0.00	40143.42	0.00	5571.76	13296.88	7498.50	8103.17		|
|5774.69	6113.69	8711.00	4836.02	385.00	548.41	882.55	5360.39	10035.00	0.00	4341.61	9092.33	4681.02	3560.02	295.00	9389.50	2482.69	107.69	7143.89	0.00	3401.61	701.44	2507.69	16770.77	255.88		|
|11923.67	28800.80	9375.33	6070.00	2047.61	4645.41	7296.67	11509.37	10699.33	1032.00	940.00	9756.67	1279.41	9709.00	9975.33	9228.41	10531.00	13355.69	13292.87	13248.00	0.00	2394.75	7365.22	12679.00	6670.00		|
|2987.61	19864.74	12985.00	3948.27	12915.00	6514.94	17300.67	2573.31	14309.00	24315.00	27561.61	13366.33	27901.02	772.94	13585.00	20095.80	1594.9430396.00	0.00	23558.00	26621.61	524216320.00	5243.49	16069.33	16674.00		|
|6307.00	0.00	16665.00	5368.33	14148.75	1080.73	5014.20	5892.71	17989.00	31901.20	4873.92	17046.33	0.00	4092.33	1959.40	14127.70	3015.00	640.00	7676.20	33510.08	3933.921233.75	0.00	17303.08	17907.75		|
|5858.33	22735.47	18115.67	6819.00	6680.76	9385.67	1231.33	5444.04	19439.67	31452.53	2328.00	2860.67	30771.75	3643.67	7783.67	13679.03	4465.67	7596.35	7227.53	7488.67	29492.33	24065.47	8114.22	0.00	604.67		|
|5253.67	22130.80	17511.00	6214.33	6076.10	8781.00	626.67	4839.37	18835.00	30847.87	6400.00	2256.00	30167.08	3039.00	6873.00	13074.37	3861.00	6685.69	6622.87	6578.00	28887.67	23460.80	7509.55	12545.00	0.00		|
*****************Final Output :*****************

Shorest Path between source 4 and destination 9 is: 189.


Shorest Path between source 4 and destination 9 is: 38176.75.


Hop Count for source 4 and destination 9 is: 3.

Total Running Time of the Algorithm in Seconds is 0.0069520


Total no.of Key-Basic Operations are : 6221

***********************************

