****************************************************

SingleNodeAtATime

Size of Given input Graph is : 25
Path Matrix :
|	(1,)		(1,14,2,)		(1,19,3,)		(1,19,4,)		(1,5,)		(1,19,6,)		(1,19,7,)		(1,14,8,)		(1,19,3,9,)		(1,19,10,)		(1,21,11,)		(1,19,3,12,)		(1,21,13,)		(1,14,)		(1,19,15,)		(1,19,16,)		(1,14,17,)		(1,19,3,18,)		(1,19,)		(1,19,4,20,)		(1,21,)(1,21,22,)		(1,19,4,23,)		(1,19,16,24,)		(1,19,16,24,25,)		|
|	(2,22,14,1,)		(2,)		(2,22,5,3,)		(2,22,14,17,4,)		(2,22,5,)		(2,23,18,6,)		(2,22,24,25,7,)		(2,22,14,8,)		(2,22,5,3,9,)		(2,22,19,10,)	(2,22,14,1,21,11,)		(2,22,5,3,12,)		(2,23,13,)		(2,22,14,)		(2,22,5,3,15,)		(2,22,5,16,)		(2,22,14,17,)		(2,23,18,)		(2,22,19,)		(2,22,24,20,)		(2,22,14,1,21,)		(2,22,)		(2,23,)		(2,22,24,)		(2,22,24,25,)		|
|	(3,1,)		(3,18,2,)		(3,)		(3,9,4,)		(3,15,5,)		(3,18,6,)		(3,12,7,)		(3,17,14,8,)		(3,9,)		(3,1,19,10,)		(3,9,21,11,)		(3,12,)		(3,9,21,13,)		(3,17,14,)		(3,15,)		(3,15,16,)		(3,17,)		(3,18,)		(3,1,19,)		(3,9,4,20,)		(3,9,21,)		(3,12,22,)		(3,9,4,23,)		(3,15,16,24,)		(3,15,25,)		|
|	(4,1,)		(4,20,18,2,)		(4,20,3,)		(4,)		(4,11,5,)		(4,20,18,6,)		(4,20,25,7,)		(4,20,18,17,14,8,)		(4,20,3,9,)		(4,20,10,)	(4,11,)		(4,20,3,12,)		(4,23,13,)		(4,20,18,17,14,)		(4,20,15,)		(4,20,15,16,)		(4,20,18,17,)		(4,20,18,)		(4,1,19,)		(4,20,)		(4,1,21,)		(4,20,18,22,)		(4,23,)		(4,11,24,)		(4,20,25,)		|
|	(5,3,1,)		(5,3,18,2,)		(5,3,)		(5,3,9,4,)		(5,)		(5,3,18,6,)		(5,3,12,7,)		(5,3,17,14,8,)		(5,3,9,)		(5,3,1,19,10,)		(5,3,9,21,11,)		(5,3,12,)		(5,16,13,)		(5,3,17,14,)		(5,3,15,)		(5,16,)		(5,3,17,)		(5,3,18,)		(5,3,1,19,)		(5,3,9,4,20,)		(5,3,9,21,)		(5,3,12,22,)		(5,3,9,4,23,)		(5,16,24,)		(5,3,15,25,)		|
|	(6,8,14,1,)		(6,8,14,2,)		(6,8,14,17,3,)		(6,4,)		(6,8,12,5,)		(6,)		(6,25,7,)		(6,8,)		(6,8,14,17,3,9,)		(6,8,14,1,19,10,)	(6,4,11,)		(6,8,12,)		(6,8,14,1,21,13,)		(6,8,14,)		(6,8,14,1,19,15,)		(6,8,14,1,19,16,)		(6,8,14,17,)		(6,18,)		(6,8,14,1,19,)		(6,4,20,)		(6,8,14,1,21,)		(6,18,22,)		(6,4,23,)		(6,8,14,24,)		(6,25,)		|
|	(7,14,1,)		(7,14,2,)		(7,14,17,3,)		(7,14,17,4,)		(7,14,1,5,)		(7,14,17,6,)		(7,)		(7,14,8,)		(7,14,17,3,9,)		(7,14,1,19,10,)(7,14,1,21,11,)		(7,14,8,12,)		(7,14,1,21,13,)		(7,14,)		(7,14,1,19,15,)		(7,14,1,19,16,)		(7,14,17,)		(7,14,17,4,20,18,)		(7,14,1,19,)		(7,14,17,4,20,)(7,14,1,21,)		(7,14,2,22,)		(7,14,17,4,23,)		(7,14,24,)		(7,14,25,)		|
|	(8,14,1,)		(8,14,2,)		(8,14,17,3,)		(8,14,17,4,)		(8,12,5,)		(8,14,17,6,)		(8,12,7,)		(8,)		(8,14,17,3,9,)		(8,14,1,19,10,)(8,14,1,21,11,)		(8,12,)		(8,14,1,21,13,)		(8,14,)		(8,14,1,19,15,)		(8,14,1,19,16,)		(8,14,17,)		(8,18,)		(8,14,1,19,)		(8,14,17,4,20,)		(8,14,1,21,)	(8,12,22,)		(8,23,)		(8,14,24,)		(8,14,25,)		|
|	(9,14,1,)		(9,14,2,)		(9,14,17,3,)		(9,4,)		(9,14,1,5,)		(9,14,17,6,)		(9,19,7,)		(9,14,8,)		(9,)		(9,19,10,)		(9,21,11,)		(9,12,)		(9,21,13,)		(9,14,)		(9,19,15,)		(9,19,16,)		(9,14,17,)		(9,4,20,18,)		(9,19,)		(9,4,20,)		(9,21,)		(9,14,2,22,)		(9,4,23,)		(9,14,24,)		(9,21,25,)		|
|	(10,1,)		(10,25,14,2,)		(10,20,3,)		(10,25,14,17,4,)		(10,11,5,)		(10,6,)		(10,25,7,)		(10,6,8,)		(10,20,3,9,)		(10,)		(10,11,)		(10,25,12,)		(10,1,21,13,)		(10,25,14,)		(10,20,15,)		(10,20,15,16,)		(10,25,14,17,)		(10,20,18,)		(10,1,19,)		(10,20,)		(10,1,21,)		(10,20,18,22,)		(10,20,18,23,)		(10,11,24,)		(10,25,)		|
|	(11,14,1,)		(11,14,2,)		(11,5,3,)		(11,4,)		(11,5,)		(11,10,6,)		(11,24,25,7,)		(11,14,8,)		(11,5,3,9,)		(11,10,)		(11,)		(11,5,3,12,)		(11,14,1,21,13,)		(11,14,)		(11,5,3,15,)		(11,5,16,)		(11,14,17,)		(11,4,20,18,)		(11,14,1,19,)		(11,4,20,)	(11,14,1,21,)		(11,22,)		(11,4,23,)		(11,24,)		(11,24,25,)		|
|	(12,1,)		(12,14,2,)		(12,3,)		(12,14,17,4,)		(12,5,)		(12,14,17,6,)		(12,7,)		(12,14,8,)		(12,3,9,)		(12,1,19,10,)		(12,1,21,11,)	(12,)		(12,1,21,13,)		(12,14,)		(12,3,15,)		(12,5,16,)		(12,14,17,)		(12,3,18,)		(12,1,19,)		(12,14,17,4,20,)		(12,1,21,)	(12,22,)		(12,14,17,4,23,)		(12,22,24,)		(12,22,24,25,)		|
|	(13,25,14,1,)		(13,25,14,2,)		(13,5,3,)		(13,25,14,17,4,)		(13,5,)		(13,6,)		(13,25,7,)		(13,6,8,)		(13,5,3,9,)		(13,25,14,1,19,10,)		(13,25,11,)		(13,5,3,12,)		(13,)		(13,25,14,)		(13,5,3,15,)		(13,5,16,)		(13,25,14,17,)		(13,5,3,18,)		(13,25,14,1,19,)		(13,25,20,)		(13,25,14,1,21,)		(13,25,14,2,22,)		(13,25,14,17,4,23,)		(13,25,14,24,)		(13,25,)		|
|	(14,1,)		(14,2,)		(14,17,3,)		(14,17,4,)		(14,1,5,)		(14,17,6,)		(14,1,19,7,)		(14,8,)		(14,17,3,9,)		(14,1,19,10,)		(14,1,21,11,)		(14,8,12,)		(14,1,21,13,)		(14,)		(14,1,19,15,)		(14,1,19,16,)		(14,17,)		(14,17,4,20,18,)		(14,1,19,)		(14,17,4,20,)		(14,1,21,)		(14,2,22,)		(14,17,4,23,)		(14,24,)		(14,25,)		|
|	(15,25,14,1,)		(15,25,14,2,)		(15,5,3,)		(15,25,14,17,4,)		(15,5,)		(15,25,14,17,6,)		(15,25,7,)		(15,25,14,8,)		(15,9,)		(15,25,14,1,19,10,)		(15,25,11,)		(15,5,3,12,)		(15,16,13,)		(15,25,14,)		(15,)		(15,16,)		(15,25,14,17,)		(15,5,3,18,)		(15,25,14,1,19,)	(15,25,20,)		(15,25,14,1,21,)		(15,22,)		(15,25,14,17,4,23,)		(15,16,24,)		(15,25,)		|
|	(16,24,25,14,1,)		(16,24,25,14,2,)		(16,3,)		(16,24,25,14,17,4,)		(16,24,25,14,1,5,)		(16,24,25,14,17,6,)		(16,24,25,7,)		(16,24,25,14,8,)	(16,3,9,)		(16,24,25,14,1,19,10,)		(16,24,11,)		(16,12,)		(16,13,)		(16,24,25,14,)		(16,3,15,)		(16,)		(16,24,25,14,17,)		(16,24,20,18,)		(16,24,25,14,1,19,)		(16,24,20,)		(16,24,25,14,1,21,)		(16,24,25,14,2,22,)		(16,24,25,14,17,4,23,)		(16,24,)		(16,24,25,)		|
|	(17,14,1,)		(17,14,2,)		(17,3,)		(17,4,)		(17,14,1,5,)		(17,6,)		(17,7,)		(17,14,8,)		(17,3,9,)		(17,14,1,19,10,)		(17,21,11,)		(17,3,12,)		(17,21,13,)		(17,14,)		(17,3,15,)		(17,14,1,19,16,)		(17,)		(17,4,20,18,)		(17,14,1,19,)		(17,4,20,)		(17,21,)		(17,14,2,22,)		(17,4,23,)		(17,14,24,)		(17,14,25,)		|
|	(18,17,14,1,)		(18,2,)		(18,17,3,)		(18,17,4,)		(18,22,5,)		(18,6,)		(18,17,7,)		(18,17,14,8,)		(18,17,3,9,)		(18,17,14,1,19,10,)	(18,17,21,11,)		(18,17,3,12,)		(18,17,21,13,)		(18,17,14,)		(18,17,3,15,)		(18,17,14,1,19,16,)		(18,17,)		(18,)		(18,17,14,1,19,)		(18,17,4,20,)		(18,17,21,)		(18,22,)		(18,23,)		(18,22,24,)		(18,22,24,25,)		|
|	(19,7,14,1,)		(19,7,14,2,)		(19,3,)		(19,4,)		(19,15,5,)		(19,6,)		(19,7,)		(19,7,14,8,)		(19,3,9,)		(19,10,)		(19,21,11,)	(19,3,12,)		(19,21,13,)		(19,7,14,)		(19,15,)		(19,16,)		(19,17,)		(19,3,18,)		(19,)		(19,4,20,)		(19,21,)		(19,15,22,)		(19,4,23,)		(19,16,24,)		(19,16,24,25,)		|
|	(20,18,17,14,1,)		(20,18,2,)		(20,3,)		(20,18,17,4,)		(20,15,5,)		(20,18,6,)		(20,25,7,)		(20,18,17,14,8,)		(20,3,9,)		(20,10,)		(20,18,17,21,11,)		(20,3,12,)		(20,18,17,21,13,)		(20,18,17,14,)		(20,15,)		(20,15,16,)		(20,18,17,)		(20,18,)		(20,18,17,14,1,19,)		(20,)		(20,18,17,21,)		(20,18,22,)		(20,18,23,)		(20,18,22,24,)		(20,25,)		|
|	(21,25,14,1,)		(21,25,14,2,)		(21,3,)		(21,11,4,)		(21,11,5,)		(21,13,6,)		(21,25,7,)		(21,25,14,8,)		(21,3,9,)		(21,11,10,)	(21,11,)		(21,3,12,)		(21,13,)		(21,25,14,)		(21,3,15,)		(21,11,5,16,)		(21,25,14,17,)		(21,25,20,18,)		(21,25,14,1,19,)		(21,25,20,)	(21,)		(21,22,)		(21,11,4,23,)		(21,11,24,)		(21,25,)		|
|	(22,14,1,)		(22,14,2,)		(22,5,3,)		(22,14,17,4,)		(22,5,)		(22,14,17,6,)		(22,24,25,7,)		(22,14,8,)		(22,5,3,9,)		(22,19,10,)	(22,14,1,21,11,)		(22,5,3,12,)		(22,14,1,21,13,)		(22,14,)		(22,5,3,15,)		(22,5,16,)		(22,14,17,)		(22,5,3,18,)		(22,19,)		(22,24,20,)		(22,14,1,21,)		(22,)		(22,14,17,4,23,)		(22,24,)		(22,24,25,)		|
|	(23,18,17,14,1,)		(23,2,)		(23,18,17,3,)		(23,18,17,4,)		(23,18,22,5,)		(23,18,6,)		(23,18,17,7,)		(23,18,17,14,8,)		(23,18,17,3,9,)		(23,18,17,14,1,19,10,)		(23,18,17,21,11,)		(23,18,17,3,12,)		(23,13,)		(23,18,17,14,)		(23,15,)		(23,18,17,14,1,19,16,)		(23,18,17,)		(23,18,)		(23,18,17,14,1,19,)		(23,18,17,4,20,)		(23,18,17,21,)		(23,18,22,)		(23,)		(23,18,22,24,)		(23,18,22,24,25,)		|
|	(24,25,14,1,)		(24,25,14,2,)		(24,25,14,17,3,)		(24,25,14,17,4,)		(24,25,14,1,5,)		(24,25,14,17,6,)		(24,25,7,)		(24,25,14,8,)		(24,25,14,17,3,9,)		(24,25,14,1,19,10,)		(24,11,)		(24,25,12,)		(24,25,14,1,21,13,)		(24,25,14,)		(24,20,15,)		(24,25,14,1,19,16,)		(24,25,14,17,)(24,20,18,)		(24,25,14,1,19,)		(24,20,)		(24,25,14,1,21,)		(24,25,14,2,22,)		(24,25,14,17,4,23,)		(24,)		(24,25,)		|
|	(25,14,1,)		(25,14,2,)		(25,14,17,3,)		(25,14,17,4,)		(25,14,1,5,)		(25,14,17,6,)		(25,7,)		(25,14,8,)		(25,14,17,3,9,)		(25,14,1,19,10,)		(25,11,)		(25,12,)		(25,14,1,21,13,)		(25,14,)		(25,20,15,)		(25,14,1,19,16,)		(25,14,17,)		(25,20,18,)		(25,14,1,19,)		(25,20,)		(25,14,1,21,)		(25,14,2,22,)		(25,14,17,4,23,)		(25,14,24,)		(25,)		|
Hop Count Matrix :
|0	2	2	2	1	2	2	2	3	2	2	3	2	1	2	2	2	3	1	3	1	2	3	3	4		|
|3	0	3	4	2	3	4	3	4	3	5	4	2	2	4	3	3	2	2	3	4	1	1	2	3		|
|1	2	0	2	2	2	2	3	1	3	3	1	3	2	1	2	1	1	2	3	2	2	3	3	2		|
|1	3	2	0	2	3	3	5	3	2	1	3	2	4	2	3	3	2	2	1	2	3	1	2	2		|
|2	3	1	3	0	3	3	4	2	4	4	2	2	3	2	1	2	2	3	4	3	3	4	2	3		|
|3	3	4	1	3	0	2	1	5	5	2	2	5	2	5	5	3	1	4	2	4	2	2	3	1		|
|2	2	3	3	3	3	0	2	4	4	4	3	4	1	4	4	2	5	3	4	3	3	4	2	2		|
|2	2	3	3	2	3	2	0	4	4	4	1	4	1	4	4	2	1	3	4	3	2	1	2	2		|
|2	2	3	1	3	3	2	2	0	2	2	1	2	1	2	2	2	3	1	2	1	3	2	2	2		|
|1	3	2	4	2	1	2	2	3	0	1	2	3	2	2	3	3	2	2	1	2	3	3	2	1		|
|2	2	2	1	1	2	3	2	3	1	0	3	4	1	3	2	2	3	3	2	3	1	2	1	2		|
|1	2	1	3	1	3	1	2	2	3	3	0	3	1	2	2	2	2	2	4	2	1	4	2	3		|
|3	3	2	4	1	1	2	2	3	5	2	3	0	2	3	2	3	3	4	2	4	4	5	3	1		|
|1	1	2	2	2	2	3	1	3	3	3	2	3	0	3	3	1	4	2	3	2	2	3	1	1		|
|3	3	2	4	1	4	2	3	1	5	2	3	2	2	0	1	3	3	4	2	4	1	5	2	1		|
|4	4	1	5	5	5	3	4	2	6	2	1	1	3	2	0	4	3	5	2	5	5	6	1	2		|
|2	2	1	1	3	1	1	2	2	4	2	2	2	1	2	4	0	3	3	2	1	3	2	2	2		|
|3	1	2	2	2	1	2	3	3	5	3	3	3	2	3	5	1	0	4	3	2	1	1	2	3		|
|3	3	1	1	2	1	1	3	2	1	2	2	2	2	1	1	1	2	0	2	1	2	2	2	3		|
|4	2	1	3	2	2	2	4	2	1	4	2	4	3	1	2	2	1	5	0	3	2	2	3	1		|
|3	3	1	2	2	2	2	3	2	2	1	2	1	2	2	3	3	3	4	2	0	1	3	2	1		|
|2	2	2	3	1	3	3	2	3	2	4	3	4	1	3	2	2	3	1	2	3	0	4	1	2		|
|4	1	3	3	3	2	3	4	4	6	4	4	1	3	1	6	2	1	5	4	3	2	0	3	4		|
|3	3	4	4	4	4	2	3	5	5	1	2	5	2	2	5	3	2	4	1	4	4	5	0	1		|
|2	2	3	3	3	3	1	2	4	4	1	1	4	1	2	4	2	2	3	1	3	3	4	2	0		|
Congestion Edge Matrix :
|0.00	-nan	-nan	-nan	267.82	-nan	-nan	-nan	-nan	-nan	-nan	-nan	-nan	252.80	-nan	-nan	-nan	-nan	8.26	-nan	247.59	-nan	-nan	-nan	-nan		|
|-nan	0.00	-nan	-nan	-nan	-nan	-nan	-nan	-nan	-nan	-nan	-nan	-nan	-nan	-nan	-nan	-nan	-nan	-nan	-nan	-nan	8.23	92.00	-nan	-nan		|
|247.22	-nan	0.00	-nan	-nan	-nan	-nan	-nan	13.75	-nan	-nan	11.18	-nan	-nan	13.77	-nan	253.47	251.42	-nan	-nan	-nan	-nan	-nan	-nan	-nan		|
|249.40	-nan	-nan	0.00	-nan	-nan	-nan	-nan	-nan	-nan	255.52	-nan	-nan	-nan	-nan	-nan	-nan	-nan	-nan	250.53	-nan	-nan	253.13	-nan	-nan		|
|-nan	-nan	8.29	-nan	0.00	-nan	-nan	-nan	-nan	-nan	-nan	-nan	-nan	-nan	-nan	262.76	-nan	-nan	-nan	-nan	-nan	-nan	-nan	-nan	-nan		|
|-nan	-nan	-nan	94.00	-nan	0.00	-nan	249.70	-nan	-nan	-nan	-nan	-nan	-nan	-nan	-nan	-nan	96.00	-nan	-nan	-nan	-nan	-nan	-nan	266.37		|
|-nan	-nan	-nan	-nan	-nan	-nan	0.00	-nan	-nan	-nan	-nan	-nan	-nan	13.77	-nan	-nan	-nan	-nan	-nan	-nan	-nan	-nan	-nan	-nan	-nan		|
|-nan	-nan	-nan	-nan	-nan	-nan	-nan	0.00	-nan	-nan	-nan	8.21	-nan	11.03	-nan	-nan	-nan	99.00	-nan	-nan	-nan	-nan	98.00	-nan	-nan		|
|-nan	-nan	-nan	246.62	-nan	-nan	-nan	-nan	0.00	-nan	-nan	264.96	-nan	257.59	-nan	-nan	-nan	-nan	256.18	-nan	270.88	-nan	-nan	-nan	-nan		|
|94.00	-nan	-nan	-nan	-nan	254.18	-nan	-nan	-nan	0.00	255.07	-nan	-nan	-nan	-nan	-nan	-nan	-nan	-nan	257.34	-nan	-nan	-nan	-nan	251.44		|
|-nan	-nan	-nan	245.52	251.42	-nan	-nan	-nan	-nan	92.00	0.00	-nan	-nan	258.25	-nan	-nan	-nan	-nan	-nan	-nan	-nan	92.00	-nan	248.02	-nan		|
|259.17	-nan	269.11	-nan	263.65	-nan	266.43	-nan	-nan	-nan	-nan	0.00	-nan	266.43	-nan	-nan	-nan	-nan	-nan	-nan	-nan	248.24	-nan	-nan	-nan		|
|-nan	-nan	-nan	-nan	297.00	267.78	-nan	-nan	-nan	-nan	-nan	-nan	0.00	-nan	-nan	-nan	-nan	-nan	-nan	-nan	-nan	-nan	-nan	-nan	268.97		|
|5.51	250.01	-nan	-nan	-nan	-nan	-nan	249.85	-nan	-nan	-nan	-nan	-nan	0.00	-nan	-nan	5.51	-nan	-nan	-nan	-nan	-nan	-nan	265.04	266.37		|
|-nan	-nan	-nan	-nan	90.00	-nan	-nan	-nan	96.00	-nan	-nan	-nan	-nan	-nan	0.00	256.87	-nan	-nan	-nan	-nan	-nan	144.00	-nan	-nan	254.75		|
|-nan	-nan	256.84	-nan	-nan	-nan	-nan	-nan	-nan	-nan	-nan	99.00	262.96	-nan	-nan	0.00	-nan	-nan	-nan	-nan	-nan	-nan	-nan	13.74	-nan		|
|-nan	-nan	250.77	13.75	-nan	265.61	265.02	-nan	-nan	-nan	-nan	-nan	-nan	5.49	-nan	-nan	0.00	-nan	-nan	-nan	249.25	-nan	-nan	-nan	-nan		|
|-nan	248.01	-nan	-nan	-nan	249.31	-nan	-nan	-nan	-nan	-nan	-nan	-nan	-nan	-nan	-nan	13.74	0.00	-nan	-nan	-nan	13.72	259.63	-nan	-nan		|
|-nan	-nan	256.62	258.92	-nan	266.26	251.87	-nan	-nan	261.00	-nan	-nan	-nan	-nan	246.72	273.43	96.00	-nan	0.00	-nan	95.00	-nan	-nan	-nan	-nan		|
|-nan	-nan	254.64	-nan	-nan	-nan	-nan	-nan	-nan	92.00	-nan	-nan	-nan	-nan	13.71	-nan	-nan	11.00	-nan	0.00	-nan	-nan	-nan	-nan	244.63		|
|-nan	-nan	266.40	-nan	-nan	-nan	-nan	-nan	-nan	-nan	13.76	-nan	247.41	-nan	-nan	-nan	-nan	-nan	-nan	-nan	0.00	250.28	-nan	-nan	253.23		|
|-nan	-nan	-nan	-nan	247.06	-nan	-nan	-nan	-nan	-nan	-nan	-nan	-nan	249.17	-nan	-nan	-nan	-nan	90.00	-nan	-nan	0.00	-nan	251.41	-nan		|
|-nan	95.00	-nan	-nan	-nan	-nan	-nan	-nan	-nan	-nan	-nan	-nan	94.00	-nan	259.65	-nan	-nan	13.76	-nan	-nan	-nan	-nan	0.00	-nan	-nan		|
|-nan	-nan	-nan	-nan	-nan	-nan	-nan	-nan	-nan	-nan	260.86	-nan	-nan	-nan	-nan	-nan	-nan	-nan	-nan	256.33	-nan	-nan	-nan	0.00	5.50		|
|-nan	-nan	-nan	-nan	-nan	-nan	13.76	-nan	-nan	-nan	260.29	254.13	-nan	8.26	-nan	-nan	-nan	-nan	-nan	251.42	-nan	-nan	-nan	-nan	0.00		|

Predicted Path Delay Matrix :
|0	184	97	98	98	102	95	184	102	98	95	101	180	93	93	102	95	189	3	189	90	183	190	107	109		|
|95	0	96	100	93	188	102	184	101	188	190	100	186	93	101	189	95	97	93	189	185	3	92	95	97		|
|90	183	0	95	95	183	102	186	5	188	109	4	194	95	5	99	93	92	93	186	104	95	187	104	98		|
|92	186	184	0	186	186	186	193	189	183	94	188	186	102	96	190	100	95	95	91	182	100	92	185	181		|
|93	186	3	98	0	186	105	189	8	191	112	7	193	98	8	96	96	95	96	189	107	98	190	101	101		|
|97	186	188	94	191	0	104	91	193	195	188	94	277	95	190	199	97	96	100	185	187	101	186	192	99		|
|7	96	98	12	105	103	0	96	103	105	102	99	187	5	100	109	7	107	10	103	97	99	104	102	103		|
|6	95	97	11	100	102	101	0	102	104	101	3	186	4	99	108	6	99	9	102	96	94	98	101	102		|
|96	185	187	90	194	192	186	185	0	189	104	99	189	94	184	193	96	185	94	181	99	188	182	191	191		|
|94	186	187	102	186	94	97	185	192	0	94	186	274	95	99	193	97	98	97	94	184	103	194	185	92		|
|96	185	95	90	92	186	98	185	100	92	0	99	276	94	100	188	96	185	99	181	186	92	182	91	93		|
|95	188	99	104	97	195	98	188	104	193	190	0	275	97	104	193	99	191	98	195	185	91	196	183	185		|
|103	192	102	108	99	99	103	190	107	201	194	106	0	101	107	195	103	194	106	190	193	195	200	198	98		|
|2	91	93	7	100	98	97	91	98	100	97	94	182	0	95	104	2	102	5	98	92	94	99	97	98		|
|98	187	93	103	90	194	98	187	96	196	189	97	191	96	0	94	98	185	101	185	188	96	195	99	93		|
|12	101	95	17	110	108	12	101	100	110	102	99	97	10	100	0	12	103	15	99	102	104	109	5	7		|
|4	93	91	5	102	96	98	93	96	102	96	95	181	2	96	106	0	100	7	96	91	96	97	99	100		|
|9	91	96	10	95	91	103	98	101	107	101	100	186	7	101	111	5	0	12	101	96	5	96	97	99		|
|99	188	94	95	180	99	92	188	99	95	100	98	185	97	90	99	96	186	0	186	95	186	187	104	106		|
|13	95	93	14	95	95	95	102	98	92	105	97	190	11	5	99	9	4	16	0	100	9	100	101	90		|
|97	186	98	95	97	189	97	186	103	97	5	102	90	95	103	193	97	188	100	184	0	93	187	96	92		|
|92	181	93	97	90	188	99	181	98	185	187	97	272	90	98	186	92	185	90	186	182	0	189	92	94		|
|14	95	101	15	100	96	108	103	106	112	106	105	94	12	97	116	10	5	17	106	101	10	0	102	104		|
|7	96	98	12	105	103	7	96	103	105	97	96	187	5	99	109	7	98	10	94	97	99	104	0	2		|
|5	94	96	10	103	101	5	94	101	103	96	94	185	3	97	107	5	96	8	92	95	97	102	100	0		|

Final Congestion Actual Delay Matrix :
|0.00	502.81	264.88	267.19	267.82	274.52	260.14	502.64	278.63	269.26	261.35	276.06	495.00	252.80	254.98	281.70	258.30	516.30	8.26	517.72	247.59	497.87	520.32	295.43	300.93		|
|262.91	0.00	263.58	276.66	255.28	355.07	278.90	507.25	277.33	359.23	524.26	274.75	186.00	257.40	277.35	518.04	262.91	105.76	98.23	515.97	510.50	8.23	0.00	259.64	265.14		|
|247.22	499.43	0.00	260.37	103.77	500.73	277.61	508.81	13.75	516.48	298.38	11.18	532.03	258.96	13.77	270.63	253.47	251.42	255.49	510.90	284.62	259.42	513.50	284.37	268.51		|
|249.40	509.55	505.17	0.00	506.94	510.84	508.92	530.60	518.92	342.53	255.52	516.34	347.13	280.75	264.24	521.11	275.27	261.53	257.66	250.53	496.99	275.25	253.13	503.53	495.16		|
|255.52	507.73	8.29	268.66	0.00	509.02	285.90	517.10	22.04	524.78	306.68	19.47	525.72	267.25	22.06	262.76	261.77	259.71	263.78	519.19	292.92	267.71	521.79	276.49	276.81		|
|266.24	510.74	517.01	0.00	521.56	0.00	280.13	249.70	530.75	535.50	349.52	257.91	761.24	260.73	521.22	547.93	266.24	0.00	274.50	344.53	513.83	109.72	347.13	525.77	266.37		|
|19.28	263.78	270.05	33.03	287.10	284.89	0.00	263.62	283.79	288.54	280.63	271.83	514.28	13.77	274.26	300.98	19.28	294.56	27.54	283.56	266.87	272.01	286.16	278.81	280.14		|
|16.54	261.05	267.31	30.29	271.86	282.15	274.64	0.00	281.06	285.80	277.89	8.21	511.54	11.03	271.52	298.24	16.54	0.00	24.81	280.82	264.13	256.46	0.00	276.07	277.40		|
|263.10	507.60	513.86	246.62	530.92	528.70	508.05	507.44	0.00	517.18	284.63	264.96	518.28	257.59	502.90	529.61	263.09	508.15	256.18	497.15	270.88	515.83	499.75	522.63	524.11		|
|0.00	509.71	511.97	278.96	506.50	254.18	265.20	503.88	525.72	0.00	255.07	505.57	589.00	259.70	271.05	527.91	265.21	268.34	102.26	257.34	341.59	282.06	527.96	503.09	251.44		|
|263.76	508.26	259.72	245.52	251.42	346.18	267.27	508.10	273.47	0.00	0.00	270.89	758.75	258.25	273.48	514.18	263.75	507.05	272.02	496.05	511.35	0.00	498.65	248.02	253.52		|
|259.17	516.44	269.11	285.69	263.65	537.55	266.43	516.28	282.86	528.43	520.52	0.00	754.16	266.43	282.87	526.41	271.94	520.53	267.43	536.22	506.76	248.24	538.82	499.65	505.16		|
|282.74	527.24	305.29	296.48	297.00	267.78	282.72	517.48	319.04	552.00	529.26	316.47	0.00	277.23	319.06	559.76	282.73	556.71	291.00	520.39	530.33	535.47	549.61	542.26	268.97		|
|5.51	250.01	256.28	19.26	273.33	271.12	265.65	249.85	270.03	274.77	266.86	258.06	500.51	0.00	260.49	287.21	5.51	280.79	13.77	269.79	253.10	258.24	272.39	265.04	266.37		|
|268.52	513.02	98.29	282.26	0.00	534.12	268.50	512.85	0.00	537.78	515.04	109.47	519.83	263.01	0.00	256.87	268.51	349.71	276.78	506.17	516.11	144.00	535.39	270.60	254.75		|
|33.01	277.51	256.84	46.75	300.83	298.61	33.00	277.35	270.59	302.27	274.60	0.00	262.96	27.50	270.60	0.00	33.01	281.07	41.27	270.07	280.60	285.74	299.88	13.74	19.24		|
|11.00	255.50	250.77	13.75	278.82	265.61	265.02	255.34	264.52	280.26	263.01	261.94	496.66	5.49	264.54	292.69	0.00	275.28	19.26	264.28	249.25	263.73	266.88	270.53	271.86		|
|24.73	248.01	264.51	27.49	260.78	249.31	278.76	269.07	278.26	294.00	276.75	275.68	510.40	19.22	278.27	306.43	13.74	0.00	33.00	278.02	262.99	13.72	259.63	265.13	270.63		|
|271.15	515.66	256.62	258.92	336.72	266.26	251.87	515.49	270.37	261.00	108.76	267.79	342.41	265.64	246.72	273.43	0.00	508.04	0.00	509.46	0.00	390.72	512.05	287.17	292.67		|
|35.73	259.01	254.64	38.48	103.71	260.30	258.38	280.07	268.39	0.00	287.75	265.81	521.39	30.22	13.71	270.58	24.74	11.00	44.00	0.00	273.99	24.72	270.63	276.13	244.63		|
|267.00	511.51	266.40	259.28	265.18	515.19	266.99	511.34	280.14	105.76	13.76	277.57	247.41	261.49	280.16	527.94	267.00	515.65	275.27	504.65	0.00	250.28	512.41	261.77	253.23		|
|254.68	499.19	255.35	268.43	247.06	520.29	270.67	499.02	269.10	351.00	516.03	266.53	749.68	249.17	269.12	509.81	254.68	506.77	0.00	507.74	502.27	0.00	521.56	251.41	256.91		|
|38.50	0.00	278.27	41.25	274.54	263.07	292.52	282.84	292.02	307.76	290.51	289.45	0.00	32.99	259.65	320.19	27.50	13.76	46.76	291.78	276.75	27.49	0.00	278.90	284.40		|
|19.27	263.77	270.04	33.02	287.09	284.88	19.26	263.61	283.79	288.53	260.86	259.63	514.27	13.76	270.04	300.97	19.27	267.33	27.53	256.33	266.86	272.00	286.15	0.00	5.50		|
|13.77	258.27	264.54	27.52	281.59	279.38	13.76	258.11	278.28	283.03	260.29	254.13	508.77	8.26	265.13	295.47	13.77	262.42	22.03	251.42	261.36	266.50	280.65	273.30	0.00		|
*****************Final Output :*****************

Shorest Path between source 1 and destination 6 is: 102.


Shorest Path between source 1 and destination 6 is: 274.52.

Hop Count for source 1 and destination 6 is: 2.

Total Running Time of the Algorithm in Seconds is 0.0058540


Total no.of Key-Basic Operations are : 24047

*********************************************

****************************************************

GivenExampleStrategy

Size of Given input Graph is : 25
Path Matrix :
|	(1,)		(1,14,2,)		(1,19,3,)		(1,19,4,)		(1,5,)		(1,19,6,)		(1,19,7,)		(1,14,8,)		(1,19,3,9,)		(1,19,10,)		(1,21,11,)		(1,19,3,12,)		(1,21,13,)		(1,14,)		(1,19,15,)		(1,19,16,)		(1,14,17,)		(1,19,3,18,)		(1,19,)		(1,19,4,20,)		(1,21,)(1,21,22,)		(1,19,4,23,)		(1,19,16,24,)		(1,19,16,24,25,)		|
|	(2,22,14,1,)		(2,)		(2,22,5,3,)		(2,22,14,17,4,)		(2,22,5,)		(2,23,18,6,)		(2,22,24,25,7,)		(2,22,14,8,)		(2,22,5,3,9,)		(2,22,19,10,)	(2,22,14,1,21,11,)		(2,22,5,3,12,)		(2,23,13,)		(2,22,14,)		(2,22,5,3,15,)		(2,22,5,16,)		(2,22,14,17,)		(2,23,18,)		(2,22,19,)		(2,22,24,20,)		(2,22,14,1,21,)		(2,22,)		(2,23,)		(2,22,24,)		(2,22,24,25,)		|
|	(3,1,)		(3,18,2,)		(3,)		(3,9,4,)		(3,15,5,)		(3,18,6,)		(3,12,7,)		(3,17,14,8,)		(3,9,)		(3,1,19,10,)		(3,9,21,11,)		(3,12,)		(3,9,21,13,)		(3,17,14,)		(3,15,)		(3,15,16,)		(3,17,)		(3,18,)		(3,1,19,)		(3,9,4,20,)		(3,9,21,)		(3,12,22,)		(3,9,4,23,)		(3,15,16,24,)		(3,15,25,)		|
|	(4,1,)		(4,20,18,2,)		(4,20,3,)		(4,)		(4,11,5,)		(4,20,18,6,)		(4,20,25,7,)		(4,20,18,17,14,8,)		(4,20,3,9,)		(4,20,10,)	(4,11,)		(4,20,3,12,)		(4,23,13,)		(4,20,18,17,14,)		(4,20,15,)		(4,20,15,16,)		(4,20,18,17,)		(4,20,18,)		(4,1,19,)		(4,20,)		(4,1,21,)		(4,20,18,22,)		(4,23,)		(4,11,24,)		(4,20,25,)		|
|	(5,3,1,)		(5,3,18,2,)		(5,3,)		(5,3,9,4,)		(5,)		(5,3,18,6,)		(5,3,12,7,)		(5,3,17,14,8,)		(5,3,9,)		(5,3,1,19,10,)		(5,3,9,21,11,)		(5,3,12,)		(5,16,13,)		(5,3,17,14,)		(5,3,15,)		(5,16,)		(5,3,17,)		(5,3,18,)		(5,3,1,19,)		(5,3,9,4,20,)		(5,3,9,21,)		(5,3,12,22,)		(5,3,9,4,23,)		(5,16,24,)		(5,3,15,25,)		|
|	(6,8,14,1,)		(6,8,14,2,)		(6,8,14,17,3,)		(6,4,)		(6,8,12,5,)		(6,)		(6,25,7,)		(6,8,)		(6,8,14,17,3,9,)		(6,8,14,1,19,10,)	(6,4,11,)		(6,8,12,)		(6,8,14,1,21,13,)		(6,8,14,)		(6,8,14,1,19,15,)		(6,8,14,1,19,16,)		(6,8,14,17,)		(6,18,)		(6,8,14,1,19,)		(6,4,20,)		(6,8,14,1,21,)		(6,18,22,)		(6,4,23,)		(6,8,14,24,)		(6,25,)		|
|	(7,14,1,)		(7,14,2,)		(7,14,17,3,)		(7,14,17,4,)		(7,14,1,5,)		(7,14,17,6,)		(7,)		(7,14,8,)		(7,14,17,3,9,)		(7,14,1,19,10,)(7,14,1,21,11,)		(7,14,8,12,)		(7,14,1,21,13,)		(7,14,)		(7,14,1,19,15,)		(7,14,1,19,16,)		(7,14,17,)		(7,14,17,4,20,18,)		(7,14,1,19,)		(7,14,17,4,20,)(7,14,1,21,)		(7,14,2,22,)		(7,14,17,4,23,)		(7,14,24,)		(7,14,25,)		|
|	(8,14,1,)		(8,14,2,)		(8,14,17,3,)		(8,14,17,4,)		(8,12,5,)		(8,14,17,6,)		(8,12,7,)		(8,)		(8,14,17,3,9,)		(8,14,1,19,10,)(8,14,1,21,11,)		(8,12,)		(8,14,1,21,13,)		(8,14,)		(8,14,1,19,15,)		(8,14,1,19,16,)		(8,14,17,)		(8,18,)		(8,14,1,19,)		(8,14,17,4,20,)		(8,14,1,21,)	(8,12,22,)		(8,23,)		(8,14,24,)		(8,14,25,)		|
|	(9,14,1,)		(9,14,2,)		(9,14,17,3,)		(9,4,)		(9,14,1,5,)		(9,14,17,6,)		(9,19,7,)		(9,14,8,)		(9,)		(9,19,10,)		(9,21,11,)		(9,12,)		(9,21,13,)		(9,14,)		(9,19,15,)		(9,19,16,)		(9,14,17,)		(9,4,20,18,)		(9,19,)		(9,4,20,)		(9,21,)		(9,14,2,22,)		(9,4,23,)		(9,14,24,)		(9,21,25,)		|
|	(10,1,)		(10,25,14,2,)		(10,20,3,)		(10,25,14,17,4,)		(10,11,5,)		(10,6,)		(10,25,7,)		(10,6,8,)		(10,20,3,9,)		(10,)		(10,11,)		(10,25,12,)		(10,1,21,13,)		(10,25,14,)		(10,20,15,)		(10,20,15,16,)		(10,25,14,17,)		(10,20,18,)		(10,1,19,)		(10,20,)		(10,1,21,)		(10,20,18,22,)		(10,20,18,23,)		(10,11,24,)		(10,25,)		|
|	(11,14,1,)		(11,14,2,)		(11,5,3,)		(11,4,)		(11,5,)		(11,10,6,)		(11,24,25,7,)		(11,14,8,)		(11,5,3,9,)		(11,10,)		(11,)		(11,5,3,12,)		(11,14,1,21,13,)		(11,14,)		(11,5,3,15,)		(11,5,16,)		(11,14,17,)		(11,4,20,18,)		(11,14,1,19,)		(11,4,20,)	(11,14,1,21,)		(11,22,)		(11,4,23,)		(11,24,)		(11,24,25,)		|
|	(12,1,)		(12,14,2,)		(12,3,)		(12,14,17,4,)		(12,5,)		(12,14,17,6,)		(12,7,)		(12,14,8,)		(12,3,9,)		(12,1,19,10,)		(12,1,21,11,)	(12,)		(12,1,21,13,)		(12,14,)		(12,3,15,)		(12,5,16,)		(12,14,17,)		(12,3,18,)		(12,1,19,)		(12,14,17,4,20,)		(12,1,21,)	(12,22,)		(12,14,17,4,23,)		(12,22,24,)		(12,22,24,25,)		|
|	(13,25,14,1,)		(13,25,14,2,)		(13,5,3,)		(13,25,14,17,4,)		(13,5,)		(13,6,)		(13,25,7,)		(13,6,8,)		(13,5,3,9,)		(13,25,14,1,19,10,)		(13,25,11,)		(13,5,3,12,)		(13,)		(13,25,14,)		(13,5,3,15,)		(13,5,16,)		(13,25,14,17,)		(13,5,3,18,)		(13,25,14,1,19,)		(13,25,20,)		(13,25,14,1,21,)		(13,25,14,2,22,)		(13,25,14,17,4,23,)		(13,25,14,24,)		(13,25,)		|
|	(14,1,)		(14,2,)		(14,17,3,)		(14,17,4,)		(14,1,5,)		(14,17,6,)		(14,1,19,7,)		(14,8,)		(14,17,3,9,)		(14,1,19,10,)		(14,1,21,11,)		(14,8,12,)		(14,1,21,13,)		(14,)		(14,1,19,15,)		(14,1,19,16,)		(14,17,)		(14,17,4,20,18,)		(14,1,19,)		(14,17,4,20,)		(14,1,21,)		(14,2,22,)		(14,17,4,23,)		(14,24,)		(14,25,)		|
|	(15,25,14,1,)		(15,25,14,2,)		(15,5,3,)		(15,25,14,17,4,)		(15,5,)		(15,25,14,17,6,)		(15,25,7,)		(15,25,14,8,)		(15,9,)		(15,25,14,1,19,10,)		(15,25,11,)		(15,5,3,12,)		(15,16,13,)		(15,25,14,)		(15,)		(15,16,)		(15,25,14,17,)		(15,5,3,18,)		(15,25,14,1,19,)	(15,25,20,)		(15,25,14,1,21,)		(15,22,)		(15,25,14,17,4,23,)		(15,16,24,)		(15,25,)		|
|	(16,24,25,14,1,)		(16,24,25,14,2,)		(16,3,)		(16,24,25,14,17,4,)		(16,24,25,14,1,5,)		(16,24,25,14,17,6,)		(16,24,25,7,)		(16,24,25,14,8,)	(16,3,9,)		(16,24,25,14,1,19,10,)		(16,24,11,)		(16,12,)		(16,13,)		(16,24,25,14,)		(16,3,15,)		(16,)		(16,24,25,14,17,)		(16,24,20,18,)		(16,24,25,14,1,19,)		(16,24,20,)		(16,24,25,14,1,21,)		(16,24,25,14,2,22,)		(16,24,25,14,17,4,23,)		(16,24,)		(16,24,25,)		|
|	(17,14,1,)		(17,14,2,)		(17,3,)		(17,4,)		(17,14,1,5,)		(17,6,)		(17,7,)		(17,14,8,)		(17,3,9,)		(17,14,1,19,10,)		(17,21,11,)		(17,3,12,)		(17,21,13,)		(17,14,)		(17,3,15,)		(17,14,1,19,16,)		(17,)		(17,4,20,18,)		(17,14,1,19,)		(17,4,20,)		(17,21,)		(17,14,2,22,)		(17,4,23,)		(17,14,24,)		(17,14,25,)		|
|	(18,17,14,1,)		(18,2,)		(18,17,3,)		(18,17,4,)		(18,22,5,)		(18,6,)		(18,17,7,)		(18,17,14,8,)		(18,17,3,9,)		(18,17,14,1,19,10,)	(18,17,21,11,)		(18,17,3,12,)		(18,17,21,13,)		(18,17,14,)		(18,17,3,15,)		(18,17,14,1,19,16,)		(18,17,)		(18,)		(18,17,14,1,19,)		(18,17,4,20,)		(18,17,21,)		(18,22,)		(18,23,)		(18,22,24,)		(18,22,24,25,)		|
|	(19,7,14,1,)		(19,7,14,2,)		(19,3,)		(19,4,)		(19,15,5,)		(19,6,)		(19,7,)		(19,7,14,8,)		(19,3,9,)		(19,10,)		(19,21,11,)	(19,3,12,)		(19,21,13,)		(19,7,14,)		(19,15,)		(19,16,)		(19,17,)		(19,3,18,)		(19,)		(19,4,20,)		(19,21,)		(19,15,22,)		(19,4,23,)		(19,16,24,)		(19,16,24,25,)		|
|	(20,18,17,14,1,)		(20,18,2,)		(20,3,)		(20,18,17,4,)		(20,15,5,)		(20,18,6,)		(20,25,7,)		(20,18,17,14,8,)		(20,3,9,)		(20,10,)		(20,18,17,21,11,)		(20,3,12,)		(20,18,17,21,13,)		(20,18,17,14,)		(20,15,)		(20,15,16,)		(20,18,17,)		(20,18,)		(20,18,17,14,1,19,)		(20,)		(20,18,17,21,)		(20,18,22,)		(20,18,23,)		(20,18,22,24,)		(20,25,)		|
|	(21,25,14,1,)		(21,25,14,2,)		(21,3,)		(21,11,4,)		(21,11,5,)		(21,13,6,)		(21,25,7,)		(21,25,14,8,)		(21,3,9,)		(21,11,10,)	(21,11,)		(21,3,12,)		(21,13,)		(21,25,14,)		(21,3,15,)		(21,11,5,16,)		(21,25,14,17,)		(21,25,20,18,)		(21,25,14,1,19,)		(21,25,20,)	(21,)		(21,22,)		(21,11,4,23,)		(21,11,24,)		(21,25,)		|
|	(22,14,1,)		(22,14,2,)		(22,5,3,)		(22,14,17,4,)		(22,5,)		(22,14,17,6,)		(22,24,25,7,)		(22,14,8,)		(22,5,3,9,)		(22,19,10,)	(22,14,1,21,11,)		(22,5,3,12,)		(22,14,1,21,13,)		(22,14,)		(22,5,3,15,)		(22,5,16,)		(22,14,17,)		(22,5,3,18,)		(22,19,)		(22,24,20,)		(22,14,1,21,)		(22,)		(22,14,17,4,23,)		(22,24,)		(22,24,25,)		|
|	(23,18,17,14,1,)		(23,2,)		(23,18,17,3,)		(23,18,17,4,)		(23,18,22,5,)		(23,18,6,)		(23,18,17,7,)		(23,18,17,14,8,)		(23,18,17,3,9,)		(23,18,17,14,1,19,10,)		(23,18,17,21,11,)		(23,18,17,3,12,)		(23,13,)		(23,18,17,14,)		(23,15,)		(23,18,17,14,1,19,16,)		(23,18,17,)		(23,18,)		(23,18,17,14,1,19,)		(23,18,17,4,20,)		(23,18,17,21,)		(23,18,22,)		(23,)		(23,18,22,24,)		(23,18,22,24,25,)		|
|	(24,25,14,1,)		(24,25,14,2,)		(24,25,14,17,3,)		(24,25,14,17,4,)		(24,25,14,1,5,)		(24,25,14,17,6,)		(24,25,7,)		(24,25,14,8,)		(24,25,14,17,3,9,)		(24,25,14,1,19,10,)		(24,11,)		(24,25,12,)		(24,25,14,1,21,13,)		(24,25,14,)		(24,20,15,)		(24,25,14,1,19,16,)		(24,25,14,17,)(24,20,18,)		(24,25,14,1,19,)		(24,20,)		(24,25,14,1,21,)		(24,25,14,2,22,)		(24,25,14,17,4,23,)		(24,)		(24,25,)		|
|	(25,14,1,)		(25,14,2,)		(25,14,17,3,)		(25,14,17,4,)		(25,14,1,5,)		(25,14,17,6,)		(25,7,)		(25,14,8,)		(25,14,17,3,9,)		(25,14,1,19,10,)		(25,11,)		(25,12,)		(25,14,1,21,13,)		(25,14,)		(25,20,15,)		(25,14,1,19,16,)		(25,14,17,)		(25,20,18,)		(25,14,1,19,)		(25,20,)		(25,14,1,21,)		(25,14,2,22,)		(25,14,17,4,23,)		(25,14,24,)		(25,)		|
Hop Count Matrix :
|0	2	2	2	1	2	2	2	3	2	2	3	2	1	2	2	2	3	1	3	1	2	3	3	4		|
|3	0	3	4	2	3	4	3	4	3	5	4	2	2	4	3	3	2	2	3	4	1	1	2	3		|
|1	2	0	2	2	2	2	3	1	3	3	1	3	2	1	2	1	1	2	3	2	2	3	3	2		|
|1	3	2	0	2	3	3	5	3	2	1	3	2	4	2	3	3	2	2	1	2	3	1	2	2		|
|2	3	1	3	0	3	3	4	2	4	4	2	2	3	2	1	2	2	3	4	3	3	4	2	3		|
|3	3	4	1	3	0	2	1	5	5	2	2	5	2	5	5	3	1	4	2	4	2	2	3	1		|
|2	2	3	3	3	3	0	2	4	4	4	3	4	1	4	4	2	5	3	4	3	3	4	2	2		|
|2	2	3	3	2	3	2	0	4	4	4	1	4	1	4	4	2	1	3	4	3	2	1	2	2		|
|2	2	3	1	3	3	2	2	0	2	2	1	2	1	2	2	2	3	1	2	1	3	2	2	2		|
|1	3	2	4	2	1	2	2	3	0	1	2	3	2	2	3	3	2	2	1	2	3	3	2	1		|
|2	2	2	1	1	2	3	2	3	1	0	3	4	1	3	2	2	3	3	2	3	1	2	1	2		|
|1	2	1	3	1	3	1	2	2	3	3	0	3	1	2	2	2	2	2	4	2	1	4	2	3		|
|3	3	2	4	1	1	2	2	3	5	2	3	0	2	3	2	3	3	4	2	4	4	5	3	1		|
|1	1	2	2	2	2	3	1	3	3	3	2	3	0	3	3	1	4	2	3	2	2	3	1	1		|
|3	3	2	4	1	4	2	3	1	5	2	3	2	2	0	1	3	3	4	2	4	1	5	2	1		|
|4	4	1	5	5	5	3	4	2	6	2	1	1	3	2	0	4	3	5	2	5	5	6	1	2		|
|2	2	1	1	3	1	1	2	2	4	2	2	2	1	2	4	0	3	3	2	1	3	2	2	2		|
|3	1	2	2	2	1	2	3	3	5	3	3	3	2	3	5	1	0	4	3	2	1	1	2	3		|
|3	3	1	1	2	1	1	3	2	1	2	2	2	2	1	1	1	2	0	2	1	2	2	2	3		|
|4	2	1	3	2	2	2	4	2	1	4	2	4	3	1	2	2	1	5	0	3	2	2	3	1		|
|3	3	1	2	2	2	2	3	2	2	1	2	1	2	2	3	3	3	4	2	0	1	3	2	1		|
|2	2	2	3	1	3	3	2	3	2	4	3	4	1	3	2	2	3	1	2	3	0	4	1	2		|
|4	1	3	3	3	2	3	4	4	6	4	4	1	3	1	6	2	1	5	4	3	2	0	3	4		|
|3	3	4	4	4	4	2	3	5	5	1	2	5	2	2	5	3	2	4	1	4	4	5	0	1		|
|2	2	3	3	3	3	1	2	4	4	1	1	4	1	2	4	2	2	3	1	3	3	4	2	0		|

Congestion Edge Matrix :
|0.00	na	na	na	18571.00	na	na	na	na	na	na	na	na	4510.50	na	na	na	na	3418.50	na	58950.00	na	na	na	na		|
|na	0.00	na	na	na	na	na	na	na	na	na	na	na	na	na	na	na	na	na	na	na	1993.50	na	na	na		|
|4455.00	na	0.00	na	na	na	na	na	3302.50	na	na	570.00	na	na	1195.00	na	17577.00	34730.00	na	na	na	na	na	na	na		|
|8464.00	na	na	0.00	na	na	na	na	na	na	13583.00	na	na	na	na	na	na	na	na	56192.50	na	na	30774.00	na	na	|
|na	na	1711.50	na	0.00	na	na	na	na	na	na	na	na	na	na	17808.00	na	na	na	na	na	na	na	na	na		|
|na	na	na	na	na	0.00	na	34398.00	na	na	na	na	na	na	na	na	na	na	na	na	na	na	na	na	4900.50		|
|na	na	na	na	na	na	0.00	na	na	na	na	na	na	2337.50	na	na	na	na	na	na	na	na	na	na	na		|
|na	na	na	na	na	na	na	0.00	na	na	na	426.00	na	1894.00	na	na	na	na	na	na	na	na	na	na	na		|
|na	na	na	16965.00	na	na	na	na	0.00	na	na	4801.50	na	17672.00	na	na	na	na	9212.00	na	19107.00	na	na	na	na		|
|na	na	na	na	na	4465.00	na	na	na	-nan	13489.00	na	na	na	na	na	na	na	na	13395.00	na	na	na	na	12880.00		|
|na	na	na	12690.00	25990.00	na	na	na	na	na	-nan	na	na	9024.00	na	na	na	na	na	na	na	na	na	17563.00	na		|
|13490.00	na	9454.50	na	4462.00	na	4802.00	na	na	na	na	0.00	na	9506.00	na	na	na	na	na	na	na	12967.50	na	na	na		|
|na	na	na	na	297.00	4999.50	na	na	na	na	na	na	0.00	na	na	na	na	na	na	na	na	na	na	na	28322.00		|
|3321.00	47593.00	na	na	na	na	na	43680.00	na	na	na	na	na	0.00	na	na	2462.00	na	na	na	na	na	na	18915.00	4704.00|
|na	na	na	na	na	na	na	na	na	na	na	na	na	na	0.00	18095.00	na	na	na	na	na	144.00	na	na	39804.00		|
|na	na	4465.00	na	na	na	na	na	na	na	na	na	9069.50	na	na	0.00	na	na	na	na	na	na	na	2610.00	na		|
|na	na	33988.50	3527.50	na	9744.00	4851.00	na	na	na	na	na	na	1615.00	na	na	0.00	na	na	na	21203.00	na	na	na	na		|
|na	8963.50	na	na	na	9009.00	na	na	na	na	na	na	na	na	na	na	4745.00	0.00	na	na	na	1182.50	4704.00	na	na		|
|na	na	22043.00	17955.00	na	4702.50	13064.00	na	na	36290.00	na	na	na	na	13545.00	19156.50	na	na	0.00	na	na	na	na	na	na		|
|na	na	13020.00	na	na	na	na	na	na	na	na	na	na	na	730.00	na	na	2648.00	na	0.00	na	na	na	na	4320.00		|
|na	na	14014.00	na	na	na	na	na	na	na	1875.00	na	30420.00	na	na	na	na	na	na	na	0.00	4696.50	na	na	13248.00		|
|na	na	na	na	25740.00	na	na	na	na	na	na	na	na	17505.00	na	na	na	na	na	na	na	4.50	na	48024.00	na		|
|na	na	na	na	na	na	na	na	na	na	na	na	na	na	4753.00	na	na	1910.00	na	na	na	na	0.00	na	na		|
|na	na	na	na	na	na	na	na	na	na	4559.00	na	na	na	na	na	na	na	na	22278.00	na	na	na	0.00	1810.00		|
|na	na	na	na	na	na	937.50	na	na	na	9552.00	4418.00	na	4557.00	na	na	na	na	na	13064.00	na	na	na	na	0.00		|

Predicted Path Delay Matrix :
|0	184	97	98	98	102	95	184	102	98	95	101	180	93	93	102	95	189	3	189	90	183	190	107	109		|
|95	0	96	100	93	188	102	184	101	188	190	100	186	93	101	189	95	97	93	189	185	3	92	95	97		|
|90	183	0	95	95	183	102	186	5	188	109	4	194	95	5	99	93	92	93	186	104	95	187	104	98		|
|92	186	184	0	186	186	186	193	189	183	94	188	186	102	96	190	100	95	95	91	182	100	92	185	181		|
|93	186	3	98	0	186	105	189	8	191	112	7	193	98	8	96	96	95	96	189	107	98	190	101	101		|
|97	186	188	94	191	0	104	91	193	195	188	94	277	95	190	199	97	96	100	185	187	101	186	192	99		|
|7	96	98	12	105	103	0	96	103	105	102	99	187	5	100	109	7	107	10	103	97	99	104	102	103		|
|6	95	97	11	100	102	101	0	102	104	101	3	186	4	99	108	6	99	9	102	96	94	98	101	102		|
|96	185	187	90	194	192	186	185	0	189	104	99	189	94	184	193	96	185	94	181	99	188	182	191	191		|
|94	186	187	102	186	94	97	185	192	0	94	186	274	95	99	193	97	98	97	94	184	103	194	185	92		|
|96	185	95	90	92	186	98	185	100	92	0	99	276	94	100	188	96	185	99	181	186	92	182	91	93		|
|95	188	99	104	97	195	98	188	104	193	190	0	275	97	104	193	99	191	98	195	185	91	196	183	185		|
|103	192	102	108	99	99	103	190	107	201	194	106	0	101	107	195	103	194	106	190	193	195	200	198	98		|
|2	91	93	7	100	98	97	91	98	100	97	94	182	0	95	104	2	102	5	98	92	94	99	97	98		|
|98	187	93	103	90	194	98	187	96	196	189	97	191	96	0	94	98	185	101	185	188	96	195	99	93		|
|12	101	95	17	110	108	12	101	100	110	102	99	97	10	100	0	12	103	15	99	102	104	109	5	7		|
|4	93	91	5	102	96	98	93	96	102	96	95	181	2	96	106	0	100	7	96	91	96	97	99	100		|
|9	91	96	10	95	91	103	98	101	107	101	100	186	7	101	111	5	0	12	101	96	5	96	97	99		|
|99	188	94	95	180	99	92	188	99	95	100	98	185	97	90	99	96	186	0	186	95	186	187	104	106		|
|13	95	93	14	95	95	95	102	98	92	105	97	190	11	5	99	9	4	16	0	100	9	100	101	90		|
|97	186	98	95	97	189	97	186	103	97	5	102	90	95	103	193	97	188	100	184	0	93	187	96	92		|
|92	181	93	97	90	188	99	181	98	185	187	97	272	90	98	186	92	185	90	186	182	0	189	92	94		|
|14	95	101	15	100	96	108	103	106	112	106	105	94	12	97	116	10	5	17	106	101	10	0	102	104		|
|7	96	98	12	105	103	7	96	103	105	97	96	187	5	99	109	7	98	10	94	97	99	104	0	2		|
|5	94	96	10	103	101	5	94	101	103	96	94	185	3	97	107	5	96	8	92	95	97	102	100	0		|

Congestion Actual Delay Matrix :
|0.00	52103.50	25461.50	21373.50	18571.00	8121.00	16482.50	48190.50	28764.00	39708.50	60825.00	26031.50	89370.00	4510.50	16963.50	22575.00	6972.50	60191.50	3418.50	77566.00	58950.00	63646.50	52147.50	25185.00	26995.00		|
|22819.50	0.00	29445.00	25488.00	27733.50	11011.00	52765.00	63178.50	32747.50	38373.50	83644.50	30015.00	186.00	19498.50	30640.00	45541.50	21960.50	2002.00	2083.50	72295.50	81769.50	1993.50	0.00	50017.50	51827.50		|
|4455.00	43693.50	0.00	20267.50	1285.00	43739.00	5372.00	62872.00	3302.50	44163.50	24284.50	570.00	52829.50	19192.00	1195.00	19290.00	17577.00	34730.00	7873.50	76460.00	22409.50	13537.50	51041.50	21900.00	40999.00		|
|8464.00	67804.00	69212.50	0.00	39573.00	67849.50	61450.00	108880.50	72515.00	56284.50	13583.00	69782.50	30868.00	65200.50	56922.50	75017.50	63585.50	58840.50	11882.50	56192.50	67414.00	60023.00	30774.00	31146.00	60512.50		|
|6166.50	45405.00	1711.50	21979.00	0.00	45450.50	7083.50	64583.50	5014.00	45875.00	25996.00	2281.50	26877.50	20903.50	2906.50	17808.00	19288.50	36441.50	9585.00	78171.50	24121.00	15249.00	52753.00	20418.00	42710.50		|
|39613.00	83885.00	72742.50	0.00	39286.00	0.00	5838.00	34398.00	76045.00	79321.50	13677.00	34824.00	128983.00	36292.00	56576.50	62188.00	38754.00	0.00	43031.50	56286.50	98563.00	1278.50	30868.00	55207.00	4900.50		|
|5658.50	49930.50	38788.00	8327.00	24229.50	14543.50	0.00	46017.50	42090.50	45367.00	66483.50	46443.50	95028.50	2337.50	22622.00	28233.50	4799.50	67167.50	9077.00	64519.50	64608.50	51924.00	39101.00	21252.50	7041.50		|
|5215.00	49487.00	38344.50	7883.50	4888.00	14100.00	5228.00	0.00	41647.00	44923.50	66040.00	426.00	94585.00	1894.00	22178.50	27790.00	4356.00	0.00	8633.5064076.00	64165.00	13393.50	0.00	20809.00	6598.00		|
|20993.00	65265.00	54122.50	16965.00	39564.00	29878.00	22276.00	61352.00	0.00	45502.00	20982.00	4801.50	49527.00	17672.00	22757.00	28368.50	20134.00	75805.50	9212.00	73157.50	19107.00	67258.50	47739.00	36587.00	32355.00		|
|0.00	65030.00	26415.00	23426.50	39479.00	4465.00	13817.50	38863.00	29717.50	-nan	13489.00	17298.00	89464.00	17437.00	14125.00	32220.00	19899.00	16043.00	3512.50	13395.00	59044.00	17225.50	20747.00	31052.00	12880.00		|
|12345.00	56617.00	27701.50	12690.00	25990.00	4557.00	20310.50	52704.00	31004.00	0.00	-nan	28271.50	101715.00	9024.00	28896.50	43798.00	11486.00	71530.50	15763.50	68882.50	71295.00	0.00	43464.00	17563.00	19373.00		|
|13490.00	57099.00	9454.50	15495.50	4462.00	21712.00	4802.00	53186.00	12757.00	53198.50	74315.00	0.00	102860.00	9506.00	10649.50	22270.00	11968.00	44184.50	16908.50	71688.00	72440.00	12967.50	46269.50	60991.50	62801.50		|
|36200.00	80472.00	2008.50	38868.50	297.00	4999.50	29259.50	39397.50	5311.00	75908.50	37874.00	2578.50	0.00	32879.00	3203.50	18105.00	35341.00	36738.50	39618.50	41386.00	95150.00	82465.50	69642.50	51794.00	28322.00		|
|3321.00	47593.00	36450.50	5989.50	21892.00	12206.00	19803.50	43680.00	39753.00	43029.50	64146.00	44106.00	92691.00	0.00	20284.50	25896.00	2462.00	64830.00	6739.50	62182.00	62271.00	49586.50	36763.50	18915.00	4704.00		|
|47682.00	91954.00	1801.50	50350.50	0.00	56567.00	40741.50	88041.00	0.00	87390.50	49356.00	2371.50	27164.50	44361.00	0.00	18095.00	46823.00	36531.50	51100.50	52868.00	106632.00	144.00	81124.50	20705.00	39804.00		|
|12298.00	56570.00	4465.00	14966.50	30869.00	21183.00	5357.50	52657.00	7767.50	52006.50	7169.00	0.00	9069.50	8977.00	5660.00	0.00	11439.00	27536.00	15716.50	24888.00	71248.00	58563.50	45740.50	2610.00	4420.00		|
|4936.00	49208.00	33988.50	3527.50	23507.00	9744.00	4851.00	45295.00	37291.00	44644.50	23078.00	34558.50	51623.00	1615.00	35183.50	27511.00	0.00	62368.00	8354.50	59720.00	21203.00	51201.50	34301.50	20530.00	6319.00		|
|9681.00	8963.50	38733.50	8272.50	26922.50	9009.00	9596.00	50040.00	42036.00	49389.50	27823.00	39303.50	56368.00	6360.00	39928.50	32256.00	4745.00	0.00	13099.50	64465.00	25948.00	1182.50	4704.00	49206.50	51016.50		|
|18722.50	62994.50	22043.00	17955.00	13635.00	4702.50	13064.00	59081.50	25345.50	36290.00	1970.00	22613.00	30515.00	15401.50	13545.00	19156.50	0.00	56773.00	0.00	74147.50	0.00	13689.00	48729.00	21766.50	23576.50		|
|12329.00	11611.50	13020.00	10920.50	820.00	11657.00	5257.50	52688.00	16322.50	0.00	30471.00	13590.00	59016.00	9008.00	730.00	18825.00	7393.00	2648.0015747.50	0.00	28596.00	3830.50	7352.00	51854.50	4320.00		|
|21126.00	65398.00	14014.00	14565.00	27865.00	35419.50	14185.50	61485.00	17316.50	1967.00	1875.00	14584.00	30420.00	17805.00	15209.00	45673.00	20267.00	28960.00	24544.50	26312.00	0.00	4696.50	45339.00	19438.00	13248.00		|
|20826.00	65098.00	27451.50	23494.50	25740.00	29711.00	50771.50	61185.00	30754.00	36380.00	81651.00	28021.50	110196.00	17505.00	28646.50	43548.00	19967.00	62181.50	0.00	70302.00	79776.00	4.50	54268.50	48024.00	49834.00		|
|11591.00	0.00	40643.50	10182.50	28832.50	10919.00	11506.00	51950.00	43946.00	51299.50	29733.00	41213.50	0.00	8270.00	4753.00	34166.00	6655.001910.00	15009.50	66375.00	27858.00	3092.50	0.00	51116.50	52926.50		|
|9688.00	53960.00	42817.50	12356.50	28259.00	18573.00	2747.50	50047.00	46120.00	49396.50	4559.00	6228.00	99058.00	6367.00	23008.00	32263.00	8829.0024926.00	13106.50	22278.00	68638.00	55953.50	43130.50	0.00	1810.00		|
|7878.00	52150.00	41007.50	10546.50	26449.00	16763.00	937.50	48237.00	44310.00	47586.50	9552.00	4418.00	97248.00	4557.00	13794.00	30453.00	7019.0015712.00	11296.50	13064.00	66828.00	54143.50	41320.50	23472.00	0.00		|
*****************Final Output :*****************

Shorest Path between source 1 and destination 6 is: 102.


Shorest Path between source 1 and destination 6 is: 8121.00.


Hop Count for source 1 and destination 6 is: 2.

Total Running Time of the Algorithm in Seconds is 0.0059560


Total no.of Key-Basic Operations are : 6221

***********************************

