****************************************************

SingleNodeAtATime

Size of Given input Graph is : 35
Path Matrix :
|	(1,)		(1,7,4,17,23,2,)		(1,14,5,30,11,3,)		(1,7,4,)		(1,14,5,)		(1,7,35,6,)		(1,7,)		(1,7,4,17,23,2,8,)		(1,14,5,33,9,)		(1,7,4,17,23,34,10,)		(1,14,5,30,11,)		(1,12,)		(1,7,4,17,23,2,13,)		(1,14,)		(1,14,5,33,15,)		(1,14,5,33,16,)		(1,7,4,17,)		(1,7,4,17,23,34,18,)		(1,14,5,33,15,24,19,)		(1,7,4,17,23,2,20,)		(1,14,5,33,16,21,)		(1,7,4,17,23,34,18,22,)		(1,7,4,17,23,)		(1,14,5,33,15,24,)		(1,14,25,)		(1,7,4,17,23,2,8,26,)		(1,7,4,27,)		(1,7,4,28,)		(1,7,4,17,23,2,20,29,)		(1,14,5,30,)		(1,7,4,27,32,31,)		(1,7,4,27,32,)		(1,14,5,33,)		(1,7,4,17,23,34,)		(1,7,35,)	|
|	(2,1,)		(2,)		(2,8,26,11,3,)		(2,1,7,4,)		(2,13,14,5,)		(2,8,35,6,)		(2,1,7,)		(2,8,)		(2,10,33,9,)		(2,10,)		(2,8,26,11,)	(2,1,12,)		(2,13,)		(2,13,14,)		(2,8,21,15,)		(2,8,21,16,)		(2,20,17,)		(2,10,23,34,18,)		(2,20,19,)		(2,20,)		(2,8,21,)		(2,8,21,22,)		(2,10,23,)		(2,8,21,15,24,)		(2,13,14,25,)		(2,8,26,)		(2,1,7,4,27,)		(2,8,26,28,)		(2,20,29,)		(2,10,30,)		(2,20,31,)	(2,8,21,15,32,)		(2,10,33,)		(2,10,23,34,)		(2,8,35,)		|
|	(3,7,4,17,1,)		(3,33,16,2,)		(3,)		(3,7,4,)		(3,33,15,5,)		(3,7,35,6,)		(3,7,)		(3,33,16,2,8,)		(3,33,9,)		(3,33,16,10,)		(3,7,35,6,11,)		(3,33,16,12,)		(3,33,16,2,13,)		(3,7,4,17,23,14,)		(3,33,15,)		(3,33,16,)		(3,7,4,17,)		(3,7,4,17,23,34,18,)		(3,33,15,24,19,)	(3,33,16,2,20,)		(3,33,16,21,)		(3,33,16,21,22,)		(3,7,4,17,23,)		(3,33,15,24,)		(3,33,9,25,)		(3,33,16,2,8,26,)		(3,7,4,27,)		(3,7,4,28,)		(3,33,16,2,20,29,)		(3,33,15,5,30,)		(3,33,15,32,31,)		(3,33,15,32,)		(3,33,)		(3,7,4,17,23,34,)		(3,7,35,)		|
|	(4,17,1,)		(4,17,23,2,)		(4,17,23,11,3,)		(4,)		(4,17,23,5,)		(4,17,23,35,6,)		(4,17,1,7,)		(4,17,23,2,8,)		(4,17,23,5,33,9,)		(4,17,23,34,10,)		(4,17,23,11,)		(4,17,1,12,)		(4,17,23,2,13,)		(4,17,23,14,)		(4,17,23,5,33,15,)		(4,17,23,5,33,16,)		(4,17,)		(4,17,23,34,18,)		(4,17,23,2,20,19,)		(4,17,23,2,20,)		(4,17,23,2,8,21,)		(4,17,23,34,18,22,)		(4,17,23,)		(4,17,23,5,33,15,24,)		(4,17,23,14,25,)		(4,17,23,2,8,26,)	(4,27,)		(4,28,)		(4,17,23,2,20,29,)		(4,17,23,5,30,)		(4,27,32,31,)		(4,27,32,)		(4,17,23,5,33,)		(4,17,23,34,)		(4,17,23,35,)		|
|	(5,33,4,17,1,)		(5,33,16,2,)		(5,30,11,3,)		(5,33,4,)		(5,)		(5,28,23,35,6,)		(5,30,11,3,7,)		(5,33,16,2,8,)		(5,33,9,)		(5,33,16,10,)	(5,30,11,)		(5,33,16,12,)		(5,33,16,2,13,)		(5,30,11,14,)		(5,33,15,)		(5,33,16,)		(5,33,4,17,)		(5,28,23,34,18,)		(5,33,15,24,19,)		(5,33,16,2,20,)		(5,33,16,21,)		(5,33,16,21,22,)		(5,28,23,)		(5,33,15,24,)		(5,33,9,25,)		(5,33,16,2,8,26,)		(5,33,4,27,)		(5,28,)		(5,33,16,2,20,29,)		(5,30,)		(5,33,15,32,31,)		(5,33,15,32,)		(5,33,)		(5,28,23,34,)		(5,28,23,35,)		|
|	(6,23,2,1,)		(6,23,2,)		(6,11,3,)		(6,11,3,7,4,)		(6,11,14,5,)		(6,)		(6,11,3,7,)		(6,23,2,8,)		(6,11,3,33,9,)		(6,23,34,10,)	(6,11,)		(6,23,2,1,12,)		(6,23,2,13,)		(6,11,14,)		(6,11,3,33,15,)		(6,11,3,33,16,)		(6,11,3,7,4,17,)		(6,23,34,18,)		(6,23,2,20,19,)		(6,23,2,20,)	(6,23,2,8,21,)		(6,23,34,18,22,)		(6,23,)		(6,11,3,33,15,24,)		(6,11,14,25,)		(6,23,2,8,26,)		(6,11,3,7,4,27,)		(6,11,14,5,28,)		(6,23,2,20,29,)		(6,30,)		(6,23,2,20,31,)		(6,11,3,33,15,32,)		(6,11,3,33,)		(6,23,34,)		(6,23,35,)		|
|	(7,4,17,1,)		(7,4,17,23,2,)		(7,35,6,11,3,)		(7,4,)		(7,4,17,23,5,)		(7,35,6,)		(7,)		(7,4,17,23,2,8,)		(7,4,17,23,5,33,9,)		(7,4,17,23,34,10,)		(7,35,6,11,)		(7,4,17,1,12,)		(7,4,17,23,2,13,)		(7,4,17,23,14,)		(7,4,17,23,5,33,15,)		(7,4,17,23,5,33,16,)		(7,4,17,)		(7,4,17,23,34,18,)		(7,4,17,23,2,20,19,)		(7,4,17,23,2,20,)		(7,4,17,23,2,8,21,)		(7,4,17,23,34,18,22,)		(7,4,17,23,)		(7,4,17,23,5,33,15,24,)		(7,4,17,23,14,25,)		(7,4,17,23,2,8,26,)		(7,4,27,)		(7,4,28,)		(7,4,17,23,2,20,29,)		(7,35,6,30,)		(7,4,27,32,31,)		(7,4,27,32,)		(7,4,17,23,5,33,)		(7,4,17,23,34,)(7,35,)		|
|	(8,26,2,1,)		(8,26,2,)		(8,26,11,3,)		(8,21,4,)		(8,21,15,5,)		(8,35,6,)		(8,26,7,)		(8,)		(8,21,22,33,9,)		(8,26,2,10,)	(8,26,11,)		(8,21,16,12,)		(8,26,2,13,)		(8,26,11,14,)		(8,21,15,)		(8,21,16,)		(8,21,4,17,)		(8,21,22,18,)		(8,26,2,20,19,)		(8,26,2,20,)	(8,21,)		(8,21,22,)		(8,26,23,)		(8,21,15,24,)		(8,21,22,25,)		(8,26,)		(8,21,4,27,)		(8,26,28,)		(8,26,2,20,29,)		(8,26,30,)		(8,26,2,20,31,)		(8,21,15,32,)		(8,21,22,33,)		(8,26,23,34,)		(8,35,)		|
|	(9,23,2,1,)		(9,23,2,)		(9,23,11,3,)		(9,27,4,)		(9,23,5,)		(9,23,35,6,)		(9,23,34,7,)		(9,23,2,8,)		(9,)		(9,23,34,10,)	(9,23,11,)		(9,23,2,1,12,)		(9,23,2,13,)		(9,23,14,)		(9,23,5,33,15,)		(9,23,5,33,16,)		(9,27,4,17,)		(9,23,34,18,)		(9,23,2,20,19,)		(9,23,2,20,)	(9,23,2,8,21,)		(9,23,34,18,22,)		(9,23,)		(9,23,5,33,15,24,)		(9,25,)		(9,23,2,8,26,)		(9,27,)		(9,27,4,28,)		(9,23,2,20,29,)		(9,23,5,30,)		(9,23,2,20,31,)		(9,27,32,)		(9,23,5,33,)		(9,23,34,)		(9,23,35,)		|
|	(10,1,)		(10,23,2,)		(10,23,11,3,)		(10,33,4,)		(10,1,14,5,)		(10,23,35,6,)		(10,1,7,)		(10,23,2,8,)		(10,33,9,)		(10,)		(10,23,11,)		(10,1,12,)		(10,23,2,13,)		(10,1,14,)		(10,33,15,)		(10,33,16,)		(10,33,4,17,)		(10,23,34,18,)		(10,23,2,20,19,)		(10,23,2,20,)		(10,23,2,8,21,)		(10,23,34,18,22,)		(10,23,)		(10,33,15,24,)		(10,1,14,25,)		(10,23,2,8,26,)		(10,33,4,27,)		(10,33,4,28,)		(10,23,2,20,29,)		(10,30,)		(10,23,2,20,31,)		(10,33,15,32,)		(10,33,)		(10,23,34,)		(10,23,35,)		|
|	(11,3,7,4,17,1,)		(11,3,33,16,2,)		(11,3,)		(11,3,7,4,)		(11,14,5,)		(11,3,7,35,6,)		(11,3,7,)		(11,3,33,16,2,8,)		(11,3,33,9,)		(11,3,33,16,10,)		(11,)		(11,3,33,16,12,)		(11,3,33,16,2,13,)		(11,14,)		(11,3,33,15,)		(11,3,33,16,)		(11,3,7,4,17,)		(11,3,7,4,17,23,34,18,)		(11,3,33,15,24,19,)		(11,3,33,16,2,20,)		(11,3,33,16,21,)		(11,3,33,16,21,22,)		(11,3,7,4,17,23,)		(11,3,33,15,24,)		(11,14,25,)		(11,3,33,16,2,8,26,)		(11,3,7,4,27,)		(11,14,5,28,)		(11,3,33,16,2,20,29,)		(11,14,5,30,)		(11,3,33,15,32,31,)		(11,3,33,15,32,)		(11,3,33,)		(11,3,7,4,17,23,34,)	(11,3,7,35,)		|
|	(12,10,1,)		(12,2,)		(12,10,23,11,3,)		(12,33,4,)		(12,10,1,14,5,)		(12,35,6,)		(12,10,1,7,)		(12,2,8,)		(12,33,9,)		(12,10,)		(12,10,23,11,)		(12,)		(12,2,13,)		(12,10,1,14,)		(12,33,15,)		(12,33,16,)		(12,33,4,17,)		(12,10,23,34,18,)		(12,2,20,19,)		(12,2,20,)		(12,2,8,21,)		(12,10,23,34,18,22,)		(12,10,23,)		(12,33,15,24,)		(12,33,9,25,)		(12,2,8,26,)		(12,33,4,27,)		(12,33,4,28,)		(12,2,20,29,)		(12,10,30,)		(12,2,20,31,)		(12,33,15,32,)		(12,33,)		(12,10,23,34,)		(12,35,)		|
|	(13,1,)		(13,17,23,2,)		(13,17,23,11,3,)		(13,1,7,4,)		(13,14,5,)		(13,1,7,35,6,)		(13,1,7,)		(13,17,23,2,8,)		(13,14,5,33,9,)		(13,17,23,34,10,)		(13,17,23,11,)		(13,1,12,)		(13,)		(13,14,)		(13,14,5,33,15,)		(13,14,5,33,16,)		(13,17,)		(13,17,23,34,18,)		(13,17,23,2,20,19,)		(13,17,23,2,20,)		(13,14,5,33,16,21,)		(13,17,23,34,18,22,)		(13,17,23,)		(13,14,5,33,15,24,)		(13,14,25,)		(13,17,23,2,8,26,)	(13,1,7,4,27,)		(13,14,5,28,)		(13,17,23,2,20,29,)		(13,14,5,30,)		(13,17,23,2,20,31,)		(13,14,5,33,15,32,)		(13,14,5,33,)		(13,17,23,34,)		(13,1,7,35,)	|
|	(14,5,33,4,17,1,)		(14,5,33,16,2,)		(14,5,30,11,3,)		(14,5,33,4,)		(14,5,)		(14,5,28,23,35,6,)		(14,5,30,11,3,7,)		(14,5,33,16,2,8,)		(14,5,33,9,)		(14,5,33,16,10,)		(14,5,30,11,)		(14,5,33,16,12,)		(14,5,33,16,2,13,)		(14,)		(14,5,33,15,)		(14,5,33,16,)		(14,5,33,4,17,)		(14,5,28,23,34,18,)		(14,5,33,15,24,19,)		(14,5,33,16,2,20,)		(14,5,33,16,21,)		(14,5,33,16,21,22,)		(14,5,28,23,)		(14,5,33,15,24,)		(14,25,)		(14,5,33,16,2,8,26,)		(14,5,33,4,27,)		(14,5,28,)		(14,5,33,16,2,20,29,)		(14,5,30,)		(14,5,33,15,32,31,)		(14,5,33,15,32,)		(14,5,33,)		(14,5,28,23,34,)		(14,5,28,23,35,)		|
|	(15,24,4,17,1,)		(15,5,33,16,2,)		(15,24,3,)		(15,24,4,)		(15,5,)		(15,24,35,6,)		(15,24,3,7,)		(15,5,33,16,2,8,)		(15,5,33,9,)		(15,32,31,10,)		(15,5,30,11,)		(15,5,33,16,12,)		(15,32,18,13,)		(15,24,14,)		(15,)		(15,5,33,16,)		(15,24,4,17,)		(15,32,18,)		(15,24,19,)		(15,24,20,)		(15,5,33,16,21,)		(15,32,18,22,)		(15,5,28,23,)		(15,24,)		(15,5,33,9,25,)		(15,5,33,16,2,8,26,)		(15,24,4,27,)		(15,5,28,)		(15,24,20,29,)		(15,5,30,)		(15,32,31,)		(15,32,)		(15,5,33,)		(15,5,28,23,34,)		(15,24,35,)		|
|	(16,2,1,)		(16,2,)		(16,30,11,3,)		(16,33,4,)		(16,2,13,14,5,)		(16,10,23,35,6,)		(16,2,1,7,)		(16,2,8,)		(16,33,9,)		(16,10,)		(16,30,11,)		(16,12,)		(16,2,13,)		(16,2,13,14,)		(16,21,15,)		(16,)		(16,2,20,17,)		(16,21,22,18,)		(16,2,20,19,)		(16,2,20,)		(16,21,)		(16,21,22,)		(16,10,23,)		(16,21,15,24,)		(16,21,22,25,)		(16,2,8,26,)		(16,33,4,27,)		(16,33,4,28,)		(16,2,20,29,)		(16,30,)		(16,2,20,31,)		(16,21,15,32,)		(16,33,)		(16,10,23,34,)		(16,10,23,35,)		|
|	(17,1,)		(17,23,2,)		(17,23,11,3,)		(17,23,34,18,4,)		(17,23,5,)		(17,23,35,6,)		(17,1,7,)		(17,23,2,8,)		(17,23,5,33,9,)		(17,23,34,10,)		(17,23,11,)		(17,1,12,)		(17,23,2,13,)		(17,23,14,)		(17,23,5,33,15,)		(17,23,5,33,16,)		(17,)		(17,23,34,18,)		(17,23,2,20,19,)		(17,23,2,20,)		(17,23,2,8,21,)		(17,23,34,18,22,)		(17,23,)		(17,23,5,33,15,24,)		(17,23,14,25,)		(17,23,2,8,26,)		(17,23,34,18,4,27,)		(17,23,5,28,)		(17,23,2,20,29,)		(17,23,5,30,)		(17,23,2,20,31,)		(17,23,34,18,4,27,32,)		(17,23,5,33,)		(17,23,34,)		(17,23,35,)		|
|	(18,13,1,)		(18,4,17,23,2,)		(18,4,17,23,11,3,)		(18,4,)		(18,13,14,5,)		(18,4,17,23,35,6,)		(18,13,1,7,)		(18,4,17,23,2,8,)		(18,22,33,9,)	(18,4,17,23,34,10,)		(18,4,17,23,11,)		(18,13,1,12,)		(18,13,)		(18,13,14,)		(18,22,33,15,)		(18,22,33,16,)		(18,4,17,)		(18,)		(18,22,33,15,24,19,)		(18,4,17,23,2,20,)		(18,22,33,16,21,)		(18,22,)		(18,4,17,23,)		(18,22,33,15,24,)		(18,22,25,)		(18,4,17,23,2,8,26,)		(18,4,27,)		(18,4,28,)		(18,4,17,23,2,20,29,)		(18,13,14,5,30,)		(18,4,27,32,31,)		(18,4,27,32,)		(18,22,33,)		(18,4,17,23,34,)		(18,4,17,23,35,)		|
|	(19,30,11,3,7,4,17,1,)		(19,30,11,3,33,16,2,)		(19,30,11,3,)		(19,30,11,3,7,4,)		(19,30,11,14,5,)		(19,30,11,3,7,35,6,)		(19,30,11,3,7,)		(19,30,11,3,33,16,2,8,)		(19,30,11,3,33,9,)		(19,30,11,3,33,16,10,)		(19,30,11,)		(19,30,11,3,33,16,12,)		(19,30,11,3,33,16,2,13,)		(19,30,11,14,)		(19,30,11,3,33,15,)	(19,30,11,3,33,16,)		(19,30,11,3,7,4,17,)		(19,30,11,3,7,4,17,23,34,18,)		(19,)		(19,30,11,3,33,16,2,20,)		(19,30,11,3,33,16,21,)		(19,30,11,3,33,16,21,22,)		(19,30,11,3,7,4,17,23,)		(19,30,11,3,33,15,24,)		(19,30,11,14,25,)		(19,30,11,3,33,16,2,8,26,)		(19,30,11,3,7,4,27,)		(19,30,11,14,5,28,)		(19,30,11,3,33,16,2,20,29,)	(19,30,)		(19,30,11,3,33,15,32,31,)		(19,30,11,3,33,15,32,)		(19,30,11,3,33,)		(19,30,11,3,7,4,17,23,34,)		(19,30,11,3,7,35,)		|
|	(20,17,1,)		(20,17,23,2,)		(20,17,23,11,3,)		(20,29,22,33,4,)		(20,17,23,5,)		(20,17,23,35,6,)		(20,17,1,7,)		(20,17,23,2,8,)		(20,29,22,33,9,)		(20,31,10,)		(20,17,23,11,)		(20,17,1,12,)		(20,17,23,2,13,)		(20,17,23,14,)		(20,29,15,)		(20,29,16,)		(20,17,)		(20,17,23,34,18,)		(20,19,)		(20,)		(20,29,16,21,)		(20,29,22,)		(20,17,23,)		(20,29,15,24,)		(20,29,22,25,)		(20,17,23,2,8,26,)		(20,29,22,33,4,27,)		(20,17,23,5,28,)		(20,29,)		(20,19,30,)		(20,31,)		(20,29,15,32,)		(20,29,22,33,)		(20,17,23,34,)		(20,17,23,35,)		|
|	(21,16,2,1,)		(21,16,2,)		(21,22,23,11,3,)		(21,4,)		(21,15,5,)		(21,22,23,35,6,)		(21,22,23,34,7,)		(21,16,2,8,)		(21,22,33,9,)	(21,16,10,)		(21,22,23,11,)		(21,16,12,)		(21,16,2,13,)		(21,22,23,14,)		(21,15,)		(21,16,)		(21,4,17,)		(21,22,18,)		(21,15,24,19,)(21,16,2,20,)		(21,)		(21,22,)		(21,22,23,)		(21,15,24,)		(21,22,25,)		(21,16,2,8,26,)		(21,4,27,)		(21,4,28,)		(21,16,2,20,29,)	(21,15,5,30,)		(21,15,32,31,)		(21,15,32,)		(21,22,33,)		(21,22,23,34,)		(21,22,23,35,)		|
|	(22,18,13,1,)		(22,23,2,)		(22,23,11,3,)		(22,33,4,)		(22,23,5,)		(22,23,35,6,)		(22,23,34,7,)		(22,23,2,8,)		(22,33,9,)		(22,23,34,10,)		(22,23,11,)		(22,33,16,12,)		(22,18,13,)		(22,23,14,)		(22,33,15,)		(22,33,16,)		(22,33,4,17,)		(22,18,)		(22,33,15,24,19,)	(22,23,2,20,)		(22,33,16,21,)		(22,)		(22,23,)		(22,33,15,24,)		(22,25,)		(22,23,2,8,26,)		(22,33,4,27,)		(22,33,4,28,)		(22,23,2,20,29,)	(22,23,5,30,)		(22,33,15,32,31,)		(22,33,15,32,)		(22,33,)		(22,23,34,)		(22,23,35,)		|
|	(23,2,1,)		(23,2,)		(23,11,3,)		(23,34,18,4,)		(23,5,)		(23,35,6,)		(23,34,7,)		(23,2,8,)		(23,5,33,9,)		(23,34,10,)		(23,11,)		(23,2,1,12,)		(23,2,13,)		(23,14,)		(23,5,33,15,)		(23,5,33,16,)		(23,34,18,4,17,)		(23,34,18,)		(23,2,20,19,)		(23,2,20,)	(23,2,8,21,)		(23,34,18,22,)		(23,)		(23,5,33,15,24,)		(23,14,25,)		(23,2,8,26,)		(23,34,18,4,27,)		(23,5,28,)		(23,2,20,29,)		(23,5,30,)		(23,2,20,31,)		(23,34,18,4,27,32,)		(23,5,33,)		(23,34,)		(23,35,)		|
|	(24,4,17,1,)		(24,4,17,23,2,)		(24,3,)		(24,4,)		(24,14,5,)		(24,35,6,)		(24,3,7,)		(24,4,17,23,2,8,)		(24,3,33,9,)		(24,4,17,23,34,10,)		(24,35,6,11,)		(24,4,17,1,12,)		(24,4,17,23,2,13,)		(24,14,)		(24,20,29,15,)		(24,20,29,16,)		(24,4,17,)		(24,4,17,23,34,18,)		(24,19,)		(24,20,)		(24,4,17,23,2,8,21,)		(24,20,29,22,)		(24,4,17,23,)		(24,)		(24,14,25,)		(24,4,17,23,2,8,26,)		(24,4,27,)		(24,4,28,)	(24,20,29,)		(24,19,30,)		(24,20,31,)		(24,4,27,32,)		(24,3,33,)		(24,4,17,23,34,)		(24,35,)		|
|	(25,13,1,)		(25,4,17,23,2,)		(25,35,6,11,3,)		(25,4,)		(25,5,)		(25,35,6,)		(25,34,7,)		(25,4,17,23,2,8,)		(25,5,33,9,)		(25,34,10,)	(25,35,6,11,)		(25,13,1,12,)		(25,13,)		(25,13,14,)		(25,15,)		(25,21,16,)		(25,4,17,)		(25,34,18,)		(25,24,19,)		(25,31,20,)	(25,21,)		(25,34,18,22,)		(25,4,17,23,)		(25,24,)		(25,)		(25,4,17,23,2,8,26,)		(25,4,27,)		(25,4,28,)		(25,31,20,29,)		(25,5,30,)		(25,31,)		(25,4,27,32,)		(25,5,33,)		(25,34,)		(25,35,)		|
|	(26,2,1,)		(26,2,)		(26,11,3,)		(26,7,4,)		(26,15,5,)		(26,7,35,6,)		(26,7,)		(26,2,8,)		(26,11,3,33,9,)		(26,2,10,)		(26,11,)		(26,2,1,12,)		(26,2,13,)		(26,11,14,)		(26,15,)		(26,2,8,21,16,)		(26,7,4,17,)		(26,23,34,18,)		(26,2,20,19,)		(26,2,20,)		(26,2,8,21,)		(26,2,8,21,22,)		(26,23,)		(26,15,24,)		(26,11,14,25,)		(26,)		(26,7,4,27,)		(26,28,)		(26,2,20,29,)		(26,30,)		(26,2,20,31,)		(26,15,32,)		(26,11,3,33,)		(26,23,34,)		(26,7,35,)		|
|	(27,4,17,1,)		(27,4,17,23,2,)		(27,4,17,23,11,3,)		(27,4,)		(27,4,17,23,5,)		(27,4,17,23,35,6,)		(27,4,17,1,7,)		(27,4,17,23,2,8,)		(27,4,17,23,5,33,9,)		(27,4,17,23,34,10,)		(27,4,17,23,11,)		(27,4,17,1,12,)		(27,4,17,23,2,13,)		(27,4,17,23,14,)		(27,4,17,23,5,33,15,)		(27,4,17,23,5,33,16,)		(27,4,17,)		(27,32,18,)		(27,4,17,23,2,20,19,)		(27,4,17,23,2,20,)		(27,4,17,23,2,8,21,)		(27,32,18,22,)		(27,4,17,23,)		(27,4,17,23,5,33,15,24,)		(27,4,17,23,14,25,)		(27,4,17,23,2,8,26,)		(27,)		(27,4,28,)		(27,4,17,23,2,20,29,)		(27,32,30,)		(27,32,31,)		(27,32,)		(27,4,17,23,5,33,)	(27,4,17,23,34,)		(27,4,17,23,35,)		|
|	(28,23,2,1,)		(28,23,2,)		(28,23,11,3,)		(28,23,34,18,4,)		(28,23,5,)		(28,23,35,6,)		(28,23,34,7,)		(28,23,2,8,)		(28,23,5,33,9,)		(28,23,34,10,)		(28,23,11,)		(28,23,2,1,12,)		(28,23,2,13,)		(28,23,14,)		(28,23,5,33,15,)		(28,23,5,33,16,)		(28,23,34,18,4,17,)		(28,23,34,18,)(28,23,2,20,19,)		(28,23,2,20,)		(28,23,2,8,21,)		(28,23,34,18,22,)		(28,23,)		(28,23,5,33,15,24,)		(28,23,14,25,)		(28,23,2,8,26,)		(28,23,34,18,4,27,)	(28,)		(28,23,2,20,29,)		(28,23,5,30,)		(28,23,2,20,31,)		(28,23,34,18,4,27,32,)		(28,23,5,33,)		(28,23,34,)		(28,23,35,)		|
|	(29,16,2,1,)		(29,16,2,)		(29,22,23,11,3,)		(29,22,33,4,)		(29,15,5,)		(29,22,23,35,6,)		(29,22,23,34,7,)		(29,16,2,8,)		(29,22,33,9,)		(29,16,10,)		(29,22,23,11,)		(29,16,12,)		(29,16,2,13,)		(29,22,23,14,)		(29,15,)		(29,16,)		(29,22,33,4,17,)		(29,22,18,)	(29,15,24,19,)		(29,16,2,20,)		(29,16,21,)		(29,22,)		(29,22,23,)		(29,15,24,)		(29,22,25,)		(29,16,2,8,26,)		(29,22,33,4,27,)		(29,22,33,4,28,)		(29,)		(29,15,5,30,)		(29,15,32,31,)		(29,15,32,)		(29,22,33,)		(29,22,23,34,)		(29,22,23,35,)		|
|	(30,11,3,7,4,17,1,)		(30,11,3,33,16,2,)		(30,11,3,)		(30,11,3,7,4,)		(30,11,14,5,)		(30,11,3,7,35,6,)		(30,11,3,7,)		(30,11,3,33,16,2,8,)		(30,11,3,33,9,)		(30,11,3,33,16,10,)		(30,11,)		(30,11,3,33,16,12,)		(30,11,3,33,16,2,13,)		(30,11,14,)		(30,11,3,33,15,)		(30,11,3,33,16,)		(30,11,3,7,4,17,)		(30,11,3,7,4,17,23,34,18,)		(30,11,3,33,15,24,19,)		(30,11,3,33,16,2,20,)		(30,11,3,33,16,21,)		(30,11,3,33,16,21,22,)		(30,11,3,7,4,17,23,)		(30,11,3,33,15,24,)		(30,11,14,25,)		(30,11,3,33,16,2,8,26,)		(30,11,3,7,4,27,)		(30,11,14,5,28,)		(30,11,3,33,16,2,20,29,)		(30,)		(30,11,3,33,15,32,31,)(30,11,3,33,15,32,)		(30,11,3,33,)		(30,11,3,7,4,17,23,34,)		(30,11,3,7,35,)		|
|	(31,10,1,)		(31,10,23,2,)		(31,10,23,11,3,)		(31,10,33,4,)		(31,10,1,14,5,)		(31,10,23,35,6,)		(31,10,1,7,)		(31,10,23,2,8,)		(31,10,33,9,)	(31,10,)		(31,10,23,11,)		(31,10,1,12,)		(31,10,23,2,13,)		(31,10,1,14,)		(31,10,33,15,)		(31,10,33,16,)		(31,20,17,)		(31,10,23,34,18,)		(31,20,19,)		(31,20,)		(31,10,23,2,8,21,)		(31,20,29,22,)		(31,10,23,)		(31,10,33,15,24,)		(31,20,29,22,25,)		(31,10,23,2,8,26,)		(31,10,33,4,27,)		(31,10,33,4,28,)		(31,20,29,)		(31,10,30,)		(31,)		(31,10,33,15,32,)		(31,10,33,)		(31,10,23,34,)		(31,10,23,35,)		|
|	(32,18,13,1,)		(32,18,4,17,23,2,)		(32,30,11,3,)		(32,18,4,)		(32,18,13,14,5,)		(32,18,4,17,23,35,6,)		(32,30,11,3,7,)		(32,18,4,17,23,2,8,)		(32,18,22,33,9,)		(32,31,10,)		(32,30,11,)		(32,18,13,1,12,)		(32,18,13,)		(32,18,13,14,)		(32,18,22,33,15,)		(32,18,22,33,16,)		(32,18,4,17,)	(32,18,)		(32,31,20,19,)		(32,31,20,)		(32,18,22,33,16,21,)		(32,18,22,)		(32,18,4,17,23,)		(32,18,22,33,15,24,)		(32,18,22,25,)		(32,18,4,17,23,2,8,26,)(32,18,4,27,)		(32,18,4,28,)		(32,31,20,29,)		(32,30,)		(32,31,)		(32,)		(32,18,22,33,)		(32,18,4,17,23,34,)		(32,18,4,17,23,35,)		|
|	(33,4,17,1,)		(33,16,2,)		(33,9,23,11,3,)		(33,4,)		(33,15,5,)		(33,9,23,35,6,)		(33,4,17,1,7,)		(33,16,2,8,)		(33,9,)		(33,16,10,)		(33,9,23,11,)		(33,16,12,)		(33,16,2,13,)		(33,9,23,14,)		(33,15,)		(33,16,)		(33,4,17,)		(33,9,23,34,18,)		(33,15,24,19,)		(33,16,2,20,)		(33,16,21,)		(33,16,21,22,)		(33,9,23,)		(33,15,24,)		(33,9,25,)		(33,16,2,8,26,)		(33,4,27,)		(33,4,28,)		(33,16,2,20,29,)	(33,15,5,30,)		(33,15,32,31,)		(33,15,32,)		(33,)		(33,9,23,34,)		(33,9,23,35,)		|
|	(34,10,1,)		(34,10,23,2,)		(34,10,23,11,3,)		(34,18,4,)		(34,10,1,14,5,)		(34,7,35,6,)		(34,7,)		(34,10,23,2,8,)		(34,10,33,9,)		(34,10,)		(34,10,23,11,)		(34,10,1,12,)		(34,18,13,)		(34,10,1,14,)		(34,10,33,15,)		(34,10,33,16,)		(34,18,4,17,)		(34,18,)		(34,10,23,2,20,19,)	(34,10,23,2,20,)		(34,10,23,2,8,21,)		(34,18,22,)		(34,10,23,)		(34,10,33,15,24,)		(34,18,22,25,)		(34,10,23,2,8,26,)		(34,18,4,27,)		(34,18,4,28,)	(34,10,23,2,20,29,)		(34,10,30,)		(34,10,23,2,20,31,)		(34,18,4,27,32,)		(34,10,33,)		(34,)		(34,7,35,)		|
|	(35,6,23,2,1,)		(35,6,23,2,)		(35,6,11,3,)		(35,6,11,3,7,4,)		(35,6,11,14,5,)		(35,6,)		(35,6,11,3,7,)		(35,6,23,2,8,)		(35,6,11,3,33,9,)		(35,6,23,34,10,)		(35,6,11,)		(35,6,23,2,1,12,)		(35,6,23,2,13,)		(35,6,11,14,)		(35,6,11,3,33,15,)		(35,6,11,3,33,16,)		(35,6,11,3,7,4,17,)		(35,6,23,34,18,)		(35,6,23,2,20,19,)		(35,6,23,2,20,)		(35,6,23,2,8,21,)		(35,6,23,34,18,22,)		(35,6,23,)		(35,6,11,3,33,15,24,)		(35,6,11,14,25,)		(35,6,23,2,8,26,)		(35,6,11,3,7,4,27,)		(35,6,11,14,5,28,)		(35,6,23,2,20,29,)		(35,6,30,)		(35,6,23,2,20,31,)		(35,6,11,3,33,15,32,)		(35,6,11,3,33,)(35,6,23,34,)		(35,)		|
Hop Count Matrix :
|0	5	5	2	2	3	1	6	4	6	4	1	6	1	4	4	3	6	6	6	5	7	4	5	2	7	3	3	7	35	4	3	5	2		|
|1	0	4	3	3	3	2	1	3	1	3	2	1	2	3	3	2	4	2	1	2	3	2	4	3	2	4	3	2	22	4	2	3	2		|
|4	3	0	2	3	3	1	4	2	3	4	3	4	5	2	2	3	6	4	4	3	4	4	3	3	5	3	3	5	44	3	1	5	2		|
|2	3	4	0	3	4	3	4	5	4	3	3	4	3	5	5	1	4	5	4	5	5	2	6	4	5	1	1	5	43	2	4	3	3		|
|4	3	3	2	0	4	4	4	2	3	2	3	4	3	2	2	3	4	4	4	3	4	2	3	3	5	3	1	5	14	3	1	3	3		|
|3	2	2	4	3	0	3	3	4	3	1	4	3	2	4	4	5	3	4	3	4	4	1	5	3	4	5	4	4	14	5	3	2	2		|
|3	4	4	1	4	2	0	5	6	5	3	4	5	4	6	6	2	5	6	5	6	6	3	7	5	6	2	2	6	34	3	5	4	1		|
|3	2	3	2	3	2	2	0	4	3	2	3	3	3	2	2	3	3	4	3	1	2	2	3	3	1	3	2	4	24	3	3	3	1		|
|3	2	3	2	2	3	3	3	0	3	2	4	3	2	4	4	3	3	4	3	4	4	1	5	1	4	1	3	4	34	2	3	2	2		|
|1	2	3	2	3	3	2	3	2	0	2	2	3	2	2	2	3	3	4	3	4	4	1	3	3	4	3	3	4	14	3	1	2	2		|
|5	4	1	3	2	4	2	5	3	4	0	4	5	1	3	3	4	7	5	5	4	5	5	4	2	6	4	3	6	35	4	2	6	3		|
|2	1	4	2	4	2	3	2	2	1	3	0	2	3	2	2	3	4	3	2	3	5	2	3	3	3	3	3	3	23	3	1	3	1		|
|1	3	4	3	2	4	2	4	4	4	3	2	0	1	4	4	1	4	5	4	5	5	2	5	2	5	4	3	5	35	5	3	3	3		|
|5	4	4	3	1	5	5	5	3	4	3	4	5	0	3	3	4	5	5	5	4	5	3	4	1	6	4	2	6	25	4	2	4	4		|
|4	4	2	2	1	3	3	5	3	3	3	4	3	2	0	3	3	2	2	2	4	3	3	1	4	6	3	2	3	22	1	2	4	2		|
|2	1	3	2	4	4	3	2	2	1	2	1	2	3	2	0	3	3	3	2	1	2	2	3	3	3	3	3	3	13	3	1	3	3		|
|1	2	3	4	2	3	2	3	4	3	2	2	3	2	4	4	0	3	4	3	4	4	1	5	3	4	5	3	4	34	6	3	2	2		|
|2	4	5	1	3	5	3	5	3	5	4	3	1	2	3	3	2	0	5	5	4	1	3	4	2	6	2	2	6	44	3	2	4	4		|
|7	6	3	5	4	6	4	7	5	6	2	6	7	3	5	5	6	9	0	7	6	7	7	6	4	8	6	5	8	17	6	4	8	5		|
|2	3	4	4	3	4	3	4	4	2	3	3	4	3	2	2	1	4	1	0	3	2	2	3	3	5	5	4	1	21	3	3	3	3		|
|3	2	4	1	2	4	4	3	3	2	3	2	3	3	1	1	2	2	3	3	0	1	2	2	2	4	2	2	4	33	2	2	3	3		|
|3	2	3	2	2	3	3	3	2	3	2	3	2	2	2	2	3	1	4	3	3	0	1	3	1	4	3	3	4	34	3	1	2	2		|
|2	1	2	3	1	2	2	2	3	2	1	3	2	1	3	3	4	2	3	2	3	3	0	4	2	3	4	2	3	23	5	2	1	1		|
|3	4	1	1	2	2	2	5	3	5	3	4	5	1	3	3	2	5	1	1	6	3	3	0	2	6	2	2	2	22	3	2	4	1		|
|2	4	4	1	1	2	2	5	3	2	3	3	1	2	1	2	2	2	2	2	1	3	3	1	0	6	2	2	3	21	3	2	1	1		|
|2	1	2	2	2	3	1	2	4	2	1	3	2	2	1	4	3	3	3	2	3	4	1	2	3	0	3	1	3	13	2	3	2	2		|
|3	4	5	1	4	5	4	5	6	5	4	4	5	4	6	6	2	2	6	5	6	3	3	7	5	6	0	2	6	22	1	5	4	4		|
|3	2	3	4	2	3	3	3	4	3	2	4	3	2	4	4	5	3	4	3	4	4	1	5	3	4	5	0	4	34	6	3	2	2		|
|3	2	4	3	2	4	4	3	3	2	3	2	3	3	1	1	4	2	3	3	2	1	2	2	2	4	4	4	0	33	2	2	3	3		|
|6	5	2	4	3	5	3	6	4	5	1	5	6	2	4	4	5	8	6	6	5	6	6	5	3	7	5	4	7	06	5	3	7	4		|
|2	3	4	3	4	4	3	4	3	1	3	3	4	3	3	3	2	4	2	1	5	3	2	4	4	5	4	4	2	20	4	2	3	3		|
|3	5	3	2	4	6	4	6	4	2	2	4	2	3	4	4	3	1	3	2	5	2	4	5	3	7	3	3	3	11	0	3	5	5		|
|3	2	4	1	2	4	4	3	1	2	3	2	3	3	1	1	2	4	3	3	2	3	2	2	2	4	2	2	4	33	2	0	3	3		|
|2	3	4	2	4	3	1	4	3	1	3	3	2	3	3	3	3	1	5	4	5	2	2	4	3	5	3	3	5	25	4	2	0	2		|
|4	3	3	5	4	1	4	4	5	4	2	5	4	3	5	5	6	4	5	4	5	5	2	6	4	5	6	5	5	25	6	4	3	0		|
Congestion Edge Matrix :
|0.00	-nan	-nan	-nan	-nan	-nan	8.30	-nan	-nan	-nan	-nan	5.54	-nan	5.65	-nan	-nan	-nan	-nan	-nan	-nan	-nan	-nan	-nan	-nan	-nan	-nan	-nan	-nan	-nan	-nan	-nan	-nan	-nan	-nan	-nan		|
|11.02	0.00	-nan	-nan	-nan	-nan	-nan	5.57	-nan	8.22	-nan	-nan	8.35	-nan	-nan	-nan	-nan	-nan	-nan	5.77	-nan	-nan	-nan	-nan	-nan	-nan	-nan	-nan	-nan	-nan	-nan	-nan	-nan	-nan	-nan		|
|-nan	-nan	0.00	-nan	-nan	-nan	5.68	-nan	-nan	-nan	-nan	-nan	-nan	-nan	-nan	-nan	-nan	-nan	-nan	-nan	-nan	-nan	-nan	-nan	-nan	-nan	-nan	-nan	-nan	-nan	-nan	-nan	8.40	-nan	-nan		|
|-nan	-nan	-nan	0.00	-nan	-nan	-nan	-nan	-nan	-nan	-nan	-nan	-nan	-nan	-nan	-nan	5.57	-nan	-nan	-nan	-nan	-nan	-nan	-nan	-nan	-nan	8.33	7.26	-nan	-nan	-nan	-nan	-nan	-nan	-nan		|
|-nan	-nan	-nan	-nan	0.00	-nan	-nan	-nan	-nan	-nan	-nan	-nan	-nan	-nan	-nan	-nan	-nan	-nan	-nan	-nan	-nan	-nan	-nan	-nan	-nan	-nan	-nan	11.11	-nan	5.65	-nan	-nan	8.16	-nan	-nan		|
|-nan	-nan	-nan	-nan	-nan	0.00	-nan	-nan	-nan	-nan	5.54	-nan	-nan	-nan	-nan	-nan	-nan	-nan	-nan	-nan	-nan	-nan	10.05	-nan	-nan	-nan	-nan	-nan	-nan	4.31	-nan	-nan	-nan	-nan	-nan		|
|-nan	-nan	-nan	5.41	-nan	-nan	0.00	-nan	-nan	-nan	-nan	-nan	-nan	-nan	-nan	-nan	-nan	-nan	-nan	-nan	-nan	-nan	-nan	-nan	-nan	-nan	-nan	-nan	-nan	-nan	-nan	-nan	-nan	-nan	5.51		|
|-nan	-nan	-nan	-nan	-nan	-nan	-nan	0.00	-nan	-nan	-nan	-nan	-nan	-nan	-nan	-nan	-nan	-nan	-nan	-nan	8.29	-nan	-nan	-nan	-nan	5.56	-nan	-nan	-nan	-nan	-nan	-nan	-nan	-nan	13.44		|
|-nan	-nan	-nan	-nan	-nan	-nan	-nan	-nan	0.00	-nan	-nan	-nan	-nan	-nan	-nan	-nan	-nan	-nan	-nan	-nan	-nan	-nan	5.56	-nan	5.35	-nan	7.50	-nan	-nan	-nan	-nan	-nan	-nan	-nan	-nan		|
|11.10	-nan	-nan	-nan	-nan	-nan	-nan	-nan	-nan	0.00	-nan	-nan	-nan	-nan	-nan	-nan	-nan	-nan	-nan	-nan	-nan	-nan	7.96	-nan	-nan	-nan	-nan	-nan	-nan	13.11	-nan	-nan	22.02	-nan	-nan		|
|-nan	-nan	8.40	-nan	-nan	-nan	-nan	-nan	-nan	-nan	0.00	-nan	-nan	8.33	-nan	-nan	-nan	-nan	-nan	-nan	-nan	-nan	-nan	-nan	-nan	-nan	-nan	-nan	-nan	-nan	-nan	-nan	-nan	-nan	-nan		|
|-nan	246.86	-nan	-nan	-nan	-nan	-nan	-nan	-nan	248.38	-nan	0.00	-nan	-nan	-nan	-nan	-nan	-nan	-nan	-nan	-nan	-nan	-nan	-nan	-nan	-nan	-nan	-nan	-nan	-nan	-nan	-nan	251.69	-nan	148.44		|
|8.26	-nan	-nan	-nan	-nan	-nan	-nan	-nan	-nan	-nan	-nan	-nan	0.00	5.73	-nan	-nan	13.75	-nan	-nan	-nan	-nan	-nan	-nan	-nan	-nan	-nan	-nan	-nan	-nan	-nan	-nan	-nan	-nan	-nan	-nan		|
|-nan	-nan	-nan	-nan	5.68	-nan	-nan	-nan	-nan	-nan	-nan	-nan	-nan	0.00	-nan	-nan	-nan	-nan	-nan	-nan	-nan	-nan	-nan	-nan	13.86	-nan	-nan	-nan	-nan	-nan	-nan	-nan	-nan	-nan	-nan		|
|-nan	-nan	-nan	-nan	8.28	-nan	-nan	-nan	-nan	-nan	-nan	-nan	-nan	-nan	0.00	-nan	-nan	-nan	-nan	-nan	-nan	-nan	-nan	13.97	-nan	-nan	-nan	-nan	-nan	-nan	-nan	11.11	-nan	-nan	-nan		|
|-nan	11.12	-nan	-nan	-nan	-nan	-nan	-nan	-nan	10.99	-nan	6.10	-nan	-nan	-nan	0.00	-nan	-nan	-nan	-nan	13.91	-nan	-nan	-nan	-nan	-nan	-nan	-nan	-nan	13.40	-nan	-nan	10.84	-nan	-nan		|
|13.71	-nan	-nan	-nan	-nan	-nan	-nan	-nan	-nan	-nan	-nan	-nan	-nan	-nan	-nan	-nan	0.00	-nan	-nan	-nan	-nan	-nan	5.58	-nan	-nan	-nan	-nan	-nan	-nan	-nan	-nan	-nan	-nan	-nan	-nan		|
|-nan	-nan	-nan	8.31	-nan	-nan	-nan	-nan	-nan	-nan	-nan	-nan	11.96	-nan	-nan	-nan	-nan	0.00	-nan	-nan	-nan	10.30	-nan	-nan	-nan	-nan	-nan	-nan	-nan	-nan	-nan	-nan	-nan	-nan	-nan		|
|-nan	-nan	-nan	-nan	-nan	-nan	-nan	-nan	-nan	-nan	-nan	-nan	-nan	-nan	-nan	-nan	-nan	-nan	0.00	-nan	-nan	-nan	-nan	-nan	-nan	-nan	-nan	-nan	-nan	14.13	-nan	-nan	-nan	-nan	-nan		|
|-nan	-nan	-nan	-nan	-nan	-nan	-nan	-nan	-nan	-nan	-nan	-nan	-nan	-nan	-nan	-nan	8.27	-nan	11.61	0.00	-nan	-nan	-nan	-nan	-nan	-nan	-nan	-nan	11.36	-nan	13.98	-nan	-nan	-nan	-nan		|
|-nan	-nan	-nan	10.79	-nan	-nan	-nan	-nan	-nan	-nan	-nan	-nan	-nan	-nan	6.45	13.50	-nan	-nan	-nan	-nan	0.00	5.54	-nan	-nan	-nan	-nan	-nan	-nan	-nan	-nan	-nan	-nan	-nan	-nan	-nan		|
|-nan	-nan	-nan	-nan	-nan	-nan	-nan	-nan	-nan	-nan	-nan	-nan	-nan	-nan	-nan	-nan	-nan	10.78	-nan	-nan	-nan	0.00	11.08	-nan	8.19	-nan	-nan	-nan	-nan	-nan	-nan	-nan	5.58	-nan	-nan		|
|-nan	13.75	-nan	-nan	13.29	-nan	-nan	-nan	-nan	-nan	8.29	-nan	-nan	8.22	-nan	-nan	-nan	-nan	-nan	-nan	-nan	-nan	0.00	-nan	-nan	-nan	-nan	-nan	-nan	-nan	-nan	-nan	-nan	5.58	8.32		|
|-nan	-nan	7.88	5.49	-nan	-nan	-nan	-nan	-nan	-nan	-nan	-nan	-nan	4.39	-nan	-nan	-nan	-nan	4.52	7.32	-nan	-nan	-nan	0.00	-nan	-nan	-nan	-nan	-nan	-nan	-nan	-nan	-nan	-nan	5.34		|
|-nan	-nan	-nan	183.79	251.71	-nan	-nan	-nan	-nan	-nan	-nan	-nan	184.00	-nan	97.00	-nan	-nan	-nan	-nan	-nan	99.00	-nan	-nan	191.07	0.00	-nan	-nan	-nan	-nan	-nan	96.00	-nan	-nan	251.50	166.67		|
|-nan	11.11	-nan	-nan	-nan	-nan	10.86	-nan	-nan	-nan	10.92	-nan	-nan	-nan	4.00	-nan	-nan	-nan	-nan	-nan	-nan	-nan	13.52	-nan	-nan	0.00	-nan	13.41	-nan	7.72	-nan	-nan	-nan	-nan	-nan		|
|-nan	-nan	-nan	5.53	-nan	-nan	-nan	-nan	-nan	-nan	-nan	-nan	-nan	-nan	-nan	-nan	-nan	-nan	-nan	-nan	-nan	-nan	-nan	-nan	-nan	-nan	0.00	-nan	-nan	-nan	-nan	11.41	-nan	-nan	-nan		|
|-nan	-nan	-nan	-nan	-nan	-nan	-nan	-nan	-nan	-nan	-nan	-nan	-nan	-nan	-nan	-nan	-nan	-nan	-nan	-nan	-nan	-nan	8.28	-nan	-nan	-nan	-nan	0.00	-nan	-nan	-nan	-nan	-nan	-nan	-nan		|
|-nan	-nan	-nan	-nan	-nan	-nan	-nan	-nan	-nan	-nan	-nan	-nan	-nan	-nan	11.14	10.93	-nan	-nan	-nan	-nan	-nan	5.51	-nan	-nan	-nan	-nan	-nan	-nan	0.00	-nan	-nan	-nan	-nan	-nan	-nan		|
|-nan	-nan	-nan	-nan	-nan	-nan	-nan	-nan	-nan	-nan	11.29	-nan	-nan	-nan	-nan	-nan	-nan	-nan	-nan	-nan	-nan	-nan	-nan	-nan	-nan	-nan	-nan	-nan	-nan	0.00	-nan	-nan	-nan	-nan	-nan		|
|-nan	-nan	-nan	-nan	-nan	-nan	-nan	-nan	-nan	11.46	-nan	-nan	-nan	-nan	-nan	-nan	-nan	-nan	-nan	13.66	-nan	-nan	-nan	-nan	-nan	-nan	-nan	-nan	-nan	-nan	0.00	-nan	-nan	-nan	-nan		|
|-nan	-nan	-nan	-nan	-nan	-nan	-nan	-nan	-nan	-nan	-nan	-nan	-nan	-nan	-nan	-nan	-nan	11.07	-nan	-nan	-nan	-nan	-nan	-nan	-nan	-nan	-nan	-nan	-nan	7.70	13.79	0.00	-nan	-nan	-nan		|
|-nan	-nan	-nan	7.75	-nan	-nan	-nan	-nan	13.10	-nan	-nan	-nan	-nan	-nan	10.81	11.21	-nan	-nan	-nan	-nan	-nan	-nan	-nan	-nan	-nan	-nan	-nan	-nan	-nan	-nan	-nan	-nan	0.00	-nan	-nan		|
|-nan	-nan	-nan	-nan	-nan	-nan	11.52	-nan	-nan	8.36	-nan	-nan	-nan	-nan	-nan	-nan	-nan	5.56	-nan	-nan	-nan	-nan	-nan	-nan	-nan	-nan	-nan	-nan	-nan	-nan	-nan	-nan	-nan	0.00	-nan		|
|-nan	-nan	-nan	-nan	-nan	11.24	-nan	-nan	-nan	-nan	-nan	-nan	-nan	-nan	-nan	-nan	-nan	-nan	-nan	-nan	-nan	-nan	-nan	-nan	-nan	-nan	-nan	-nan	-nan	-nan	-nan	-nan	-nan	-nan	0.00		|

Predicted Path Delay Matrix :
|0	14	13	5	4	9	3	16	12	14	10	2	17	2	11	11	7	13	18	16	16	17	9	16	7	18	8	8	20	618	13	7	11	5		|
|4	0	11	9	7	11	7	2	12	3	8	6	3	5	8	8	5	10	6	2	5	7	6	13	10	4	12	9	6	87	12	7	8	7		|
|11	11	0	4	10	8	2	13	8	11	10	10	14	11	7	7	6	12	14	13	12	14	8	12	10	15	7	7	17	12	16	11	3	10	4		|
|7	9	10	0	9	11	10	11	17	9	7	9	12	7	16	16	2	8	15	11	14	12	4	21	12	13	3	3	15	11	13	8	12	6	7		|
|13	11	9	6	0	14	11	13	8	11	6	10	14	9	7	7	8	11	14	13	12	14	7	12	10	15	9	4	17	216	11	3	9	10		|
|13	9	5	9	7	0	7	11	13	9	2	15	12	5	12	12	11	8	15	11	14	12	4	17	10	13	12	11	15	416	16	8	6	7		|
|9	11	11	2	11	6	0	13	19	11	8	11	14	9	18	18	4	10	17	13	16	14	6	23	14	15	5	5	17	10	15	10	14	8	2		|
|10	6	9	7	9	9	6	0	12	9	6	9	9	9	6	6	9	9	12	8	3	5	7	11	8	2	10	7	12	613	10	7	9	5		|
|11	7	8	7	7	9	8	9	0	7	5	13	10	5	14	14	9	6	13	9	12	10	2	19	2	11	5	10	13	914	10	10	4	5		|
|4	8	9	7	8	10	7	10	9	0	6	6	11	6	8	8	9	7	14	10	13	11	3	13	11	12	10	10	14	515	12	4	5	6		|
|14	14	3	7	5	11	5	16	11	14	0	13	17	3	10	10	9	15	17	16	15	17	11	15	8	18	10	9	20	719	14	6	13	7		|
|94	96	99	95	98	99	97	98	97	90	96	0	99	96	96	96	97	97	102	98	101	101	93	101	99	100	98	98	102	95	103	100	92	95	95		|
|3	12	13	8	4	12	6	14	12	12	10	5	0	2	11	11	5	11	18	14	16	15	7	16	7	16	11	8	18	619	15	7	9	8		|
|15	13	11	8	2	16	13	15	10	13	8	12	16	0	9	9	10	13	16	15	14	16	9	14	5	17	11	6	19	418	13	5	11	12		|
|14	14	9	7	3	11	11	16	11	13	9	13	13	9	0	10	9	8	7	8	15	12	10	5	13	18	10	7	12	59	4	6	12	7		|
|8	4	12	7	11	14	11	6	9	4	9	3	7	9	8	0	9	11	10	6	5	7	7	13	10	8	10	10	10	511	12	4	9	10		|
|5	7	8	9	7	9	8	9	15	7	5	7	10	5	14	14	0	6	13	9	12	10	2	19	10	11	12	11	13	914	17	10	4	5		|
|8	12	13	3	9	14	11	14	11	12	10	10	5	7	10	10	5	0	17	14	15	4	7	15	7	16	6	6	18	11	16	11	6	9	10		|
|23	23	12	16	14	20	14	25	20	23	9	22	26	12	19	19	18	24	0	25	24	26	20	24	17	27	19	18	29	528	23	15	22	16		|
|8	10	11	11	10	12	11	12	13	9	8	10	13	8	8	8	3	9	4	0	13	6	5	13	9	14	14	14	4	95	12	8	7	8		|
|11	7	12	4	6	13	12	9	9	7	9	6	10	9	3	3	6	6	10	9	0	2	6	8	5	11	7	7	13	812	7	4	8	9		|
|12	9	10	5	9	11	10	11	7	9	7	9	9	7	6	6	7	4	13	11	11	0	4	11	3	13	8	8	15	11	15	10	2	6	7		|
|9	5	6	7	5	7	6	7	13	5	3	11	8	3	12	12	9	4	11	7	10	8	0	17	8	9	10	9	11	712	15	8	2	3		|
|9	11	4	2	6	6	6	13	12	11	8	11	14	4	11	11	4	10	2	3	16	9	6	0	9	15	5	5	7	78	10	7	8	2		|
|95	100	99	91	96	94	97	102	104	96	96	97	92	94	97	102	93	95	101	101	99	99	95	99	0	104	94	94	105	98	96	99	99	93	90		|
|8	4	7	6	7	10	4	6	15	7	4	10	7	7	4	12	8	9	10	6	9	11	5	9	12	0	9	5	10	411	8	10	7	6		|
|9	11	12	2	11	13	12	13	19	11	9	11	14	9	18	18	4	9	17	13	16	13	6	23	14	15	0	5	17	910	5	14	8	9		|
|12	8	9	10	8	10	9	10	16	8	6	14	11	6	15	15	12	7	14	10	13	11	3	20	11	12	13	0	14	10	15	18	11	5	6		|
|12	8	12	7	7	13	12	10	9	8	9	7	11	9	4	4	9	6	11	10	9	2	6	9	5	12	10	10	0	913	8	4	8	9		|
|18	18	7	11	9	15	9	20	15	18	4	17	21	7	14	14	13	19	21	20	19	21	15	19	12	22	14	13	24	023	18	10	17	11		|
|8	12	13	11	12	14	11	14	13	4	10	10	15	10	12	12	8	11	9	5	17	11	7	17	14	16	14	14	9	90	16	8	9	10		|
|12	16	11	7	13	18	13	18	15	9	8	14	9	11	14	14	9	4	14	10	19	8	11	19	11	20	10	10	14	45	0	10	13	14		|
|10	8	13	3	7	14	13	10	5	8	10	7	11	10	4	4	5	11	11	10	9	11	7	9	7	12	6	6	14	913	8	0	9	10		|
|7	11	12	5	11	10	4	13	12	3	9	9	7	9	11	11	7	2	17	13	16	6	6	16	9	15	8	8	17	818	13	7	0	6		|
|17	13	9	13	11	4	11	15	17	13	6	19	16	9	16	16	15	12	19	15	18	16	8	21	14	17	16	15	19	820	20	12	10	0		|

Final Congestion Actual Delay Matrix :
|0.00	38.61	36.67	13.71	11.33	25.06	8.30	44.18	32.59	38.81	28.27	5.54	46.96	5.65	30.30	30.70	19.28	36.01	48.79	44.38	44.61	46.30	24.86	44.27	19.51	49.74	22.04	20.97	55.74	16.97	47.25	33.46	19.49	30.44	13.82		|
|11.02	0.00	30.45	24.73	19.76	30.25	19.32	5.57	43.34	8.22	22.04	16.56	8.35	14.09	20.31	27.37	14.04	27.32	17.38	5.77	13.87	19.40	16.18	34.29	27.94	11.13	33.07	24.54	17.13	21.33	19.75	31.43	30.24	21.76	19.01		|
|30.37	30.72	0.00	11.08	27.49	22.43	5.68	36.30	21.50	30.60	27.97	25.71	39.08	30.46	19.21	19.61	16.65	33.38	37.70	36.49	33.52	39.06	22.23	33.18	26.85	41.85	19.42	18.34	47.85	33.13	44.11	30.32	8.40	27.82	11.19		|
|19.29	24.90	27.84	0.00	24.44	30.71	27.59	30.47	45.70	25.10	19.44	24.83	33.25	19.38	43.41	43.81	5.57	22.30	42.28	30.67	38.77	32.59	11.15	57.38	33.23	36.03	8.33	7.26	42.03	30.09	33.54	19.75	32.60	16.73	19.47		|
|35.20	30.48	25.34	15.91	0.00	38.95	31.01	36.06	21.26	30.36	16.94	25.47	38.84	25.27	18.97	19.37	21.48	30.53	37.46	36.25	33.28	38.82	19.39	32.94	26.61	41.61	24.25	11.11	47.61	5.65	43.87	30.08	8.16	24.97	27.71		|
|34.82	23.80	13.94	25.02	19.55	0.00	19.62	29.37	35.44	24.00	5.54	40.36	32.15	13.87	33.15	33.55	30.60	21.19	41.18	29.57	37.66	31.49	10.05	47.12	27.73	34.93	33.36	30.66	40.93	4.31	43.55	44.26	22.34	15.63	18.37		|
|24.69	30.31	30.70	5.41	29.85	16.75	0.00	35.88	51.10	30.50	22.29	30.23	38.66	24.78	48.81	49.22	10.98	27.70	47.69	36.08	44.17	38.00	16.56	62.79	38.64	41.43	13.74	12.66	47.44	21.06	38.94	25.15	38.01	22.14	5.51		|
|27.69	16.66	24.87	19.09	23.02	24.68	16.42	0.00	32.51	24.88	16.47	27.89	25.02	24.81	14.74	21.79	24.66	24.60	34.05	22.43	8.29	13.83	19.07	28.72	22.02	5.56	27.42	18.97	33.79	13.28	36.42	25.86	19.41	24.66	13.44		|
|30.33	19.31	22.25	13.03	18.85	25.12	22.67	24.88	0.00	19.51	13.85	35.87	27.66	13.79	37.82	38.22	18.60	16.71	36.69	25.08	33.18	27.00	5.56	51.79	5.35	30.44	7.50	20.28	36.44	24.50	39.06	18.91	27.01	11.14	13.88		|
|11.10	21.71	24.65	29.77	22.43	27.52	19.40	27.28	35.12	0.00	16.25	16.64	30.06	16.75	32.83	33.23	35.35	19.10	39.09	27.48	35.57	29.40	7.96	46.80	30.61	32.84	38.11	37.03	38.84	13.11	41.46	43.94	22.02	13.54	16.28		|
|38.77	39.13	8.40	19.48	14.01	30.83	14.08	44.70	29.90	39.00	0.00	34.11	47.48	8.33	27.61	28.01	25.06	41.78	46.10	44.90	41.92	47.46	30.64	41.58	22.19	50.26	27.82	25.12	56.26	19.66	52.51	38.72	16.80	36.22	19.59		|
|259.48	246.86	273.03	259.44	270.81	159.68	267.79	252.43	264.78	248.38	264.63	0.00	255.21	265.14	262.49	262.89	265.01	267.49	264.24	252.63	260.72	277.79	256.34	276.47	270.14	257.99	267.77	266.69	263.99261.49	266.61	273.61	251.69	261.93	148.44		|
|8.26	33.08	36.02	21.97	11.41	33.31	16.56	38.65	32.67	33.28	27.62	13.80	0.00	5.73	30.37	30.78	13.75	30.48	50.46	38.85	44.69	40.78	19.33	44.35	19.59	44.21	30.30	22.52	50.21	17.05	52.84	41.49	19.57	24.92	22.07		|
|40.88	36.16	31.02	21.59	5.68	44.62	36.69	41.73	26.93	36.03	22.61	31.15	44.52	0.00	24.64	25.05	27.16	36.21	43.13	41.93	38.96	44.49	25.07	38.62	13.86	47.29	29.92	16.79	53.29	11.32	49.55	35.76	13.84	30.65	33.38		|
|38.75	38.76	21.85	19.47	8.28	30.56	27.53	44.34	29.54	36.36	25.22	33.75	34.14	18.36	0.00	27.65	25.04	22.18	18.49	21.29	41.56	32.48	27.67	13.97	34.89	49.89	27.80	19.39	32.65	13.93	24.90	11.11	16.44	33.25	19.32		|
|22.14	11.12	33.09	18.60	30.88	38.50	30.44	16.69	23.94	10.99	24.69	6.10	19.47	25.20	20.36	0.00	25.16	30.22	28.50	16.89	13.91	19.45	18.95	34.33	27.64	22.24	26.93	25.85	28.25	13.40	30.87	31.47	10.84	24.53	27.26		|
|13.71	19.33	22.27	25.03	18.87	25.14	22.02	24.90	40.13	19.53	13.87	19.26	27.68	13.80	37.84	38.24	0.00	16.72	36.71	25.10	33.19	27.02	5.58	51.81	27.66	30.46	33.37	29.98	36.46	24.51	39.08	44.78	27.03	11.16	13.90		|
|20.21	33.21	36.15	8.31	23.37	39.02	28.52	38.78	28.98	33.41	27.75	25.76	11.96	17.69	26.68	27.09	13.88	0.00	45.17	38.98	41.00	10.30	19.46	40.66	18.49	44.34	16.64	15.57	50.34	29.01	41.85	28.06	15.88	25.04	27.78		|
|64.19	64.54	33.82	44.90	39.43	56.25	39.49	70.12	55.32	64.42	25.42	59.53	72.90	33.75	53.03	53.43	50.47	67.20	0.00	70.31	67.34	72.87	56.05	67.00	47.61	75.67	53.24	50.54	81.67	14.13	77.93	64.14	42.22	61.64	45.01		|
|21.99	27.60	30.54	30.20	27.14	33.41	30.29	33.17	35.55	25.44	22.14	27.53	35.96	22.08	22.50	22.29	8.27	25.00	11.61	0.00	36.20	16.87	13.85	36.47	25.06	38.73	38.54	38.25	11.36	25.74	13.98	33.61	22.45	19.44	22.17		|
|35.64	24.62	33.31	10.79	14.73	36.17	33.72	30.19	24.21	24.49	24.90	19.60	32.97	24.84	6.45	13.50	16.36	16.31	24.94	30.39	0.00	5.54	16.62	20.42	13.73	35.74	19.13	18.05	41.75	20.37	31.35	17.56	11.12	22.20	24.93		|
|30.99	24.83	27.77	13.33	24.37	30.64	28.19	30.40	18.68	25.03	19.37	22.89	22.73	19.31	16.39	16.79	18.90	10.78	34.88	30.60	30.70	0.00	11.08	30.36	8.19	35.96	21.67	20.59	41.96	30.02	41.29	27.50	5.58	16.66	19.40		|
|24.77	13.75	16.69	19.45	13.29	19.56	17.11	19.32	34.55	13.95	8.29	30.31	22.10	8.22	32.26	32.66	25.03	11.14	31.13	19.52	27.61	21.44	0.00	46.23	22.08	24.88	27.79	24.40	30.88	18.93	33.50	39.20	21.45	5.58	8.32		|
|24.78	30.39	7.88	5.49	10.06	16.58	13.55	35.97	29.38	30.59	22.12	30.32	38.75	4.39	29.81	29.61	11.07	27.79	4.52	7.32	44.26	24.19	16.65	0.00	18.24	41.52	13.83	12.75	18.68	18.64	21.30	25.24	16.28	22.23	5.34		|
|192.26	208.69	191.85	183.79	251.71	177.91	263.02	214.26	272.97	259.86	183.45	197.80	184.00	189.73	0.00	112.50	189.36	257.06	195.59	109.66	0.00	267.36	194.94	191.07	0.00	219.82	192.13	191.05	121.02257.36	0.00	203.54	259.87	251.50	166.67		|
|22.13	11.11	19.32	16.27	12.28	27.61	10.86	16.68	40.82	19.33	10.92	27.67	19.46	19.25	0.00	38.47	21.84	24.66	28.49	16.88	24.97	30.51	13.52	17.97	33.11	0.00	24.60	13.41	28.24	7.72	30.86	15.11	27.72	19.10	16.37		|
|24.81	30.43	33.37	5.53	29.97	36.24	33.12	36.00	51.23	30.63	24.97	30.36	38.78	24.90	48.94	49.34	11.10	22.48	47.81	36.20	44.29	32.78	16.68	62.91	38.76	41.56	0.00	12.78	47.56	19.11	25.20	11.41	38.13	22.26	25.00		|
|33.05	22.03	24.97	27.73	21.57	27.84	25.39	27.60	42.83	22.22	16.57	38.59	30.38	16.50	40.53	40.94	33.30	19.42	39.41	27.80	35.89	29.72	8.28	54.51	30.36	33.16	36.07	0.00	39.16	27.21	41.78	47.48	29.73	13.86	16.60		|
|33.07	22.05	33.28	18.84	19.42	36.15	33.70	27.62	24.19	21.92	24.88	17.03	30.40	24.82	11.14	10.93	24.42	16.29	29.63	27.82	24.84	5.51	16.59	25.11	13.70	33.18	27.18	26.10	0.00	25.06	36.04	22.25	11.09	22.18	24.91		|
|50.06	50.42	19.69	30.78	25.30	42.12	25.37	55.99	41.19	50.29	11.29	45.40	58.77	19.62	38.90	39.30	36.35	53.07	57.39	56.19	53.21	58.75	41.93	52.87	33.48	61.55	39.11	36.41	67.55	0.00	63.80	50.01	28.09	47.51	30.88		|
|22.56	33.17	36.11	41.23	33.89	38.98	30.86	38.74	46.58	11.46	27.71	28.10	41.52	28.21	44.29	44.69	21.93	30.56	25.27	13.66	47.03	30.53	19.42	58.26	38.72	44.30	49.57	48.49	25.02	24.57	0.00	55.40	33.48	25.00	27.74		|
|31.28	44.28	27.39	19.38	34.43	50.09	33.07	49.85	40.04	25.25	18.99	36.82	23.02	28.76	37.75	38.15	24.95	11.07	39.06	27.45	52.07	21.36	30.53	51.73	29.55	55.40	27.71	26.63	38.81	7.70	13.79	0.00	26.95	36.11	38.85		|
|27.04	22.32	35.35	7.75	19.09	38.22	35.34	27.90	13.10	22.20	26.95	17.31	30.68	26.88	10.81	11.21	13.32	29.80	29.30	28.09	25.12	30.66	18.66	24.78	18.45	33.45	16.09	15.01	39.45	24.73	35.71	21.92	0.00	24.24	26.98		|
|19.46	30.07	33.01	13.87	30.79	28.28	11.52	35.64	43.48	8.36	24.61	25.01	17.52	25.12	41.19	41.59	19.44	5.56	47.45	35.84	43.94	15.86	16.32	55.17	24.05	41.20	22.21	21.13	47.20	21.47	49.82	33.62	30.38	0.00	17.04		|
|46.06	35.04	25.18	36.26	30.79	11.24	30.86	40.61	46.68	35.24	16.78	51.60	43.39	25.11	44.39	44.79	41.84	32.43	52.42	40.81	48.90	42.73	21.29	58.36	38.97	46.17	44.60	41.90	52.17	15.55	54.79	55.50	33.58	26.87	0.00		|
*****************Final Output :*****************

Shorest Path between source 33 and destination 23 is: 7.


Shorest Path between source 33 and destination 23 is: 18.66.

Hop Count for source 33 and destination 23 is: 2.

Total Running Time of the Algorithm in Seconds is 0.0113710


Total no.of Key-Basic Operations are : 52345

*********************************************
****************************************************

GivenExampleStrategy

Size of Given input Graph is : 35
Path Matrix :
|	(1,)		(1,7,4,17,23,2,)		(1,14,5,30,11,3,)		(1,7,4,)		(1,14,5,)		(1,7,35,6,)		(1,7,)		(1,7,4,17,23,2,8,)		(1,14,5,33,9,)		(1,7,4,17,23,34,10,)		(1,14,5,30,11,)		(1,12,)		(1,7,4,17,23,2,13,)		(1,14,)		(1,14,5,33,15,)		(1,14,5,33,16,)		(1,7,4,17,)		(1,7,4,17,23,34,18,)		(1,14,5,33,15,24,19,)		(1,7,4,17,23,2,20,)		(1,14,5,33,16,21,)		(1,7,4,17,23,34,18,22,)		(1,7,4,17,23,)		(1,14,5,33,15,24,)		(1,14,25,)		(1,7,4,17,23,2,8,26,)		(1,7,4,27,)		(1,7,4,28,)		(1,7,4,17,23,2,20,29,)		(1,14,5,30,)		(1,7,4,27,32,31,)		(1,7,4,27,32,)		(1,14,5,33,)		(1,7,4,17,23,34,)		(1,7,35,)	|
|	(2,1,)		(2,)		(2,8,26,11,3,)		(2,1,7,4,)		(2,13,14,5,)		(2,8,35,6,)		(2,1,7,)		(2,8,)		(2,10,33,9,)		(2,10,)		(2,8,26,11,)	(2,1,12,)		(2,13,)		(2,13,14,)		(2,8,21,15,)		(2,8,21,16,)		(2,20,17,)		(2,10,23,34,18,)		(2,20,19,)		(2,20,)		(2,8,21,)		(2,8,21,22,)		(2,10,23,)		(2,8,21,15,24,)		(2,13,14,25,)		(2,8,26,)		(2,1,7,4,27,)		(2,8,26,28,)		(2,20,29,)		(2,10,30,)		(2,20,31,)	(2,8,21,15,32,)		(2,10,33,)		(2,10,23,34,)		(2,8,35,)		|
|	(3,7,4,17,1,)		(3,33,16,2,)		(3,)		(3,7,4,)		(3,33,15,5,)		(3,7,35,6,)		(3,7,)		(3,33,16,2,8,)		(3,33,9,)		(3,33,16,10,)		(3,7,35,6,11,)		(3,33,16,12,)		(3,33,16,2,13,)		(3,7,4,17,23,14,)		(3,33,15,)		(3,33,16,)		(3,7,4,17,)		(3,7,4,17,23,34,18,)		(3,33,15,24,19,)	(3,33,16,2,20,)		(3,33,16,21,)		(3,33,16,21,22,)		(3,7,4,17,23,)		(3,33,15,24,)		(3,33,9,25,)		(3,33,16,2,8,26,)		(3,7,4,27,)		(3,7,4,28,)		(3,33,16,2,20,29,)		(3,33,15,5,30,)		(3,33,15,32,31,)		(3,33,15,32,)		(3,33,)		(3,7,4,17,23,34,)		(3,7,35,)		|
|	(4,17,1,)		(4,17,23,2,)		(4,17,23,11,3,)		(4,)		(4,17,23,5,)		(4,17,23,35,6,)		(4,17,1,7,)		(4,17,23,2,8,)		(4,17,23,5,33,9,)		(4,17,23,34,10,)		(4,17,23,11,)		(4,17,1,12,)		(4,17,23,2,13,)		(4,17,23,14,)		(4,17,23,5,33,15,)		(4,17,23,5,33,16,)		(4,17,)		(4,17,23,34,18,)		(4,17,23,2,20,19,)		(4,17,23,2,20,)		(4,17,23,2,8,21,)		(4,17,23,34,18,22,)		(4,17,23,)		(4,17,23,5,33,15,24,)		(4,17,23,14,25,)		(4,17,23,2,8,26,)	(4,27,)		(4,28,)		(4,17,23,2,20,29,)		(4,17,23,5,30,)		(4,27,32,31,)		(4,27,32,)		(4,17,23,5,33,)		(4,17,23,34,)		(4,17,23,35,)		|
|	(5,33,4,17,1,)		(5,33,16,2,)		(5,30,11,3,)		(5,33,4,)		(5,)		(5,28,23,35,6,)		(5,30,11,3,7,)		(5,33,16,2,8,)		(5,33,9,)		(5,33,16,10,)	(5,30,11,)		(5,33,16,12,)		(5,33,16,2,13,)		(5,30,11,14,)		(5,33,15,)		(5,33,16,)		(5,33,4,17,)		(5,28,23,34,18,)		(5,33,15,24,19,)		(5,33,16,2,20,)		(5,33,16,21,)		(5,33,16,21,22,)		(5,28,23,)		(5,33,15,24,)		(5,33,9,25,)		(5,33,16,2,8,26,)		(5,33,4,27,)		(5,28,)		(5,33,16,2,20,29,)		(5,30,)		(5,33,15,32,31,)		(5,33,15,32,)		(5,33,)		(5,28,23,34,)		(5,28,23,35,)		|
|	(6,23,2,1,)		(6,23,2,)		(6,11,3,)		(6,11,3,7,4,)		(6,11,14,5,)		(6,)		(6,11,3,7,)		(6,23,2,8,)		(6,11,3,33,9,)		(6,23,34,10,)	(6,11,)		(6,23,2,1,12,)		(6,23,2,13,)		(6,11,14,)		(6,11,3,33,15,)		(6,11,3,33,16,)		(6,11,3,7,4,17,)		(6,23,34,18,)		(6,23,2,20,19,)		(6,23,2,20,)	(6,23,2,8,21,)		(6,23,34,18,22,)		(6,23,)		(6,11,3,33,15,24,)		(6,11,14,25,)		(6,23,2,8,26,)		(6,11,3,7,4,27,)		(6,11,14,5,28,)		(6,23,2,20,29,)		(6,30,)		(6,23,2,20,31,)		(6,11,3,33,15,32,)		(6,11,3,33,)		(6,23,34,)		(6,23,35,)		|
|	(7,4,17,1,)		(7,4,17,23,2,)		(7,35,6,11,3,)		(7,4,)		(7,4,17,23,5,)		(7,35,6,)		(7,)		(7,4,17,23,2,8,)		(7,4,17,23,5,33,9,)		(7,4,17,23,34,10,)		(7,35,6,11,)		(7,4,17,1,12,)		(7,4,17,23,2,13,)		(7,4,17,23,14,)		(7,4,17,23,5,33,15,)		(7,4,17,23,5,33,16,)		(7,4,17,)		(7,4,17,23,34,18,)		(7,4,17,23,2,20,19,)		(7,4,17,23,2,20,)		(7,4,17,23,2,8,21,)		(7,4,17,23,34,18,22,)		(7,4,17,23,)		(7,4,17,23,5,33,15,24,)		(7,4,17,23,14,25,)		(7,4,17,23,2,8,26,)		(7,4,27,)		(7,4,28,)		(7,4,17,23,2,20,29,)		(7,35,6,30,)		(7,4,27,32,31,)		(7,4,27,32,)		(7,4,17,23,5,33,)		(7,4,17,23,34,)(7,35,)		|
|	(8,26,2,1,)		(8,26,2,)		(8,26,11,3,)		(8,21,4,)		(8,21,15,5,)		(8,35,6,)		(8,26,7,)		(8,)		(8,21,22,33,9,)		(8,26,2,10,)	(8,26,11,)		(8,21,16,12,)		(8,26,2,13,)		(8,26,11,14,)		(8,21,15,)		(8,21,16,)		(8,21,4,17,)		(8,21,22,18,)		(8,26,2,20,19,)		(8,26,2,20,)	(8,21,)		(8,21,22,)		(8,26,23,)		(8,21,15,24,)		(8,21,22,25,)		(8,26,)		(8,21,4,27,)		(8,26,28,)		(8,26,2,20,29,)		(8,26,30,)		(8,26,2,20,31,)		(8,21,15,32,)		(8,21,22,33,)		(8,26,23,34,)		(8,35,)		|
|	(9,23,2,1,)		(9,23,2,)		(9,23,11,3,)		(9,27,4,)		(9,23,5,)		(9,23,35,6,)		(9,23,34,7,)		(9,23,2,8,)		(9,)		(9,23,34,10,)	(9,23,11,)		(9,23,2,1,12,)		(9,23,2,13,)		(9,23,14,)		(9,23,5,33,15,)		(9,23,5,33,16,)		(9,27,4,17,)		(9,23,34,18,)		(9,23,2,20,19,)		(9,23,2,20,)	(9,23,2,8,21,)		(9,23,34,18,22,)		(9,23,)		(9,23,5,33,15,24,)		(9,25,)		(9,23,2,8,26,)		(9,27,)		(9,27,4,28,)		(9,23,2,20,29,)		(9,23,5,30,)		(9,23,2,20,31,)		(9,27,32,)		(9,23,5,33,)		(9,23,34,)		(9,23,35,)		|
|	(10,1,)		(10,23,2,)		(10,23,11,3,)		(10,33,4,)		(10,1,14,5,)		(10,23,35,6,)		(10,1,7,)		(10,23,2,8,)		(10,33,9,)		(10,)		(10,23,11,)		(10,1,12,)		(10,23,2,13,)		(10,1,14,)		(10,33,15,)		(10,33,16,)		(10,33,4,17,)		(10,23,34,18,)		(10,23,2,20,19,)		(10,23,2,20,)		(10,23,2,8,21,)		(10,23,34,18,22,)		(10,23,)		(10,33,15,24,)		(10,1,14,25,)		(10,23,2,8,26,)		(10,33,4,27,)		(10,33,4,28,)		(10,23,2,20,29,)		(10,30,)		(10,23,2,20,31,)		(10,33,15,32,)		(10,33,)		(10,23,34,)		(10,23,35,)		|
|	(11,3,7,4,17,1,)		(11,3,33,16,2,)		(11,3,)		(11,3,7,4,)		(11,14,5,)		(11,3,7,35,6,)		(11,3,7,)		(11,3,33,16,2,8,)		(11,3,33,9,)		(11,3,33,16,10,)		(11,)		(11,3,33,16,12,)		(11,3,33,16,2,13,)		(11,14,)		(11,3,33,15,)		(11,3,33,16,)		(11,3,7,4,17,)		(11,3,7,4,17,23,34,18,)		(11,3,33,15,24,19,)		(11,3,33,16,2,20,)		(11,3,33,16,21,)		(11,3,33,16,21,22,)		(11,3,7,4,17,23,)		(11,3,33,15,24,)		(11,14,25,)		(11,3,33,16,2,8,26,)		(11,3,7,4,27,)		(11,14,5,28,)		(11,3,33,16,2,20,29,)		(11,14,5,30,)		(11,3,33,15,32,31,)		(11,3,33,15,32,)		(11,3,33,)		(11,3,7,4,17,23,34,)	(11,3,7,35,)		|
|	(12,10,1,)		(12,2,)		(12,10,23,11,3,)		(12,33,4,)		(12,10,1,14,5,)		(12,35,6,)		(12,10,1,7,)		(12,2,8,)		(12,33,9,)		(12,10,)		(12,10,23,11,)		(12,)		(12,2,13,)		(12,10,1,14,)		(12,33,15,)		(12,33,16,)		(12,33,4,17,)		(12,10,23,34,18,)		(12,2,20,19,)		(12,2,20,)		(12,2,8,21,)		(12,10,23,34,18,22,)		(12,10,23,)		(12,33,15,24,)		(12,33,9,25,)		(12,2,8,26,)		(12,33,4,27,)		(12,33,4,28,)		(12,2,20,29,)		(12,10,30,)		(12,2,20,31,)		(12,33,15,32,)		(12,33,)		(12,10,23,34,)		(12,35,)		|
|	(13,1,)		(13,17,23,2,)		(13,17,23,11,3,)		(13,1,7,4,)		(13,14,5,)		(13,1,7,35,6,)		(13,1,7,)		(13,17,23,2,8,)		(13,14,5,33,9,)		(13,17,23,34,10,)		(13,17,23,11,)		(13,1,12,)		(13,)		(13,14,)		(13,14,5,33,15,)		(13,14,5,33,16,)		(13,17,)		(13,17,23,34,18,)		(13,17,23,2,20,19,)		(13,17,23,2,20,)		(13,14,5,33,16,21,)		(13,17,23,34,18,22,)		(13,17,23,)		(13,14,5,33,15,24,)		(13,14,25,)		(13,17,23,2,8,26,)	(13,1,7,4,27,)		(13,14,5,28,)		(13,17,23,2,20,29,)		(13,14,5,30,)		(13,17,23,2,20,31,)		(13,14,5,33,15,32,)		(13,14,5,33,)		(13,17,23,34,)		(13,1,7,35,)	|
|	(14,5,33,4,17,1,)		(14,5,33,16,2,)		(14,5,30,11,3,)		(14,5,33,4,)		(14,5,)		(14,5,28,23,35,6,)		(14,5,30,11,3,7,)		(14,5,33,16,2,8,)		(14,5,33,9,)		(14,5,33,16,10,)		(14,5,30,11,)		(14,5,33,16,12,)		(14,5,33,16,2,13,)		(14,)		(14,5,33,15,)		(14,5,33,16,)		(14,5,33,4,17,)		(14,5,28,23,34,18,)		(14,5,33,15,24,19,)		(14,5,33,16,2,20,)		(14,5,33,16,21,)		(14,5,33,16,21,22,)		(14,5,28,23,)		(14,5,33,15,24,)		(14,25,)		(14,5,33,16,2,8,26,)		(14,5,33,4,27,)		(14,5,28,)		(14,5,33,16,2,20,29,)		(14,5,30,)		(14,5,33,15,32,31,)		(14,5,33,15,32,)		(14,5,33,)		(14,5,28,23,34,)		(14,5,28,23,35,)		|
|	(15,24,4,17,1,)		(15,5,33,16,2,)		(15,24,3,)		(15,24,4,)		(15,5,)		(15,24,35,6,)		(15,24,3,7,)		(15,5,33,16,2,8,)		(15,5,33,9,)		(15,32,31,10,)		(15,5,30,11,)		(15,5,33,16,12,)		(15,32,18,13,)		(15,24,14,)		(15,)		(15,5,33,16,)		(15,24,4,17,)		(15,32,18,)		(15,24,19,)		(15,24,20,)		(15,5,33,16,21,)		(15,32,18,22,)		(15,5,28,23,)		(15,24,)		(15,5,33,9,25,)		(15,5,33,16,2,8,26,)		(15,24,4,27,)		(15,5,28,)		(15,24,20,29,)		(15,5,30,)		(15,32,31,)		(15,32,)		(15,5,33,)		(15,5,28,23,34,)		(15,24,35,)		|
|	(16,2,1,)		(16,2,)		(16,30,11,3,)		(16,33,4,)		(16,2,13,14,5,)		(16,10,23,35,6,)		(16,2,1,7,)		(16,2,8,)		(16,33,9,)		(16,10,)		(16,30,11,)		(16,12,)		(16,2,13,)		(16,2,13,14,)		(16,21,15,)		(16,)		(16,2,20,17,)		(16,21,22,18,)		(16,2,20,19,)		(16,2,20,)		(16,21,)		(16,21,22,)		(16,10,23,)		(16,21,15,24,)		(16,21,22,25,)		(16,2,8,26,)		(16,33,4,27,)		(16,33,4,28,)		(16,2,20,29,)		(16,30,)		(16,2,20,31,)		(16,21,15,32,)		(16,33,)		(16,10,23,34,)		(16,10,23,35,)		|
|	(17,1,)		(17,23,2,)		(17,23,11,3,)		(17,23,34,18,4,)		(17,23,5,)		(17,23,35,6,)		(17,1,7,)		(17,23,2,8,)		(17,23,5,33,9,)		(17,23,34,10,)		(17,23,11,)		(17,1,12,)		(17,23,2,13,)		(17,23,14,)		(17,23,5,33,15,)		(17,23,5,33,16,)		(17,)		(17,23,34,18,)		(17,23,2,20,19,)		(17,23,2,20,)		(17,23,2,8,21,)		(17,23,34,18,22,)		(17,23,)		(17,23,5,33,15,24,)		(17,23,14,25,)		(17,23,2,8,26,)		(17,23,34,18,4,27,)		(17,23,5,28,)		(17,23,2,20,29,)		(17,23,5,30,)		(17,23,2,20,31,)		(17,23,34,18,4,27,32,)		(17,23,5,33,)		(17,23,34,)		(17,23,35,)		|
|	(18,13,1,)		(18,4,17,23,2,)		(18,4,17,23,11,3,)		(18,4,)		(18,13,14,5,)		(18,4,17,23,35,6,)		(18,13,1,7,)		(18,4,17,23,2,8,)		(18,22,33,9,)	(18,4,17,23,34,10,)		(18,4,17,23,11,)		(18,13,1,12,)		(18,13,)		(18,13,14,)		(18,22,33,15,)		(18,22,33,16,)		(18,4,17,)		(18,)		(18,22,33,15,24,19,)		(18,4,17,23,2,20,)		(18,22,33,16,21,)		(18,22,)		(18,4,17,23,)		(18,22,33,15,24,)		(18,22,25,)		(18,4,17,23,2,8,26,)		(18,4,27,)		(18,4,28,)		(18,4,17,23,2,20,29,)		(18,13,14,5,30,)		(18,4,27,32,31,)		(18,4,27,32,)		(18,22,33,)		(18,4,17,23,34,)		(18,4,17,23,35,)		|
|	(19,30,11,3,7,4,17,1,)		(19,30,11,3,33,16,2,)		(19,30,11,3,)		(19,30,11,3,7,4,)		(19,30,11,14,5,)		(19,30,11,3,7,35,6,)		(19,30,11,3,7,)		(19,30,11,3,33,16,2,8,)		(19,30,11,3,33,9,)		(19,30,11,3,33,16,10,)		(19,30,11,)		(19,30,11,3,33,16,12,)		(19,30,11,3,33,16,2,13,)		(19,30,11,14,)		(19,30,11,3,33,15,)	(19,30,11,3,33,16,)		(19,30,11,3,7,4,17,)		(19,30,11,3,7,4,17,23,34,18,)		(19,)		(19,30,11,3,33,16,2,20,)		(19,30,11,3,33,16,21,)		(19,30,11,3,33,16,21,22,)		(19,30,11,3,7,4,17,23,)		(19,30,11,3,33,15,24,)		(19,30,11,14,25,)		(19,30,11,3,33,16,2,8,26,)		(19,30,11,3,7,4,27,)		(19,30,11,14,5,28,)		(19,30,11,3,33,16,2,20,29,)	(19,30,)		(19,30,11,3,33,15,32,31,)		(19,30,11,3,33,15,32,)		(19,30,11,3,33,)		(19,30,11,3,7,4,17,23,34,)		(19,30,11,3,7,35,)		|
|	(20,17,1,)		(20,17,23,2,)		(20,17,23,11,3,)		(20,29,22,33,4,)		(20,17,23,5,)		(20,17,23,35,6,)		(20,17,1,7,)		(20,17,23,2,8,)		(20,29,22,33,9,)		(20,31,10,)		(20,17,23,11,)		(20,17,1,12,)		(20,17,23,2,13,)		(20,17,23,14,)		(20,29,15,)		(20,29,16,)		(20,17,)		(20,17,23,34,18,)		(20,19,)		(20,)		(20,29,16,21,)		(20,29,22,)		(20,17,23,)		(20,29,15,24,)		(20,29,22,25,)		(20,17,23,2,8,26,)		(20,29,22,33,4,27,)		(20,17,23,5,28,)		(20,29,)		(20,19,30,)		(20,31,)		(20,29,15,32,)		(20,29,22,33,)		(20,17,23,34,)		(20,17,23,35,)		|
|	(21,16,2,1,)		(21,16,2,)		(21,22,23,11,3,)		(21,4,)		(21,15,5,)		(21,22,23,35,6,)		(21,22,23,34,7,)		(21,16,2,8,)		(21,22,33,9,)	(21,16,10,)		(21,22,23,11,)		(21,16,12,)		(21,16,2,13,)		(21,22,23,14,)		(21,15,)		(21,16,)		(21,4,17,)		(21,22,18,)		(21,15,24,19,)(21,16,2,20,)		(21,)		(21,22,)		(21,22,23,)		(21,15,24,)		(21,22,25,)		(21,16,2,8,26,)		(21,4,27,)		(21,4,28,)		(21,16,2,20,29,)	(21,15,5,30,)		(21,15,32,31,)		(21,15,32,)		(21,22,33,)		(21,22,23,34,)		(21,22,23,35,)		|
|	(22,18,13,1,)		(22,23,2,)		(22,23,11,3,)		(22,33,4,)		(22,23,5,)		(22,23,35,6,)		(22,23,34,7,)		(22,23,2,8,)		(22,33,9,)		(22,23,34,10,)		(22,23,11,)		(22,33,16,12,)		(22,18,13,)		(22,23,14,)		(22,33,15,)		(22,33,16,)		(22,33,4,17,)		(22,18,)		(22,33,15,24,19,)	(22,23,2,20,)		(22,33,16,21,)		(22,)		(22,23,)		(22,33,15,24,)		(22,25,)		(22,23,2,8,26,)		(22,33,4,27,)		(22,33,4,28,)		(22,23,2,20,29,)	(22,23,5,30,)		(22,33,15,32,31,)		(22,33,15,32,)		(22,33,)		(22,23,34,)		(22,23,35,)		|
|	(23,2,1,)		(23,2,)		(23,11,3,)		(23,34,18,4,)		(23,5,)		(23,35,6,)		(23,34,7,)		(23,2,8,)		(23,5,33,9,)		(23,34,10,)		(23,11,)		(23,2,1,12,)		(23,2,13,)		(23,14,)		(23,5,33,15,)		(23,5,33,16,)		(23,34,18,4,17,)		(23,34,18,)		(23,2,20,19,)		(23,2,20,)	(23,2,8,21,)		(23,34,18,22,)		(23,)		(23,5,33,15,24,)		(23,14,25,)		(23,2,8,26,)		(23,34,18,4,27,)		(23,5,28,)		(23,2,20,29,)		(23,5,30,)		(23,2,20,31,)		(23,34,18,4,27,32,)		(23,5,33,)		(23,34,)		(23,35,)		|
|	(24,4,17,1,)		(24,4,17,23,2,)		(24,3,)		(24,4,)		(24,14,5,)		(24,35,6,)		(24,3,7,)		(24,4,17,23,2,8,)		(24,3,33,9,)		(24,4,17,23,34,10,)		(24,35,6,11,)		(24,4,17,1,12,)		(24,4,17,23,2,13,)		(24,14,)		(24,20,29,15,)		(24,20,29,16,)		(24,4,17,)		(24,4,17,23,34,18,)		(24,19,)		(24,20,)		(24,4,17,23,2,8,21,)		(24,20,29,22,)		(24,4,17,23,)		(24,)		(24,14,25,)		(24,4,17,23,2,8,26,)		(24,4,27,)		(24,4,28,)	(24,20,29,)		(24,19,30,)		(24,20,31,)		(24,4,27,32,)		(24,3,33,)		(24,4,17,23,34,)		(24,35,)		|
|	(25,13,1,)		(25,4,17,23,2,)		(25,35,6,11,3,)		(25,4,)		(25,5,)		(25,35,6,)		(25,34,7,)		(25,4,17,23,2,8,)		(25,5,33,9,)		(25,34,10,)	(25,35,6,11,)		(25,13,1,12,)		(25,13,)		(25,13,14,)		(25,15,)		(25,21,16,)		(25,4,17,)		(25,34,18,)		(25,24,19,)		(25,31,20,)	(25,21,)		(25,34,18,22,)		(25,4,17,23,)		(25,24,)		(25,)		(25,4,17,23,2,8,26,)		(25,4,27,)		(25,4,28,)		(25,31,20,29,)		(25,5,30,)		(25,31,)		(25,4,27,32,)		(25,5,33,)		(25,34,)		(25,35,)		|
|	(26,2,1,)		(26,2,)		(26,11,3,)		(26,7,4,)		(26,15,5,)		(26,7,35,6,)		(26,7,)		(26,2,8,)		(26,11,3,33,9,)		(26,2,10,)		(26,11,)		(26,2,1,12,)		(26,2,13,)		(26,11,14,)		(26,15,)		(26,2,8,21,16,)		(26,7,4,17,)		(26,23,34,18,)		(26,2,20,19,)		(26,2,20,)		(26,2,8,21,)		(26,2,8,21,22,)		(26,23,)		(26,15,24,)		(26,11,14,25,)		(26,)		(26,7,4,27,)		(26,28,)		(26,2,20,29,)		(26,30,)		(26,2,20,31,)		(26,15,32,)		(26,11,3,33,)		(26,23,34,)		(26,7,35,)		|
|	(27,4,17,1,)		(27,4,17,23,2,)		(27,4,17,23,11,3,)		(27,4,)		(27,4,17,23,5,)		(27,4,17,23,35,6,)		(27,4,17,1,7,)		(27,4,17,23,2,8,)		(27,4,17,23,5,33,9,)		(27,4,17,23,34,10,)		(27,4,17,23,11,)		(27,4,17,1,12,)		(27,4,17,23,2,13,)		(27,4,17,23,14,)		(27,4,17,23,5,33,15,)		(27,4,17,23,5,33,16,)		(27,4,17,)		(27,32,18,)		(27,4,17,23,2,20,19,)		(27,4,17,23,2,20,)		(27,4,17,23,2,8,21,)		(27,32,18,22,)		(27,4,17,23,)		(27,4,17,23,5,33,15,24,)		(27,4,17,23,14,25,)		(27,4,17,23,2,8,26,)		(27,)		(27,4,28,)		(27,4,17,23,2,20,29,)		(27,32,30,)		(27,32,31,)		(27,32,)		(27,4,17,23,5,33,)	(27,4,17,23,34,)		(27,4,17,23,35,)		|
|	(28,23,2,1,)		(28,23,2,)		(28,23,11,3,)		(28,23,34,18,4,)		(28,23,5,)		(28,23,35,6,)		(28,23,34,7,)		(28,23,2,8,)		(28,23,5,33,9,)		(28,23,34,10,)		(28,23,11,)		(28,23,2,1,12,)		(28,23,2,13,)		(28,23,14,)		(28,23,5,33,15,)		(28,23,5,33,16,)		(28,23,34,18,4,17,)		(28,23,34,18,)(28,23,2,20,19,)		(28,23,2,20,)		(28,23,2,8,21,)		(28,23,34,18,22,)		(28,23,)		(28,23,5,33,15,24,)		(28,23,14,25,)		(28,23,2,8,26,)		(28,23,34,18,4,27,)	(28,)		(28,23,2,20,29,)		(28,23,5,30,)		(28,23,2,20,31,)		(28,23,34,18,4,27,32,)		(28,23,5,33,)		(28,23,34,)		(28,23,35,)		|
|	(29,16,2,1,)		(29,16,2,)		(29,22,23,11,3,)		(29,22,33,4,)		(29,15,5,)		(29,22,23,35,6,)		(29,22,23,34,7,)		(29,16,2,8,)		(29,22,33,9,)		(29,16,10,)		(29,22,23,11,)		(29,16,12,)		(29,16,2,13,)		(29,22,23,14,)		(29,15,)		(29,16,)		(29,22,33,4,17,)		(29,22,18,)	(29,15,24,19,)		(29,16,2,20,)		(29,16,21,)		(29,22,)		(29,22,23,)		(29,15,24,)		(29,22,25,)		(29,16,2,8,26,)		(29,22,33,4,27,)		(29,22,33,4,28,)		(29,)		(29,15,5,30,)		(29,15,32,31,)		(29,15,32,)		(29,22,33,)		(29,22,23,34,)		(29,22,23,35,)		|
|	(30,11,3,7,4,17,1,)		(30,11,3,33,16,2,)		(30,11,3,)		(30,11,3,7,4,)		(30,11,14,5,)		(30,11,3,7,35,6,)		(30,11,3,7,)		(30,11,3,33,16,2,8,)		(30,11,3,33,9,)		(30,11,3,33,16,10,)		(30,11,)		(30,11,3,33,16,12,)		(30,11,3,33,16,2,13,)		(30,11,14,)		(30,11,3,33,15,)		(30,11,3,33,16,)		(30,11,3,7,4,17,)		(30,11,3,7,4,17,23,34,18,)		(30,11,3,33,15,24,19,)		(30,11,3,33,16,2,20,)		(30,11,3,33,16,21,)		(30,11,3,33,16,21,22,)		(30,11,3,7,4,17,23,)		(30,11,3,33,15,24,)		(30,11,14,25,)		(30,11,3,33,16,2,8,26,)		(30,11,3,7,4,27,)		(30,11,14,5,28,)		(30,11,3,33,16,2,20,29,)		(30,)		(30,11,3,33,15,32,31,)(30,11,3,33,15,32,)		(30,11,3,33,)		(30,11,3,7,4,17,23,34,)		(30,11,3,7,35,)		|
|	(31,10,1,)		(31,10,23,2,)		(31,10,23,11,3,)		(31,10,33,4,)		(31,10,1,14,5,)		(31,10,23,35,6,)		(31,10,1,7,)		(31,10,23,2,8,)		(31,10,33,9,)	(31,10,)		(31,10,23,11,)		(31,10,1,12,)		(31,10,23,2,13,)		(31,10,1,14,)		(31,10,33,15,)		(31,10,33,16,)		(31,20,17,)		(31,10,23,34,18,)		(31,20,19,)		(31,20,)		(31,10,23,2,8,21,)		(31,20,29,22,)		(31,10,23,)		(31,10,33,15,24,)		(31,20,29,22,25,)		(31,10,23,2,8,26,)		(31,10,33,4,27,)		(31,10,33,4,28,)		(31,20,29,)		(31,10,30,)		(31,)		(31,10,33,15,32,)		(31,10,33,)		(31,10,23,34,)		(31,10,23,35,)		|
|	(32,18,13,1,)		(32,18,4,17,23,2,)		(32,30,11,3,)		(32,18,4,)		(32,18,13,14,5,)		(32,18,4,17,23,35,6,)		(32,30,11,3,7,)		(32,18,4,17,23,2,8,)		(32,18,22,33,9,)		(32,31,10,)		(32,30,11,)		(32,18,13,1,12,)		(32,18,13,)		(32,18,13,14,)		(32,18,22,33,15,)		(32,18,22,33,16,)		(32,18,4,17,)	(32,18,)		(32,31,20,19,)		(32,31,20,)		(32,18,22,33,16,21,)		(32,18,22,)		(32,18,4,17,23,)		(32,18,22,33,15,24,)		(32,18,22,25,)		(32,18,4,17,23,2,8,26,)(32,18,4,27,)		(32,18,4,28,)		(32,31,20,29,)		(32,30,)		(32,31,)		(32,)		(32,18,22,33,)		(32,18,4,17,23,34,)		(32,18,4,17,23,35,)		|
|	(33,4,17,1,)		(33,16,2,)		(33,9,23,11,3,)		(33,4,)		(33,15,5,)		(33,9,23,35,6,)		(33,4,17,1,7,)		(33,16,2,8,)		(33,9,)		(33,16,10,)		(33,9,23,11,)		(33,16,12,)		(33,16,2,13,)		(33,9,23,14,)		(33,15,)		(33,16,)		(33,4,17,)		(33,9,23,34,18,)		(33,15,24,19,)		(33,16,2,20,)		(33,16,21,)		(33,16,21,22,)		(33,9,23,)		(33,15,24,)		(33,9,25,)		(33,16,2,8,26,)		(33,4,27,)		(33,4,28,)		(33,16,2,20,29,)	(33,15,5,30,)		(33,15,32,31,)		(33,15,32,)		(33,)		(33,9,23,34,)		(33,9,23,35,)		|
|	(34,10,1,)		(34,10,23,2,)		(34,10,23,11,3,)		(34,18,4,)		(34,10,1,14,5,)		(34,7,35,6,)		(34,7,)		(34,10,23,2,8,)		(34,10,33,9,)		(34,10,)		(34,10,23,11,)		(34,10,1,12,)		(34,18,13,)		(34,10,1,14,)		(34,10,33,15,)		(34,10,33,16,)		(34,18,4,17,)		(34,18,)		(34,10,23,2,20,19,)	(34,10,23,2,20,)		(34,10,23,2,8,21,)		(34,18,22,)		(34,10,23,)		(34,10,33,15,24,)		(34,18,22,25,)		(34,10,23,2,8,26,)		(34,18,4,27,)		(34,18,4,28,)	(34,10,23,2,20,29,)		(34,10,30,)		(34,10,23,2,20,31,)		(34,18,4,27,32,)		(34,10,33,)		(34,)		(34,7,35,)		|
|	(35,6,23,2,1,)		(35,6,23,2,)		(35,6,11,3,)		(35,6,11,3,7,4,)		(35,6,11,14,5,)		(35,6,)		(35,6,11,3,7,)		(35,6,23,2,8,)		(35,6,11,3,33,9,)		(35,6,23,34,10,)		(35,6,11,)		(35,6,23,2,1,12,)		(35,6,23,2,13,)		(35,6,11,14,)		(35,6,11,3,33,15,)		(35,6,11,3,33,16,)		(35,6,11,3,7,4,17,)		(35,6,23,34,18,)		(35,6,23,2,20,19,)		(35,6,23,2,20,)		(35,6,23,2,8,21,)		(35,6,23,34,18,22,)		(35,6,23,)		(35,6,11,3,33,15,24,)		(35,6,11,14,25,)		(35,6,23,2,8,26,)		(35,6,11,3,7,4,27,)		(35,6,11,14,5,28,)		(35,6,23,2,20,29,)		(35,6,30,)		(35,6,23,2,20,31,)		(35,6,11,3,33,15,32,)		(35,6,11,3,33,)(35,6,23,34,)		(35,)		|
Hop Count Matrix :
|0	5	5	2	2	3	1	6	4	6	4	1	6	1	4	4	3	6	6	6	5	7	4	5	2	7	3	3	7	35	4	3	5	2		|
|1	0	4	3	3	3	2	1	3	1	3	2	1	2	3	3	2	4	2	1	2	3	2	4	3	2	4	3	2	22	4	2	3	2		|
|4	3	0	2	3	3	1	4	2	3	4	3	4	5	2	2	3	6	4	4	3	4	4	3	3	5	3	3	5	44	3	1	5	2		|
|2	3	4	0	3	4	3	4	5	4	3	3	4	3	5	5	1	4	5	4	5	5	2	6	4	5	1	1	5	43	2	4	3	3		|
|4	3	3	2	0	4	4	4	2	3	2	3	4	3	2	2	3	4	4	4	3	4	2	3	3	5	3	1	5	14	3	1	3	3		|
|3	2	2	4	3	0	3	3	4	3	1	4	3	2	4	4	5	3	4	3	4	4	1	5	3	4	5	4	4	14	5	3	2	2		|
|3	4	4	1	4	2	0	5	6	5	3	4	5	4	6	6	2	5	6	5	6	6	3	7	5	6	2	2	6	34	3	5	4	1		|
|3	2	3	2	3	2	2	0	4	3	2	3	3	3	2	2	3	3	4	3	1	2	2	3	3	1	3	2	4	24	3	3	3	1		|
|3	2	3	2	2	3	3	3	0	3	2	4	3	2	4	4	3	3	4	3	4	4	1	5	1	4	1	3	4	34	2	3	2	2		|
|1	2	3	2	3	3	2	3	2	0	2	2	3	2	2	2	3	3	4	3	4	4	1	3	3	4	3	3	4	14	3	1	2	2		|
|5	4	1	3	2	4	2	5	3	4	0	4	5	1	3	3	4	7	5	5	4	5	5	4	2	6	4	3	6	35	4	2	6	3		|
|2	1	4	2	4	2	3	2	2	1	3	0	2	3	2	2	3	4	3	2	3	5	2	3	3	3	3	3	3	23	3	1	3	1		|
|1	3	4	3	2	4	2	4	4	4	3	2	0	1	4	4	1	4	5	4	5	5	2	5	2	5	4	3	5	35	5	3	3	3		|
|5	4	4	3	1	5	5	5	3	4	3	4	5	0	3	3	4	5	5	5	4	5	3	4	1	6	4	2	6	25	4	2	4	4		|
|4	4	2	2	1	3	3	5	3	3	3	4	3	2	0	3	3	2	2	2	4	3	3	1	4	6	3	2	3	22	1	2	4	2		|
|2	1	3	2	4	4	3	2	2	1	2	1	2	3	2	0	3	3	3	2	1	2	2	3	3	3	3	3	3	13	3	1	3	3		|
|1	2	3	4	2	3	2	3	4	3	2	2	3	2	4	4	0	3	4	3	4	4	1	5	3	4	5	3	4	34	6	3	2	2		|
|2	4	5	1	3	5	3	5	3	5	4	3	1	2	3	3	2	0	5	5	4	1	3	4	2	6	2	2	6	44	3	2	4	4		|
|7	6	3	5	4	6	4	7	5	6	2	6	7	3	5	5	6	9	0	7	6	7	7	6	4	8	6	5	8	17	6	4	8	5		|
|2	3	4	4	3	4	3	4	4	2	3	3	4	3	2	2	1	4	1	0	3	2	2	3	3	5	5	4	1	21	3	3	3	3		|
|3	2	4	1	2	4	4	3	3	2	3	2	3	3	1	1	2	2	3	3	0	1	2	2	2	4	2	2	4	33	2	2	3	3		|
|3	2	3	2	2	3	3	3	2	3	2	3	2	2	2	2	3	1	4	3	3	0	1	3	1	4	3	3	4	34	3	1	2	2		|
|2	1	2	3	1	2	2	2	3	2	1	3	2	1	3	3	4	2	3	2	3	3	0	4	2	3	4	2	3	23	5	2	1	1		|
|3	4	1	1	2	2	2	5	3	5	3	4	5	1	3	3	2	5	1	1	6	3	3	0	2	6	2	2	2	22	3	2	4	1		|
|2	4	4	1	1	2	2	5	3	2	3	3	1	2	1	2	2	2	2	2	1	3	3	1	0	6	2	2	3	21	3	2	1	1		|
|2	1	2	2	2	3	1	2	4	2	1	3	2	2	1	4	3	3	3	2	3	4	1	2	3	0	3	1	3	13	2	3	2	2		|
|3	4	5	1	4	5	4	5	6	5	4	4	5	4	6	6	2	2	6	5	6	3	3	7	5	6	0	2	6	22	1	5	4	4		|
|3	2	3	4	2	3	3	3	4	3	2	4	3	2	4	4	5	3	4	3	4	4	1	5	3	4	5	0	4	34	6	3	2	2		|
|3	2	4	3	2	4	4	3	3	2	3	2	3	3	1	1	4	2	3	3	2	1	2	2	2	4	4	4	0	33	2	2	3	3		|
|6	5	2	4	3	5	3	6	4	5	1	5	6	2	4	4	5	8	6	6	5	6	6	5	3	7	5	4	7	06	5	3	7	4		|
|2	3	4	3	4	4	3	4	3	1	3	3	4	3	3	3	2	4	2	1	5	3	2	4	4	5	4	4	2	20	4	2	3	3		|
|3	5	3	2	4	6	4	6	4	2	2	4	2	3	4	4	3	1	3	2	5	2	4	5	3	7	3	3	3	11	0	3	5	5		|
|3	2	4	1	2	4	4	3	1	2	3	2	3	3	1	1	2	4	3	3	2	3	2	2	2	4	2	2	4	33	2	0	3	3		|
|2	3	4	2	4	3	1	4	3	1	3	3	2	3	3	3	3	1	5	4	5	2	2	4	3	5	3	3	5	25	4	2	0	2		|
|4	3	3	5	4	1	4	4	5	4	2	5	4	3	5	5	6	4	5	4	5	5	2	6	4	5	6	5	5	25	6	4	3	0		|

Congestion Edge Matrix :
|0.00	na	na	na	na	na	474.60	na	na	na	na	266.67	na	143.33	na	na	na	na	na	na	na	na	na	na	na	na	na	na	na	na	na	na	na	na	na		|
|802.67	0.00	na	na	na	na	na	1231.33	na	194.00	na	na	298.80	na	na	na	na	na	na	369.50	na	na	na	na	na	na	na	na	na	na	na	na	na	na	na		|
|na	na	0.00	na	na	na	413.33	na	na	na	na	na	na	na	na	na	na	na	na	na	na	na	na	na	na	na	na	na	na	na	na	na	1464.00	na	na		|
|na	na	na	0.00	na	na	na	na	na	na	na	na	na	na	na	na	1368.40	na	na	na	na	na	na	na	na	na	521.40	21.47	na	na	na	na	na	na	na		|
|na	na	na	na	0.00	na	na	na	na	na	na	na	na	na	na	na	na	na	na	na	na	na	na	na	na	na	na	388.00	na	206.67	na	na	112.35	na	na		|
|na	na	na	na	na	0.00	na	na	na	na	577.33	na	na	na	na	na	na	na	na	na	na	na	35.69	na	na	na	na	na	na	4.31	na	na	na	na	na		|
|na	na	na	49.57	na	na	0.00	na	na	na	na	na	na	na	na	na	na	na	na	na	na	na	na	na	na	na	na	na	na	na	na	na	na	na	392.67		|
|na	na	na	na	na	na	na	0.00	na	na	na	na	na	na	na	na	na	na	na	na	391.00	na	na	na	na	533.00	na	na	na	na	na	na	na	na	155.00		|
|na	na	na	na	na	na	na	na	0.00	na	na	na	na	na	na	na	na	na	na	na	na	na	235.60	na	67.00	na	7.50	na	na	na	na	na	na	na	na		|
|178.40	na	na	na	na	na	na	na	na	0.00	na	na	na	na	na	na	na	na	na	na	na	na	61.29	na	na	na	na	na	na	82.50	na	na	25.60	na	na		|
|na	na	1705.50	na	na	na	na	na	na	na	0.00	na	na	156.00	na	na	na	na	na	na	na	na	na	na	na	na	na	na	na	na	na	na	na	na	na		|
|na	345.60	na	na	na	na	na	na	na	6180.00	na	0.00	na	na	na	na	na	na	na	na	na	na	na	na	na	na	na	na	na	na	na	na	12144.00	na	158.33		|
|124.20	na	na	na	na	na	na	na	na	na	na	na	0.00	40.67	na	na	375.00	na	na	na	na	na	na	na	na	na	na	na	na	na	na	na	na	na	na		|
|na	na	na	na	405.00	na	na	na	na	na	na	na	na	0.00	na	na	na	na	na	na	na	na	na	na	528.33	na	na	na	na	na	na	na	na	na	na		|
|na	na	na	na	429.00	na	na	na	na	na	na	na	na	na	0.00	na	na	na	na	na	na	na	na	1126.25	na	na	na	na	na	na	na	680.00	na	na	na		|
|na	914.00	na	na	na	na	na	na	na	292.00	na	9.41	na	na	na	0.00	na	na	na	na	320.83	na	na	na	na	na	na	na	na	175.00	na	na	260.00	na	na		|
|846.00	na	na	na	na	na	na	na	na	na	na	na	na	na	na	na	0.00	na	na	na	na	na	1756.50	na	na	na	na	na	na	na	na	na	na	na	na		|
|na	na	na	1055.00	na	na	na	na	na	na	na	na	33.73	na	na	na	na	0.00	na	na	na	50.51	na	na	na	na	na	na	na	na	na	na	na	na	na		|
|na	na	na	na	na	na	na	na	na	na	na	na	na	na	na	na	na	na	0.00	na	na	na	na	na	na	na	na	na	na	678.33	na	na	na	na	na		|
|na	na	na	na	na	na	na	na	na	na	na	na	na	na	na	na	348.75	na	166.67	0.00	na	na	na	na	na	na	na	na	697.33na	333.33	na	na	na	na		|
|na	na	na	162.40	na	na	na	na	na	na	na	na	na	na	11.91	13.50	na	na	na	na	0.00	453.33	na	na	na	na	na	na	na	na	na	na	na	na	na		|
|na	na	na	na	na	na	na	na	na	na	na	na	na	na	na	na	na	187.33	na	na	na	0.00	936.00	na	468.00	na	na	na	na	na	na	na	463.33	na	na		|
|na	200.59	na	na	111.27	na	na	na	na	na	892.00	na	na	773.00	na	na	na	na	na	na	na	na	0.00	na	na	na	na	na	na	na	na	na	na	892.00	566.25		|
|na	na	11.92	193.60	na	na	na	na	na	na	na	na	na	4.39	na	na	na	na	9.49	25.76	na	na	na	0.00	na	na	na	na	na	na	na	na	na	na	68.33		|
|na	na	na	295.75	1808.00	na	na	na	na	na	na	na	184.00	na	na	na	na	na	na	na	na	na	na	285.35	0.00	na	na	na	na	na	na	na	na	3131.00	180.00		|
|na	315.00	na	na	na	na	478.00	na	na	na	400.00	na	na	na	na	na	na	na	na	na	na	na	158.33	na	na	0.00	na	235.00	na	11.53	na	na	na	na	na		|
|na	na	na	269.20	na	na	na	na	na	na	na	na	na	na	na	na	na	na	na	na	na	na	na	na	na	na	0.00	na	na	na	na	24.02	na	na	na		|
|na	na	na	na	na	na	na	na	na	na	na	na	na	na	na	na	na	na	na	na	na	na	960.00	na	na	na	na	0.00	na	na	na	na	na	na	na		|
|na	na	na	na	na	na	na	na	na	na	na	na	na	na	144.00	232.80	na	na	na	na	na	337.50	na	na	na	na	na	na	0.00	na	na	na	na	na	na		|
|na	na	na	na	na	na	na	na	na	na	800.80	na	na	na	na	na	na	na	na	na	na	na	na	na	na	na	na	na	na	0.00	na	na	na	na	na		|
|na	na	na	na	na	na	na	na	na	173.60	na	na	na	na	na	na	na	na	na	378.75	na	na	na	na	na	na	na	na	na	na	0.00	na	na	na	na		|
|na	na	na	na	na	na	na	na	na	na	na	na	na	na	na	na	na	464.80	na	na	na	na	na	na	na	na	na	na	na	11.22	616.25	0.00	na	na	na		|
|na	na	na	38.35	na	na	na	na	75.29	na	na	na	na	na	112.08	1672.00	na	na	na	na	na	na	na	na	na	na	na	na	na	na	na	na	0.00	na	na		|
|na	na	na	na	na	na	22.00	na	na	256.00	na	na	na	na	na	na	na	784.00	na	na	na	na	na	na	na	na	na	na	na	na	na	na	na	0.00	na		|
|na	na	na	na	na	796.00	na	na	na	na	na	na	na	na	na	na	na	na	na	na	na	na	na	na	na	na	na	na	na	na	na	na	na	na	0.00		|

Predicted Path Delay Matrix :
|0	14	13	5	4	9	3	16	12	14	10	2	17	2	11	11	7	13	18	16	16	17	9	16	7	18	8	8	20	618	13	7	11	5		|
|4	0	11	9	7	11	7	2	12	3	8	6	3	5	8	8	5	10	6	2	5	7	6	13	10	4	12	9	6	87	12	7	8	7		|
|11	11	0	4	10	8	2	13	8	11	10	10	14	11	7	7	6	12	14	13	12	14	8	12	10	15	7	7	17	12	16	11	3	10	4		|
|7	9	10	0	9	11	10	11	17	9	7	9	12	7	16	16	2	8	15	11	14	12	4	21	12	13	3	3	15	11	13	8	12	6	7		|
|13	11	9	6	0	14	11	13	8	11	6	10	14	9	7	7	8	11	14	13	12	14	7	12	10	15	9	4	17	216	11	3	9	10		|
|13	9	5	9	7	0	7	11	13	9	2	15	12	5	12	12	11	8	15	11	14	12	4	17	10	13	12	11	15	416	16	8	6	7		|
|9	11	11	2	11	6	0	13	19	11	8	11	14	9	18	18	4	10	17	13	16	14	6	23	14	15	5	5	17	10	15	10	14	8	2		|
|10	6	9	7	9	9	6	0	12	9	6	9	9	9	6	6	9	9	12	8	3	5	7	11	8	2	10	7	12	613	10	7	9	5		|
|11	7	8	7	7	9	8	9	0	7	5	13	10	5	14	14	9	6	13	9	12	10	2	19	2	11	5	10	13	914	10	10	4	5		|
|4	8	9	7	8	10	7	10	9	0	6	6	11	6	8	8	9	7	14	10	13	11	3	13	11	12	10	10	14	515	12	4	5	6		|
|14	14	3	7	5	11	5	16	11	14	0	13	17	3	10	10	9	15	17	16	15	17	11	15	8	18	10	9	20	719	14	6	13	7		|
|94	96	99	95	98	99	97	98	97	90	96	0	99	96	96	96	97	97	102	98	101	101	93	101	99	100	98	98	102	95	103	100	92	95	95		|
|3	12	13	8	4	12	6	14	12	12	10	5	0	2	11	11	5	11	18	14	16	15	7	16	7	16	11	8	18	619	15	7	9	8		|
|15	13	11	8	2	16	13	15	10	13	8	12	16	0	9	9	10	13	16	15	14	16	9	14	5	17	11	6	19	418	13	5	11	12		|
|14	14	9	7	3	11	11	16	11	13	9	13	13	9	0	10	9	8	7	8	15	12	10	5	13	18	10	7	12	59	4	6	12	7		|
|8	4	12	7	11	14	11	6	9	4	9	3	7	9	8	0	9	11	10	6	5	7	7	13	10	8	10	10	10	511	12	4	9	10		|
|5	7	8	9	7	9	8	9	15	7	5	7	10	5	14	14	0	6	13	9	12	10	2	19	10	11	12	11	13	914	17	10	4	5		|
|8	12	13	3	9	14	11	14	11	12	10	10	5	7	10	10	5	0	17	14	15	4	7	15	7	16	6	6	18	11	16	11	6	9	10		|
|23	23	12	16	14	20	14	25	20	23	9	22	26	12	19	19	18	24	0	25	24	26	20	24	17	27	19	18	29	528	23	15	22	16		|
|8	10	11	11	10	12	11	12	13	9	8	10	13	8	8	8	3	9	4	0	13	6	5	13	9	14	14	14	4	95	12	8	7	8		|
|11	7	12	4	6	13	12	9	9	7	9	6	10	9	3	3	6	6	10	9	0	2	6	8	5	11	7	7	13	812	7	4	8	9		|
|12	9	10	5	9	11	10	11	7	9	7	9	9	7	6	6	7	4	13	11	11	0	4	11	3	13	8	8	15	11	15	10	2	6	7		|
|9	5	6	7	5	7	6	7	13	5	3	11	8	3	12	12	9	4	11	7	10	8	0	17	8	9	10	9	11	712	15	8	2	3		|
|9	11	4	2	6	6	6	13	12	11	8	11	14	4	11	11	4	10	2	3	16	9	6	0	9	15	5	5	7	78	10	7	8	2		|
|95	100	99	91	96	94	97	102	104	96	96	97	92	94	97	102	93	95	101	101	99	99	95	99	0	104	94	94	105	98	96	99	99	93	90		|
|8	4	7	6	7	10	4	6	15	7	4	10	7	7	4	12	8	9	10	6	9	11	5	9	12	0	9	5	10	411	8	10	7	6		|
|9	11	12	2	11	13	12	13	19	11	9	11	14	9	18	18	4	9	17	13	16	13	6	23	14	15	0	5	17	910	5	14	8	9		|
|12	8	9	10	8	10	9	10	16	8	6	14	11	6	15	15	12	7	14	10	13	11	3	20	11	12	13	0	14	10	15	18	11	5	6		|
|12	8	12	7	7	13	12	10	9	8	9	7	11	9	4	4	9	6	11	10	9	2	6	9	5	12	10	10	0	913	8	4	8	9		|
|18	18	7	11	9	15	9	20	15	18	4	17	21	7	14	14	13	19	21	20	19	21	15	19	12	22	14	13	24	023	18	10	17	11		|
|8	12	13	11	12	14	11	14	13	4	10	10	15	10	12	12	8	11	9	5	17	11	7	17	14	16	14	14	9	90	16	8	9	10		|
|12	16	11	7	13	18	13	18	15	9	8	14	9	11	14	14	9	4	14	10	19	8	11	19	11	20	10	10	14	45	0	10	13	14		|
|10	8	13	3	7	14	13	10	5	8	10	7	11	10	4	4	5	11	11	10	9	11	7	9	7	12	6	6	14	913	8	0	9	10		|
|7	11	12	5	11	10	4	13	12	3	9	9	7	9	11	11	7	2	17	13	16	6	6	16	9	15	8	8	17	818	13	7	0	6		|
|17	13	9	13	11	4	11	15	17	13	6	19	16	9	16	16	15	12	19	15	18	16	8	21	14	17	16	15	19	820	20	12	10	0		|

Congestion Actual Delay Matrix :
|0.00	3849.66	3261.30	524.17	548.33	1663.27	474.60	5080.99	735.98	4797.07	1555.80	266.67	4148.46	143.33	772.76	2332.69	1892.57	5325.07	1908.50	4219.16	2653.52	5375.58	3649.07	1899.01	671.67	5613.99	1045.57	545.64	4916.49755.00	1685.84	1069.59	660.69	4541.07	867.27		|
|802.67	0.00	3869.83	1326.84	744.47	2182.33	1277.27	1231.33	294.89	194.00	2164.33	1069.33	298.80	339.47	1634.24	1635.83	718.25	1931.29	536.17	369.50	1622.33	2075.67	255.29	2760.49	867.80	1764.33	1848.24	1999.33	1066.83276.50	702.83	2314.24	219.60	1147.29	1386.33		|
|2677.30	4050.00	0.00	462.90	2005.08	1602.00	413.33	5281.33	1539.29	3428.00	2179.33	3145.41	4348.80	4360.80	1576.08	3136.00	1831.30	5263.80	2711.82	4419.50	3456.83	3910.17	3587.80	2702.33	1606.29	5814.33	984.30	484.375116.83	2211.75	2872.33	2256.08	1464.00	4479.80	806.00		|
|2214.40	3325.49	5722.40	0.00	3236.17	4487.15	2689.00	4556.82	3423.82	4272.90	4016.90	2481.07	3624.29	3897.90	3460.61	5020.53	1368.40	4800.90	3861.65	3694.99	4947.82	4851.41	3124.90	4586.86	4426.23	5089.82	521.40	21.47	4392.32	3442.84	1161.67	545.42	3348.53	4016.90	3691.15		|
|2365.11	2698.35	2712.97	150.71	0.00	2710.25	3126.30	3929.69	187.65	2076.35	1007.47	1793.76	2997.15	1163.47	224.43	1784.35	1519.11	3024.00	1360.17	3067.85	2105.19	2558.52	1348.00	1350.68	254.65	4462.69	672.11	388.003765.19	206.67	1520.68	904.43	112.35	2240.00	1914.25		|
|1038.94	236.27	2282.83	2745.74	1138.33	0.00	2696.17	1467.61	3822.13	1183.69	577.33	1305.61	535.07	733.33	3858.91	5418.83	4114.14	1711.69	772.44	605.77	1858.61	1762.20	35.69	4985.16	1261.67	2000.61	3267.14	1526.331303.11	4.31	939.11	4538.91	3746.83	927.69	601.94		|
|2263.97	3375.06	3471.50	49.57	3285.74	1188.67	0.00	4606.39	3473.39	4322.47	1766.00	2530.64	3673.86	3947.47	3510.17	5070.10	1417.97	4850.47	3911.22	3744.56	4997.39	4900.98	3174.47	4636.42	4475.80	5139.39	570.97	71.04	4441.89	1192.98	1211.24	594.99	3398.10	4066.47	392.67		|
|1650.67	848.00	2638.50	553.40	831.91	951.00	1011.00	0.00	1382.96	1042.00	933.00	413.91	1146.80	1089.00	402.91	404.50	1921.80	1031.67	1384.17	1217.50	391.00	844.33	691.33	1529.16	1312.33	533.00	1074.80	768.001914.83	544.53	1550.83	1082.91	1307.67	1583.33	155.00		|
|1238.85	436.19	2833.10	276.70	346.87	1597.85	1149.60	1667.52	0.00	1383.60	1127.60	1505.52	734.99	1008.60	571.31	2131.23	1645.10	1911.60	972.35	805.69	2058.52	1962.11	235.60	1697.56	67.00	2200.52	7.50	298.171503.02	553.54	1139.02	31.52	459.23	1127.60	801.85		|
|178.40	261.88	2658.79	63.95	726.73	1423.54	653.00	1493.22	100.89	0.00	953.29	445.07	560.68	321.73	137.68	1697.60	1432.35	1737.29	798.05	631.38	1884.22	1787.80	61.29	1263.93	850.07	2026.22	585.35	85.42	1328.7282.50	964.72	817.68	25.60	953.29	627.54		|
|4382.80	5755.50	1705.50	2168.40	561.00	3307.50	2118.83	6986.83	3244.79	5133.50	0.00	4850.91	6054.30	156.00	3281.58	4841.50	3536.80	6969.30	4417.32	6125.00	5162.33	5615.67	5293.30	4407.83	684.33	7519.83	2689.80	949.006822.33	767.67	4577.83	3961.58	3169.50	6185.30	2511.50		|
|6358.40	345.60	8838.79	12182.35	6906.73	954.33	6833.00	1576.93	12219.29	6180.00	7133.29	0.00	644.40	6501.73	12256.08	13816.00	13550.75	7917.29	881.77	715.10	1967.93	7967.80	6241.2913382.33	12286.29	2109.93	12703.75	12203.82	1412.43	6262.50	1048.43	12936.08	12144.00	7133.29	158.33		|
|124.20	2332.09	4729.00	648.37	445.67	1787.47	598.80	3563.42	633.31	3279.50	3023.50	390.87	0.00	40.67	670.10	2230.02	375.00	3807.50	2868.25	2701.59	2550.85	3858.01	2131.50	1796.35	569.00	4096.42	1169.77	833.67	3398.92652.33	3034.92	1350.10	558.02	3023.50	991.47		|
|2770.11	3103.35	3117.97	555.71	405.00	3115.25	3531.30	4334.69	592.65	2481.35	1412.47	2198.76	3402.15	0.00	629.43	2189.35	1924.11	3429.00	1765.17	3472.85	2510.19	2963.52	1753.00	1755.68	528.33	4867.69	1077.11	793.004170.19	611.67	1925.68	1309.43	517.35	2645.00	2319.25		|
|3534.25	3127.35	1138.17	1319.85	429.00	1990.58	1551.50	4358.69	616.65	1469.85	1436.47	2222.76	1178.53	1130.64	0.00	2213.35	2688.25	1144.80	1135.74	1152.01	2534.19	1195.31	1777.00	1126.25	683.65	4891.69	1841.25	817.001849.35	635.67	1296.25	680.00	541.35	2669.00	1194.58		|
|1716.67	914.00	2681.30	298.35	1658.47	1715.54	2191.27	2145.33	335.29	292.00	975.80	9.41	1212.80	1253.47	332.74	0.00	1632.25	961.50	1450.17	1283.50	320.83	774.17	353.29	1458.99	1242.17	2678.33	819.75	319.821980.83	175.00	1616.83	1012.74	260.00	1245.29	919.54		|
|846.00	1957.09	4354.00	4487.50	1867.77	3118.75	1320.60	3188.42	2055.42	2904.50	2648.50	1112.67	2255.89	2529.50	2092.21	3652.13	0.00	3432.50	2493.26	2326.59	3579.42	3483.01	1756.50	3218.46	3057.83	3721.42	5008.90	2255.77	3023.922074.44	2659.92	5032.92	1980.13	2648.50	2322.75		|
|157.93	4380.49	6777.40	1055.00	479.39	5542.15	632.53	5611.82	589.14	5327.90	5071.90	424.59	33.73	74.39	625.92	2185.84	2423.40	0.00	1761.66	4749.99	2506.68	50.51	4179.90	1752.17	518.51	6144.82	1576.40	1076.47	5447.32686.06	2216.67	1600.42	513.84	5071.90	4746.15		|
|5861.94	7234.63	3184.63	3647.54	2040.13	4786.63	3597.97	8465.97	4723.93	6612.63	1479.13	6330.04	7533.43	1635.13	4760.71	6320.63	5015.94	8448.44	0.00	7604.13	6641.47	7094.80	6772.44	5886.96	2163.47	8998.97	4168.94	2428.138301.47	678.33	6056.96	5440.71	4648.63	7664.44	3990.63		|
|1194.75	2305.84	4702.75	1536.52	2216.52	3467.50	1669.35	3537.17	1573.46	506.93	2997.25	1461.42	2604.64	2878.25	841.33	930.13	348.75	3781.25	166.67	0.00	1250.97	1034.83	2105.25	1967.58	1502.83	4070.17	2057.92	2604.52697.33	845.00	333.33	1521.33	1498.17	2997.25	2671.50		|
|1730.17	927.50	3986.83	162.40	440.91	2751.58	2303.33	2158.83	991.96	305.50	2281.33	22.91	1226.30	2162.33	11.91	13.50	1530.80	640.67	1147.65	1297.00	0.00	453.33	1389.33	1138.16	921.33	2691.83	683.80	183.871994.33	647.57	1308.16	691.91	916.67	2281.33	1955.58		|
|345.26	1136.59	3533.50	501.69	1047.27	2298.25	1850.00	2367.92	538.63	2084.00	1828.00	2144.75	221.06	1709.00	575.41	2135.33	1870.09	187.33	1711.15	1506.09	2456.17	0.00	936.00	1701.66	468.00	2900.92	1023.09	523.16	2203.421253.94	1871.66	1255.41	463.33	1828.00	1502.25		|
|1003.25	200.59	2597.50	2731.00	111.27	1362.25	914.00	1431.92	298.92	1148.00	892.00	1269.92	499.39	773.00	335.71	1895.63	4099.40	1676.00	736.75	570.09	1822.92	1726.51	0.00	1461.96	1301.33	1964.92	3252.40	499.271267.42	317.94	903.42	3276.42	223.63	892.00	566.25		|
|2408.00	3519.09	11.92	193.60	409.39	864.33	425.25	4750.42	1551.22	4466.50	1441.67	2674.67	3817.89	4.39	867.10	955.90	1562.00	4994.50	9.49	25.76	5141.42	1060.60	3318.50	0.00	532.73	5283.42	715.00	215.07723.10	687.82	359.10	739.02	1475.92	4210.50	68.33		|
|308.20	3621.24	3258.83	295.75	1808.00	976.00	3153.00	4852.57	1995.65	3387.00	1553.33	574.87	184.00	224.67	0.00	112.50	1664.15	3915.00	294.84	474.75	0.00	3965.51	3420.65	285.35	0.00	5385.57	817.15	317.22	1172.082014.67	0.00	841.17	1920.35	3131.00	180.00		|
|1117.67	315.00	2105.50	527.57	433.00	1666.67	478.00	1546.33	3644.79	509.00	400.00	1384.33	613.80	556.00	0.00	1950.83	1895.97	1834.33	851.17	684.50	1937.33	2390.67	158.33	1130.25	1084.33	0.00	1048.97	235.001381.83	11.53	1017.83	684.00	3569.50	1050.33	870.67		|
|2483.60	3594.69	5991.60	269.20	3505.37	4756.35	2958.20	4826.02	3693.02	4542.10	4286.10	2750.27	3893.49	4167.10	3729.81	5289.73	1637.60	488.82	4130.85	3964.19	5217.02	539.33	3394.10	4856.06	4695.43	5359.02	0.00	290.674661.52	35.24	640.27	24.02	3617.73	4286.10	3960.35		|
|1963.25	1160.59	3557.50	3691.00	1071.27	2322.25	1874.00	2391.92	1258.92	2108.00	1852.00	2229.92	1459.39	1733.00	1295.71	2855.63	5059.40	2636.00	1696.75	1530.09	2782.92	2686.51	960.00	2421.96	2261.33	2924.92	4212.40	0.00	2227.42	1277.94	1863.42	4236.42	1183.63	1852.00	1526.25		|
|1949.47	1146.80	3871.00	839.19	573.00	2635.75	2187.50	2378.13	876.13	524.80	2165.50	242.21	1445.60	2046.50	144.00	232.80	2207.59	524.83	1279.74	1516.30	553.63	337.50	1273.50	1270.25	805.50	2911.13	1360.59	860.660.00	779.67	1440.25	824.00	800.83	2165.50	1839.75		|
|5183.60	6556.30	2506.30	2969.20	1361.80	4108.30	2919.63	7787.63	4045.59	5934.30	800.80	5651.71	6855.10	956.80	4082.38	5642.30	4337.60	7770.10	5218.12	6925.80	5963.13	6416.47	6094.10	5208.63	1485.13	8320.63	3490.60	1749.807623.13	0.00	5378.63	4762.38	3970.30	6986.10	3312.30		|
|352.00	435.48	2832.39	237.55	900.33	1597.14	826.60	1666.82	274.49	173.60	1126.89	618.67	734.28	495.33	311.28	1871.20	727.50	1910.89	545.42	378.75	2057.82	1413.58	234.89	1437.53	1881.58	2199.82	758.95	259.02	1076.08256.10	0.00	991.28	199.20	1126.89	801.14		|
|622.73	4845.29	2517.52	1519.80	944.19	6006.95	2930.85	6076.62	1053.94	789.85	812.02	889.39	498.53	539.19	1090.72	2650.64	2888.20	464.80	1161.67	995.00	2971.48	515.31	4644.70	2216.97	983.31	6609.62	2041.20	1541.27	1692.3311.22	616.25	0.00	978.64	5536.70	5210.95		|
|2252.75	2586.00	2908.39	38.35	541.08	1673.14	2727.35	3817.33	75.29	1964.00	1202.89	1681.41	2884.80	1083.89	112.08	1672.00	1406.75	1986.89	1247.82	2955.50	1992.83	2446.17	310.89	1238.33	142.29	4350.33	559.75	59.82	3652.83	747.75	1408.33	792.08	0.00	1202.89	877.14		|
|434.40	517.88	2914.79	1839.00	982.73	1210.67	22.00	1749.22	356.89	256.00	1209.29	701.07	817.73	577.73	393.68	1953.60	3207.40	784.00	1054.05	887.38	2140.22	834.51	317.29	1519.93	1302.51	2282.22	2360.40	1860.47	1584.72338.50	1220.72	2384.42	281.60	0.00	414.67		|
|1834.94	1032.27	3078.83	3541.74	1934.33	796.00	3492.17	2263.61	4618.13	1979.69	1373.33	2101.61	1331.07	1529.33	4654.91	6214.83	4910.14	2507.69	1568.44	1401.77	2654.61	2558.20	831.69	5781.16	2057.67	2796.61	4063.14	2322.332099.11	800.31	1735.11	5334.91	4542.83	1723.69	0.00		|
*****************Final Output :*****************

Shorest Path between source 33 and destination 23 is: 7.


Shorest Path between source 33 and destination 23 is: 310.89.


Hop Count for source 33 and destination 23 is: 2.

Total Running Time of the Algorithm in Seconds is 0.0116310


Total no.of Key-Basic Operations are : 16411

***********************************

