****************************************************

SingleNodeAtATime

Size of Given input Graph is : 10
Path Matrix :
|	(1,)		(1,6,2,)		(1,9,3,)		(1,4,)		(1,9,3,5,)		(1,6,)		(1,7,)		(1,9,8,)		(1,9,)		(1,10,)		|
|	(2,1,)		(2,)		(2,9,3,)		(2,9,3,4,)		(2,5,)		(2,6,)		(2,9,3,4,7,)		(2,8,)		(2,9,)		(2,10,)		|
|	(3,1,)		(3,2,)		(3,)		(3,4,)		(3,5,)		(3,6,)		(3,4,7,)		(3,4,8,)		(3,4,9,)		(3,4,10,)		|
|	(4,1,)		(4,2,)		(4,3,)		(4,)		(4,5,)		(4,1,6,)		(4,7,)		(4,8,)		(4,9,)		(4,10,)		|
|	(5,2,1,)		(5,2,)		(5,8,9,3,)		(5,8,4,)		(5,)		(5,2,6,)		(5,7,)		(5,8,)		(5,8,9,)		(5,8,10,)		|
|	(6,1,)		(6,2,)		(6,1,9,3,)		(6,8,4,)		(6,2,5,)		(6,)		(6,1,7,)		(6,8,)		(6,1,9,)		(6,1,10,)		|
|	(7,2,1,)		(7,2,)		(7,3,)		(7,3,4,)		(7,2,5,)		(7,2,6,)		(7,)		(7,2,8,)		(7,2,9,)		(7,10,)		|
|	(8,1,)		(8,2,)		(8,9,3,)		(8,4,)		(8,5,)		(8,1,6,)		(8,4,7,)		(8,)		(8,9,)		(8,10,)		|
|	(9,3,1,)		(9,2,)		(9,3,)		(9,3,4,)		(9,3,5,)		(9,6,)		(9,3,4,7,)		(9,8,)		(9,)		(9,8,10,)		|
|	(10,4,1,)		(10,2,)		(10,4,3,)		(10,4,)		(10,4,5,)		(10,6,)		(10,4,7,)		(10,8,)		(10,4,9,)		(10,)		|
Hop Count Matrix :
|0	2	2	1	3	1	1	2	1	1		|
|1	0	2	3	1	1	4	1	1	1		|
|1	1	0	1	1	1	2	2	2	2		|
|1	1	1	0	1	2	1	1	1	1		|
|2	1	3	2	0	2	1	1	2	2		|
|1	1	3	2	2	0	2	1	2	2		|
|2	1	1	2	2	2	0	2	2	1		|
|1	1	2	1	1	2	2	0	1	1		|
|2	1	1	2	2	1	3	1	0	2		|
|2	1	2	1	2	1	2	1	2	0		|
Congestion Edge Matrix :
|0.00	-nan	-nan	92.00	-nan	19.72	178.26	-nan	242.39	217.34		|
|193.70	0.00	-nan	-nan	187.17	211.96	-nan	119.57	215.25	151.95		|
|157.25	231.03	0.00	10.78	165.37	212.22	-nan	-nan	-nan	-nan		|
|230.67	112.80	18.52	0.00	251.52	-nan	16.66	155.38	200.08	115.23		|
|-nan	192.77	-nan	-nan	0.00	-nan	177.85	234.19	-nan	-nan		|
|207.64	251.76	-nan	-nan	-nan	0.00	-nan	106.17	-nan	-nan		|
|-nan	216.71	245.01	-nan	-nan	-nan	0.00	-nan	-nan	98.00		|
|202.80	108.00	-nan	176.80	158.84	-nan	-nan	0.00	239.12	170.31		|
|-nan	90.00	5.60	-nan	-nan	137.17	-nan	7.14	0.00	-nan		|
|-nan	97.00	-nan	10.67	-nan	191.38	-nan	102.55	-nan	0.00		|

Predicted Path Delay Matrix :
|0	104	94	92	186	10	90	95	92	90		|
|91	0	93	97	90	98	104	93	91	94		|
|91	93	0	4	92	99	11	101	98	94		|
|92	94	9	0	97	102	7	97	94	90		|
|186	95	187	183	0	193	96	92	185	183		|
|92	94	186	182	184	0	182	91	184	182		|
|185	94	95	99	184	192	0	187	185	98		|
|97	90	95	91	98	107	98	0	93	91		|
|93	90	2	6	94	90	13	3	0	94		|
|96	97	13	4	101	96	11	94	98	0		|

Final Congestion Actual Delay Matrix :
|0.00	271.48	247.99	0.00	413.37	19.72	178.26	249.53	242.39	217.34		|
|193.70	0.00	220.85	231.64	187.17	211.96	248.30	119.57	215.25	151.95		|
|157.25	231.03	0.00	10.78	165.37	212.22	27.44	166.16	210.87	126.01		|
|230.67	112.80	18.52	0.00	251.52	250.39	16.66	155.38	200.08	115.23		|
|386.47	192.77	478.92	410.99	0.00	404.73	177.85	234.19	473.32	404.51		|
|207.64	251.76	455.63	282.96	438.94	0.00	385.90	106.17	450.03	424.97		|
|410.41	216.71	245.01	255.79	403.88	428.67	0.00	336.28	431.96	0.00		|
|202.80	108.00	244.73	176.80	158.84	222.52	193.46	0.00	239.12	170.31		|
|162.85	0.00	5.60	16.39	170.98	137.17	33.05	7.14	0.00	177.45		|
|241.34	0.00	29.18	10.67	262.19	191.38	27.33	102.55	210.75	0.00		|
*****************Final Output :*****************

Shorest Path between source 1 and destination 2 is: 104.


Shorest Path between source 1 and destination 2 is: 271.48.

Hop Count for source 1 and destination 2 is: 2.

Total Running Time of the Algorithm in Seconds is 0.0013380


Total no.of Key-Basic Operations are : 3189

********************************************
****************************************************

GivenExampleStrategy

Size of Given input Graph is : 10
Path Matrix :
|	(1,)		(1,6,2,)		(1,9,3,)		(1,4,)		(1,9,3,5,)		(1,6,)		(1,7,)		(1,9,8,)		(1,9,)		(1,10,)		|
|	(2,1,)		(2,)		(2,9,3,)		(2,9,3,4,)		(2,5,)		(2,6,)		(2,9,3,4,7,)		(2,8,)		(2,9,)		(2,10,)		|
|	(3,1,)		(3,2,)		(3,)		(3,4,)		(3,5,)		(3,6,)		(3,4,7,)		(3,4,8,)		(3,4,9,)		(3,4,10,)		|
|	(4,1,)		(4,2,)		(4,3,)		(4,)		(4,5,)		(4,1,6,)		(4,7,)		(4,8,)		(4,9,)		(4,10,)		|
|	(5,2,1,)		(5,2,)		(5,8,9,3,)		(5,8,4,)		(5,)		(5,2,6,)		(5,7,)		(5,8,)		(5,8,9,)		(5,8,10,)		|
|	(6,1,)		(6,2,)		(6,1,9,3,)		(6,8,4,)		(6,2,5,)		(6,)		(6,1,7,)		(6,8,)		(6,1,9,)		(6,1,10,)		|
|	(7,2,1,)		(7,2,)		(7,3,)		(7,3,4,)		(7,2,5,)		(7,2,6,)		(7,)		(7,2,8,)		(7,2,9,)		(7,10,)		|
|	(8,1,)		(8,2,)		(8,9,3,)		(8,4,)		(8,5,)		(8,1,6,)		(8,4,7,)		(8,)		(8,9,)		(8,10,)		|
|	(9,3,1,)		(9,2,)		(9,3,)		(9,3,4,)		(9,3,5,)		(9,6,)		(9,3,4,7,)		(9,8,)		(9,)		(9,8,10,)		|
|	(10,4,1,)		(10,2,)		(10,4,3,)		(10,4,)		(10,4,5,)		(10,6,)		(10,4,7,)		(10,8,)		(10,4,9,)		(10,)		|
Hop Count Matrix :
|0	2	2	1	3	1	1	2	1	1		|
|1	0	2	3	1	1	4	1	1	1		|
|1	1	0	1	1	1	2	2	2	2		|
|1	1	1	0	1	2	1	1	1	1		|
|2	1	3	2	0	2	1	1	2	2		|
|1	1	3	2	2	0	2	1	2	2		|
|2	1	1	2	2	2	0	2	2	1		|
|1	1	2	1	1	2	2	0	1	1		|
|2	1	1	2	2	1	3	1	0	2		|
|2	1	2	1	2	1	2	1	2	0		|

Congestion Edge Matrix :
|0.00	na	na	na	na	27.00	257.14	na	828.00	540.00		|
|303.33	0.00	na	na	247.50	367.50	na	119.57	424.67	174.57		|
|182.00	985.80	7599620096.00	86.67	202.40	363.00	na	na	na	na		|
|995.27	112.80	28.50	0.00	1729.83	na	30.33	174.60	313.33	117.00		|
|na	269.17	na	na	0.00	na	224.00	1104.00	na	na		|
|395.60	3227.33	na	na	na	7599775744.00	na	106.17	na	na		|
|na	407.33	1520.00	na	na	na	0.00	na	na	na		|
|323.33	108.00	na	232.56	183.75	na	na	0.00	1278.75	216.12		|
|na	na	23.60	na	na	150.00	na	13.00	0.00	na		|
|na	na	na	120.57	na	288.00	na	102.55	na	0.00		|

Predicted Path Delay Matrix :
|0	104	94	92	186	10	90	95	92	90		|
|91	0	93	97	90	98	104	93	91	94		|
|91	93	0	4	92	99	11	101	98	94		|
|92	94	9	0	97	102	7	97	94	90		|
|186	95	187	183	0	193	96	92	185	183		|
|92	94	186	182	184	0	182	91	184	182		|
|185	94	95	99	184	192	0	187	185	98		|
|97	90	95	91	98	107	98	0	93	91		|
|93	90	2	6	94	90	13	3	0	94		|
|96	97	13	4	101	96	11	94	98	0		|

Congestion Actual Delay Matrix :
|0.00	3254.33	851.60	0.00	1054.00	27.00	257.14	841.00	828.00	540.00		|
|303.33	0.00	448.27	534.93	247.50	367.50	565.27	119.57	424.67	174.57		|
|182.00	985.80	7599620096.00	86.67	202.40	363.00	117.00	261.27	400.00	203.67		|
|995.27	112.80	28.50	0.00	1729.83	1022.27	30.33	174.60	313.33	117.00		|
|572.50	269.17	2406.35	1336.56	0.00	636.67	224.00	1104.00	2382.75	1320.12		|
|395.60	3227.33	1247.20	338.72	3474.83	7599775744.00	652.74	106.17	1223.60	935.60		|
|710.67	407.33	1520.00	1606.67	654.83	774.83	0.00	526.90	832.00	0.00		|
|323.33	108.00	1302.35	232.56	183.75	350.33	262.89	0.00	1278.75	216.12		|
|205.60	0.00	23.60	110.27	226.00	150.00	140.60	13.00	0.00	229.12		|
|1115.84	0.00	149.07	120.57	1850.40	288.00	150.90	102.55	433.90	0.00		|
*****************Final Output :*****************

Shorest Path between source 1 and destination 2 is: 104.


Shorest Path between source 1 and destination 2 is: 3254.33.


Hop Count for source 1 and destination 2 is: 2.

Total Running Time of the Algorithm in Seconds is 0.0015510


Total no.of Key-Basic Operations are : 714

***********************************

