
****************************************************

SingleNodeAtATime

Size of Given input Graph is : 30
Path Matrix :
|	(1,)		(1,12,26,2,)		(1,12,11,24,10,3,)		(1,12,11,24,10,8,4,)		(1,28,5,)		(1,12,11,6,)		(1,12,11,7,)		(1,12,11,24,10,8,)		(1,28,19,9,)	(1,12,11,24,10,)		(1,12,11,)		(1,12,)		(1,12,11,13,)		(1,14,)		(1,12,11,15,)		(1,14,16,)		(1,12,23,17,)		(1,12,18,)		(1,28,19,)		(1,12,26,20,)		(1,12,26,21,)		(1,12,11,6,22,)		(1,12,23,)		(1,12,11,24,)		(1,12,11,24,25,)		(1,12,26,)		(1,12,23,17,27,)		(1,28,)		(1,12,26,20,29,)		(1,12,26,30,)		|
|	(2,6,24,10,8,1,)		(2,)		(2,6,24,10,3,)		(2,19,30,4,)		(2,6,22,5,)		(2,6,)		(2,19,11,7,)		(2,6,24,10,8,)		(2,19,9,)		(2,6,24,10,)	(2,19,11,)		(2,6,24,12,)		(2,19,11,13,)		(2,6,24,10,8,1,14,)		(2,19,11,15,)		(2,19,30,4,16,)		(2,6,24,23,17,)		(2,19,18,)		(2,19,)		(2,19,20,)	(2,26,21,)		(2,6,22,)		(2,6,24,23,)		(2,6,24,)		(2,6,24,25,)		(2,26,)		(2,6,27,)		(2,6,24,28,)		(2,19,20,29,)		(2,19,30,)		|
|	(3,4,16,21,17,11,24,10,8,1,)		(3,4,16,21,17,11,24,12,26,2,)		(3,)		(3,4,)		(3,4,16,22,5,)		(3,4,16,21,17,11,6,)		(3,4,16,21,17,11,7,)		(3,4,16,21,17,11,24,10,8,)		(3,4,16,27,19,9,)		(3,4,16,21,17,11,24,10,)		(3,4,16,21,17,11,)		(3,4,16,21,17,11,24,12,)		(3,4,16,21,17,11,13,)		(3,4,16,21,17,11,24,10,8,1,14,)		(3,4,16,21,17,11,15,)		(3,4,16,)		(3,4,16,21,17,)		(3,4,16,21,17,11,24,28,18,)		(3,4,16,27,19,)		(3,4,16,21,17,11,24,12,26,20,)		(3,4,16,21,)		(3,4,16,22,)		(3,4,16,21,17,11,24,23,)		(3,4,16,21,17,11,24,)		(3,4,16,25,)		(3,4,16,21,17,11,24,12,26,)		(3,4,16,27,)		(3,4,16,21,17,11,24,28,)		(3,4,16,21,17,11,24,28,29,)		(3,4,16,21,30,)		|
|	(4,16,21,17,11,24,10,8,1,)		(4,16,21,17,11,24,12,26,2,)		(4,16,21,17,11,24,10,3,)		(4,)		(4,16,22,5,)		(4,16,21,17,11,6,)		(4,16,21,17,11,7,)		(4,16,21,17,11,24,10,8,)		(4,16,27,19,9,)		(4,16,21,17,11,24,10,)		(4,16,21,17,11,)		(4,16,21,17,11,24,12,)		(4,16,21,17,11,13,)		(4,16,21,17,11,24,10,8,1,14,)		(4,16,21,17,11,15,)		(4,16,)		(4,16,21,17,)		(4,16,21,17,11,24,28,18,)		(4,16,27,19,)		(4,16,21,17,11,24,12,26,20,)		(4,16,21,)		(4,16,22,)		(4,16,21,17,11,24,23,)		(4,16,21,17,11,24,)		(4,16,25,)		(4,16,21,17,11,24,12,26,)		(4,16,27,)		(4,16,21,17,11,24,28,)		(4,16,21,17,11,24,28,29,)		(4,16,21,30,)		|
|	(5,28,10,8,1,)		(5,2,)		(5,28,10,3,)		(5,28,29,4,)		(5,)		(5,28,12,11,6,)		(5,7,)		(5,28,10,8,)		(5,28,19,9,)		(5,28,10,)		(5,28,12,11,)		(5,28,12,)		(5,28,12,11,13,)		(5,28,14,)		(5,15,)		(5,16,)		(5,28,12,23,17,)		(5,28,18,)		(5,28,19,)		(5,28,12,26,20,)	(5,16,21,)		(5,28,12,11,6,22,)		(5,28,12,23,)		(5,28,12,11,24,)		(5,28,18,25,)		(5,28,12,26,)		(5,28,12,23,17,27,)		(5,28,)		(5,28,29,)		(5,30,)		|
|	(6,24,10,8,1,)		(6,24,12,26,2,)		(6,24,10,3,)		(6,24,10,8,4,)		(6,22,5,)		(6,)		(6,24,12,11,7,)		(6,24,10,8,)		(6,24,28,19,9,)		(6,24,10,)	(6,24,12,11,)		(6,24,12,)		(6,24,12,11,13,)		(6,24,10,8,1,14,)		(6,24,12,11,15,)		(6,24,10,8,4,16,)		(6,24,23,17,)		(6,24,28,18,)		(6,24,28,19,)		(6,24,12,26,20,)		(6,24,12,26,21,)		(6,22,)		(6,24,23,)		(6,24,)		(6,24,25,)		(6,24,12,26,)		(6,27,)		(6,24,28,)		(6,24,28,29,)		(6,24,12,26,30,)		|
|	(7,10,8,1,)		(7,10,8,1,12,26,2,)		(7,10,3,)		(7,10,8,4,)		(7,10,8,1,28,5,)		(7,10,8,1,12,11,6,)		(7,)		(7,10,8,)		(7,10,8,1,28,19,9,)		(7,10,)		(7,10,8,1,12,11,)		(7,10,8,1,12,)		(7,10,8,1,12,11,13,)		(7,10,8,1,14,)		(7,10,8,1,12,11,15,)		(7,10,8,4,16,)		(7,10,8,1,12,23,17,)		(7,10,8,1,12,18,)		(7,10,8,1,28,19,)		(7,10,8,1,12,26,20,)		(7,10,8,4,16,21,)		(7,10,8,1,12,11,6,22,)		(7,10,8,1,12,23,)		(7,10,8,1,12,11,24,)		(7,10,25,)		(7,10,8,1,12,26,)		(7,10,8,1,12,23,17,27,)		(7,10,8,1,28,)		(7,10,8,1,12,26,20,29,)		(7,10,8,1,12,26,30,)		|
|	(8,1,)		(8,1,12,26,2,)		(8,1,12,11,24,10,3,)		(8,4,)		(8,1,28,5,)		(8,1,12,11,6,)		(8,1,12,11,7,)		(8,)		(8,1,28,19,9,)		(8,1,12,11,24,10,)	(8,1,12,11,)		(8,1,12,)		(8,1,12,11,13,)		(8,1,14,)		(8,1,12,11,15,)		(8,4,16,)		(8,1,12,23,17,)		(8,1,12,18,)		(8,1,28,19,)		(8,1,12,26,20,)(8,4,16,21,)		(8,1,12,11,6,22,)		(8,1,12,23,)		(8,1,12,11,24,)		(8,1,12,11,24,25,)		(8,1,12,26,)		(8,1,12,23,17,27,)		(8,1,28,)		(8,1,12,26,20,29,)		(8,1,12,26,30,)		|
|	(9,12,11,24,10,8,1,)		(9,12,26,2,)		(9,12,11,24,10,3,)		(9,12,11,24,10,8,4,)		(9,22,5,)		(9,12,11,6,)		(9,12,11,7,)		(9,12,11,24,10,8,)		(9,)		(9,12,11,24,10,)		(9,12,11,)		(9,12,)		(9,12,11,13,)		(9,12,11,24,10,8,1,14,)		(9,12,11,15,)		(9,12,11,24,10,8,4,16,)		(9,12,23,17,)		(9,12,18,)		(9,22,27,19,)		(9,12,26,20,)		(9,12,26,21,)		(9,22,)		(9,12,23,)		(9,12,11,24,)		(9,12,11,24,25,)		(9,12,26,)		(9,22,27,)		(9,12,11,24,28,)		(9,12,26,20,29,)		(9,12,26,30,)		|
|	(10,8,1,)		(10,8,1,12,26,2,)		(10,3,)		(10,8,4,)		(10,8,1,28,5,)		(10,8,1,12,11,6,)		(10,8,1,12,11,7,)		(10,8,)		(10,8,1,28,19,9,)	(10,)		(10,8,1,12,11,)		(10,8,1,12,)		(10,8,1,12,11,13,)		(10,8,1,14,)		(10,8,1,12,11,15,)		(10,8,4,16,)		(10,8,1,12,23,17,)		(10,8,1,12,18,)		(10,8,1,28,19,)		(10,8,1,12,26,20,)		(10,8,4,16,21,)		(10,8,1,12,11,6,22,)		(10,8,1,12,23,)		(10,8,1,12,11,24,)		(10,25,)		(10,8,1,12,26,)		(10,8,1,12,23,17,27,)		(10,8,1,28,)		(10,8,1,12,26,20,29,)		(10,8,1,12,26,30,)		|
|	(11,24,10,8,1,)		(11,24,12,26,2,)		(11,24,10,3,)		(11,24,10,8,4,)		(11,24,28,5,)		(11,6,)		(11,7,)		(11,24,10,8,)		(11,24,28,19,9,)		(11,24,10,)		(11,)		(11,24,12,)		(11,13,)		(11,24,10,8,1,14,)		(11,15,)		(11,24,10,8,4,16,)		(11,24,23,17,)		(11,24,28,18,)		(11,24,28,19,)(11,24,12,26,20,)		(11,24,12,26,21,)		(11,6,22,)		(11,24,23,)		(11,24,)		(11,24,25,)		(11,24,12,26,)		(11,24,23,17,27,)		(11,24,28,)	(11,24,28,29,)		(11,24,12,26,30,)		|
|	(12,11,24,10,8,1,)		(12,26,2,)		(12,11,24,10,3,)		(12,11,24,10,8,4,)		(12,11,24,28,5,)		(12,11,6,)		(12,11,7,)		(12,11,24,10,8,)	(12,26,2,19,9,)		(12,11,24,10,)		(12,11,)		(12,)		(12,11,13,)		(12,11,24,10,8,1,14,)		(12,11,15,)		(12,11,24,10,8,4,16,)		(12,23,17,)		(12,18,)		(12,26,2,19,)		(12,26,20,)		(12,26,21,)		(12,11,6,22,)		(12,23,)		(12,11,24,)		(12,11,24,25,)		(12,26,)		(12,23,17,27,)		(12,11,24,28,)		(12,26,20,29,)		(12,26,30,)		|
|	(13,1,)		(13,1,12,26,2,)		(13,1,12,11,24,10,3,)		(13,1,12,11,24,10,8,4,)		(13,1,28,5,)		(13,1,12,11,6,)		(13,1,12,11,7,)		(13,1,12,11,24,10,8,)		(13,1,28,19,9,)(13,1,12,11,24,10,)		(13,1,12,11,)		(13,1,12,)		(13,)		(13,1,14,)		(13,1,12,11,15,)		(13,1,14,16,)		(13,1,12,23,17,)		(13,1,12,18,)		(13,1,28,19,)		(13,1,12,26,20,)		(13,1,12,26,21,)		(13,1,12,11,6,22,)		(13,1,12,23,)		(13,1,12,11,24,)		(13,1,12,11,24,25,)		(13,1,12,26,)		(13,1,12,23,17,27,)		(13,1,28,)		(13,1,12,26,20,29,)		(13,1,12,26,30,)		|
|	(14,12,11,24,10,8,1,)		(14,12,26,2,)		(14,12,11,24,10,3,)		(14,12,11,24,10,8,4,)		(14,12,11,24,28,5,)		(14,12,11,6,)		(14,12,11,7,)		(14,12,11,24,10,8,)	(14,16,27,19,9,)		(14,12,11,24,10,)		(14,12,11,)		(14,12,)		(14,12,11,13,)		(14,)		(14,12,11,15,)		(14,16,)		(14,16,21,17,)		(14,12,18,)	(14,16,27,19,)		(14,12,26,20,)		(14,16,21,)		(14,16,22,)		(14,12,23,)		(14,12,11,24,)		(14,16,25,)		(14,12,26,)		(14,16,27,)		(14,12,11,24,28,)		(14,12,26,20,29,)		(14,12,26,30,)		|
|	(15,10,8,1,)		(15,12,26,2,)		(15,10,3,)		(15,10,8,4,)		(15,22,5,)		(15,11,6,)		(15,11,7,)		(15,10,8,)		(15,22,27,19,9,)		(15,10,)		(15,11,)		(15,12,)		(15,25,13,)		(15,10,8,1,14,)		(15,)		(15,10,8,4,16,)		(15,12,23,17,)		(15,12,18,)		(15,22,27,19,)		(15,25,20,)		(15,12,26,21,)		(15,22,)		(15,12,23,)		(15,11,24,)		(15,25,)		(15,12,26,)		(15,22,27,)		(15,11,24,28,)		(15,25,20,29,)		(15,12,26,30,)		|
|	(16,21,17,11,24,10,8,1,)		(16,21,17,11,24,12,26,2,)		(16,21,17,11,24,10,3,)		(16,21,17,11,24,10,8,4,)		(16,22,5,)		(16,21,17,11,6,)		(16,21,17,11,7,)		(16,21,17,11,24,10,8,)		(16,27,19,9,)		(16,21,17,11,24,10,)		(16,21,17,11,)		(16,21,17,11,24,12,)		(16,21,17,11,13,)		(16,21,17,11,24,10,8,1,14,)		(16,21,17,11,15,)		(16,)		(16,21,17,)		(16,21,17,11,24,28,18,)		(16,27,19,)		(16,21,17,11,24,12,26,20,)		(16,21,)		(16,22,)		(16,21,17,11,24,23,)		(16,21,17,11,24,)		(16,25,)		(16,21,17,11,24,12,26,)		(16,27,)		(16,21,17,11,24,28,)		(16,21,17,11,24,28,29,)		(16,21,30,)		|
|	(17,11,24,10,8,1,)		(17,11,24,12,26,2,)		(17,11,24,10,3,)		(17,11,24,10,8,4,)		(17,11,24,28,5,)		(17,11,6,)		(17,11,7,)		(17,11,24,10,8,)		(17,27,19,9,)		(17,11,24,10,)		(17,11,)		(17,11,24,12,)		(17,11,13,)		(17,11,24,10,8,1,14,)		(17,11,15,)		(17,11,24,10,8,4,16,)		(17,)	(17,11,24,28,18,)		(17,27,19,)		(17,11,24,12,26,20,)		(17,11,24,12,26,21,)		(17,11,6,22,)		(17,11,24,23,)		(17,11,24,)		(17,11,24,25,)		(17,11,24,12,26,)		(17,27,)		(17,11,24,28,)		(17,11,24,28,29,)		(17,11,24,12,26,30,)		|
|	(18,28,10,8,1,)		(18,28,12,26,2,)		(18,28,10,3,)		(18,28,29,4,)		(18,28,5,)		(18,16,21,17,11,6,)		(18,16,21,17,11,7,)		(18,28,10,8,)		(18,28,19,9,)		(18,28,10,)		(18,16,21,17,11,)		(18,28,12,)		(18,25,13,)		(18,28,14,)		(18,25,15,)		(18,16,)		(18,16,21,17,)		(18,)		(18,28,19,)		(18,25,20,)		(18,16,21,)		(18,16,22,)		(18,28,12,23,)		(18,16,21,17,11,24,)		(18,25,)		(18,28,12,26,)		(18,16,27,)		(18,28,)		(18,28,29,)		(18,16,21,30,)		|
|	(19,11,24,10,8,1,)		(19,11,24,12,26,2,)		(19,20,3,)		(19,30,4,)		(19,20,6,22,5,)		(19,20,6,)		(19,11,7,)		(19,11,24,10,8,)		(19,9,)(19,11,24,10,)		(19,11,)		(19,11,24,12,)		(19,11,13,)		(19,11,24,10,8,1,14,)		(19,11,15,)		(19,30,4,16,)		(19,11,24,23,17,)		(19,18,)		(19,)		(19,20,)		(19,30,4,16,21,)		(19,20,6,22,)		(19,11,24,23,)		(19,11,24,)		(19,11,24,25,)		(19,11,24,12,26,)		(19,20,6,27,)		(19,11,24,28,)		(19,20,29,)		(19,30,)		|
|	(20,6,24,10,8,1,)		(20,6,24,12,26,2,)		(20,3,)		(20,29,4,)		(20,6,22,5,)		(20,6,)		(20,6,24,12,11,7,)		(20,6,24,10,8,)		(20,6,24,28,19,9,)	(20,6,24,10,)		(20,6,24,12,11,)		(20,6,24,12,)		(20,6,24,12,11,13,)		(20,6,24,10,8,1,14,)		(20,6,24,12,11,15,)		(20,29,4,16,)		(20,6,24,23,17,)		(20,6,24,28,18,)		(20,6,24,28,19,)		(20,)		(20,29,4,16,21,)		(20,6,22,)		(20,6,24,23,)		(20,6,24,)		(20,6,24,25,)		(20,6,24,12,26,)		(20,6,27,)		(20,6,24,28,)		(20,29,)		(20,6,24,12,26,30,)		|
|	(21,17,11,24,10,8,1,)		(21,17,11,24,12,26,2,)		(21,17,11,24,10,3,)		(21,17,11,24,10,8,4,)		(21,17,11,24,28,5,)		(21,17,11,6,)		(21,17,11,7,)		(21,17,11,24,10,8,)		(21,17,27,19,9,)		(21,17,11,24,10,)		(21,17,11,)		(21,17,11,24,12,)		(21,17,11,13,)		(21,17,11,24,10,8,1,14,)		(21,17,11,15,)		(21,17,11,24,10,8,4,16,)		(21,17,)		(21,17,11,24,28,18,)		(21,17,27,19,)		(21,17,11,24,12,26,20,)		(21,)		(21,17,11,6,22,)		(21,17,11,24,23,)		(21,17,11,24,)		(21,17,11,24,25,)		(21,17,11,24,12,26,)		(21,17,27,)		(21,17,11,24,28,)		(21,17,11,24,28,29,)		(21,30,)		|
|	(22,5,28,10,8,1,)		(22,5,2,)		(22,5,28,10,3,)		(22,5,28,29,4,)		(22,5,)		(22,5,28,12,11,6,)		(22,5,7,)		(22,5,28,10,8,)		(22,27,19,9,)		(22,5,28,10,)		(22,5,28,12,11,)		(22,5,28,12,)		(22,5,28,12,11,13,)		(22,5,28,14,)		(22,5,15,)		(22,5,16,)		(22,5,28,12,23,17,)		(22,5,28,18,)	(22,27,19,)		(22,27,19,20,)		(22,5,16,21,)		(22,)		(22,5,28,12,23,)		(22,5,28,12,11,24,)		(22,5,28,18,25,)		(22,5,28,12,26,)		(22,27,)	(22,5,28,)		(22,5,28,29,)		(22,5,30,)		|
|	(23,17,11,24,10,8,1,)		(23,17,11,24,12,26,2,)		(23,17,11,24,10,3,)		(23,17,11,24,10,8,4,)		(23,17,11,24,28,5,)		(23,17,11,6,)		(23,17,11,7,)		(23,17,11,24,10,8,)		(23,17,27,19,9,)		(23,17,11,24,10,)		(23,17,11,)		(23,17,11,24,12,)		(23,17,11,13,)		(23,17,11,24,10,8,1,14,)		(23,17,11,15,)		(23,17,11,24,10,8,4,16,)		(23,17,)		(23,17,11,24,28,18,)		(23,17,27,19,)		(23,17,11,24,12,26,20,)		(23,17,11,24,12,26,21,)		(23,17,11,6,22,)		(23,)		(23,17,11,24,)		(23,17,11,24,25,)		(23,17,11,24,12,26,)		(23,17,27,)		(23,17,11,24,28,)		(23,17,11,24,28,29,)		(23,17,11,24,12,26,30,)		|
|	(24,10,8,1,)		(24,12,26,2,)		(24,10,3,)		(24,10,8,4,)		(24,28,5,)		(24,12,11,6,)		(24,12,11,7,)		(24,10,8,)		(24,28,19,9,)		(24,10,)		(24,12,11,)		(24,12,)		(24,12,11,13,)		(24,10,8,1,14,)		(24,12,11,15,)		(24,10,8,4,16,)		(24,23,17,)		(24,28,18,)		(24,28,19,)		(24,12,26,20,)		(24,12,26,21,)		(24,12,11,6,22,)		(24,23,)		(24,)		(24,25,)		(24,12,26,)		(24,23,17,27,)		(24,28,)		(24,28,29,)	(24,12,26,30,)		|
|	(25,13,1,)		(25,13,1,12,26,2,)		(25,3,)		(25,8,4,)		(25,6,22,5,)		(25,6,)		(25,13,1,12,11,7,)		(25,8,)		(25,6,24,28,19,9,)		(25,6,24,10,)		(25,13,1,12,11,)		(25,13,1,12,)		(25,13,)		(25,13,1,14,)		(25,15,)		(25,8,4,16,)		(25,13,1,12,23,17,)		(25,13,1,12,18,)		(25,6,24,28,19,)		(25,20,)		(25,8,4,16,21,)		(25,6,22,)		(25,13,1,12,23,)		(25,6,24,)		(25,)		(25,13,1,12,26,)		(25,6,27,)		(25,6,24,28,)		(25,20,29,)		(25,13,1,12,26,30,)		|
|	(26,20,6,24,10,8,1,)		(26,2,)		(26,20,3,)		(26,20,29,4,)		(26,20,6,22,5,)		(26,20,6,)		(26,21,17,11,7,)		(26,20,6,24,10,8,)		(26,2,19,9,)	(26,20,6,24,10,)		(26,21,17,11,)		(26,20,6,24,12,)		(26,21,17,11,13,)		(26,20,6,24,10,8,1,14,)		(26,21,17,11,15,)		(26,20,29,4,16,)		(26,21,17,)		(26,20,6,24,28,18,)		(26,2,19,)		(26,20,)		(26,21,)		(26,20,6,22,)		(26,20,6,24,23,)		(26,20,6,24,)		(26,20,6,24,25,)		(26,)		(26,20,6,27,)		(26,20,6,24,28,)		(26,20,29,)		(26,30,)		|
|	(27,8,1,)		(27,26,2,)		(27,10,3,)		(27,8,4,)		(27,19,20,6,22,5,)		(27,19,20,6,)		(27,11,7,)		(27,8,)		(27,19,9,)		(27,10,)		(27,11,)		(27,8,1,12,)		(27,11,13,)		(27,8,1,14,)		(27,11,15,)		(27,8,4,16,)		(27,17,)		(27,8,1,12,18,)		(27,19,)		(27,19,20,)		(27,26,21,)		(27,19,20,6,22,)		(27,8,1,12,23,)		(27,11,24,)		(27,10,25,)		(27,26,)		(27,)		(27,11,24,28,)		(27,19,20,29,)(27,19,30,)		|
|	(28,10,8,1,)		(28,12,26,2,)		(28,10,3,)		(28,29,4,)		(28,5,)		(28,12,11,6,)		(28,12,11,7,)		(28,10,8,)		(28,19,9,)		(28,10,)	(28,12,11,)		(28,12,)		(28,12,11,13,)		(28,14,)		(28,12,11,15,)		(28,18,16,)		(28,12,23,17,)		(28,18,)		(28,19,)		(28,12,26,20,)(28,18,16,21,)		(28,12,11,6,22,)		(28,12,23,)		(28,12,11,24,)		(28,18,25,)		(28,12,26,)		(28,12,23,17,27,)		(28,)		(28,29,)		(28,12,26,30,)		|
|	(29,20,6,24,10,8,1,)		(29,20,6,24,12,26,2,)		(29,20,3,)		(29,4,)		(29,5,)		(29,20,6,)		(29,4,16,21,17,11,7,)		(29,20,6,24,10,8,)		(29,4,16,27,19,9,)		(29,20,6,24,10,)		(29,4,16,21,17,11,)		(29,20,6,24,12,)		(29,4,16,21,17,11,13,)		(29,20,6,24,10,8,1,14,)		(29,15,)		(29,4,16,)		(29,4,16,21,17,)		(29,5,28,18,)		(29,4,16,27,19,)		(29,20,)		(29,4,16,21,)		(29,20,6,22,)		(29,20,6,24,23,)		(29,20,6,24,)		(29,4,16,25,)		(29,20,6,24,12,26,)		(29,4,16,27,)		(29,5,28,)		(29,)		(29,4,16,21,30,)		|
|	(30,28,10,8,1,)		(30,28,12,26,2,)		(30,28,10,3,)		(30,4,)		(30,28,5,)		(30,6,)		(30,28,12,11,7,)		(30,28,10,8,)		(30,28,19,9,)		(30,28,10,)		(30,28,12,11,)		(30,28,12,)		(30,28,12,11,13,)		(30,28,14,)		(30,28,12,11,15,)		(30,4,16,)		(30,17,)		(30,28,18,)		(30,28,19,)		(30,28,12,26,20,)		(30,4,16,21,)		(30,6,22,)		(30,28,12,23,)		(30,6,24,)		(30,4,16,25,)		(30,28,12,26,)		(30,4,16,27,)		(30,28,)	(30,28,29,)		(30,)		|
Hop Count Matrix :
|0	3	5	6	2	3	3	5	3	4	2	1	3	1	3	2	3	2	2	3	3	4	2	3	4	2	4	1	4	3|
|5	0	4	3	3	1	3	4	2	3	2	3	3	6	3	4	4	2	1	2	2	2	3	2	3	1	2	3	3	2|
|9	9	0	1	4	6	6	8	5	7	5	7	6	10	6	2	4	8	4	9	3	3	7	6	3	8	3	7	8	4|
|8	8	7	0	3	5	5	7	4	6	4	6	5	9	5	1	3	7	3	8	2	2	6	5	2	7	2	6	7	3|
|4	1	3	3	0	4	1	3	3	2	3	2	4	2	1	1	4	2	2	4	2	5	3	4	3	3	5	1	2	1|
|4	4	3	4	2	0	4	3	4	2	3	2	4	5	4	5	3	3	3	4	4	1	2	1	2	3	1	2	3	4|
|3	6	2	3	5	6	0	2	6	1	5	4	6	4	6	4	6	5	5	6	5	7	5	6	2	5	7	4	7	6|
|1	4	6	1	3	4	4	0	4	5	3	2	4	2	4	2	4	3	3	4	3	5	3	4	5	3	5	2	5	4|
|6	3	5	6	2	3	3	5	0	4	2	1	3	7	3	7	3	2	3	3	3	1	2	3	4	2	2	4	4	3|
|2	5	1	2	4	5	5	1	5	0	4	3	5	3	5	3	5	4	4	5	4	6	4	5	1	4	6	3	6	5|
|4	4	3	4	3	1	1	3	4	2	0	2	1	5	1	5	3	3	3	4	4	2	2	1	2	3	4	2	3	4|
|5	2	4	5	4	2	2	4	4	3	1	0	2	6	2	6	2	1	3	2	2	3	1	2	3	1	3	3	3	2|
|1	4	6	7	3	4	4	6	4	5	3	2	0	2	4	3	4	3	3	4	4	5	3	4	5	3	5	2	5	4|
|6	3	5	6	5	3	3	5	4	4	2	1	3	0	3	1	3	2	3	3	2	2	2	3	2	2	2	4	4	3|
|3	3	2	3	2	2	2	2	4	1	1	1	2	4	0	4	3	2	3	2	3	1	2	2	1	2	2	3	3	3|
|7	7	6	7	2	4	4	6	3	5	3	5	4	8	4	0	2	6	2	7	1	1	5	4	1	6	1	5	6	2|
|5	5	4	5	4	2	2	4	3	3	1	3	2	6	2	6	0	4	2	5	5	3	3	2	3	4	1	3	4	5|
|4	4	3	3	2	5	5	3	3	2	4	2	2	2	2	1	3	0	2	2	2	2	3	5	1	3	2	1	2	3|
|5	5	2	2	4	2	2	4	1	3	1	3	2	6	2	3	4	1	0	1	4	3	3	2	3	4	3	3	2	1|
|5	5	1	2	3	1	5	4	5	3	4	3	5	6	5	3	4	4	4	0	4	2	3	2	3	4	2	3	1	5|
|6	6	5	6	5	3	3	5	4	4	2	4	3	7	3	7	1	5	3	6	0	4	4	3	4	5	2	4	5	1|
|5	2	4	4	1	5	2	4	3	3	4	3	5	3	2	2	5	3	2	3	3	0	4	5	4	4	1	2	3	2|
|6	6	5	6	5	3	3	5	4	4	2	4	3	7	3	7	1	5	3	6	6	4	0	3	4	5	2	4	5	6|
|3	3	2	3	2	3	3	2	3	1	2	1	3	4	3	4	2	2	2	3	3	4	1	0	1	2	3	1	2	3|
|2	5	1	2	3	1	5	1	5	3	4	3	1	3	1	3	5	4	4	1	4	2	4	2	0	4	2	3	2	5|
|6	1	2	3	4	2	4	5	3	4	3	4	4	7	4	4	2	5	2	1	1	3	4	3	4	0	3	4	2	1|
|2	2	2	2	5	3	2	1	2	1	1	3	2	3	2	3	1	4	1	2	2	4	4	2	2	1	0	3	3	2|
|3	3	2	2	1	3	3	2	2	1	2	1	3	1	3	2	3	1	1	3	3	4	2	3	2	2	4	0	1	3|
|6	6	2	1	1	2	6	5	5	4	5	4	6	7	1	2	4	3	4	1	3	3	4	3	3	5	3	2	0	4|
|4	4	3	1	2	1	4	3	3	2	3	2	4	2	4	2	1	2	2	4	3	2	3	2	3	3	3	1	2	0|
Congestion Edge Matrix :
|0.00	-nan	-nan	-nan	-nan	-nan	-nan	-nan	-nan	-nan	-nan	5.65	-nan	5.56	-nan	-nan	-nan	-nan	-nan	-nan	-nan	-nan	-nan	-nan	-nan	-nan	-nan	266.53	-nan	-nan		|
|-nan	0.00	-nan	-nan	-nan	264.17	-nan	-nan	-nan	-nan	-nan	-nan	-nan	-nan	-nan	-nan	-nan	-nan	262.34	-nan	-nan	-nan	-nan	-nan	-nan	250.26	-nan	-nan	-nan	-nan		|
|-nan	-nan	0.00	271.50	-nan	-nan	-nan	-nan	-nan	-nan	-nan	-nan	-nan	-nan	-nan	-nan	-nan	-nan	-nan	-nan	-nan	-nan	-nan	-nan	-nan	-nan	-nan	-nan	-nan	-nan		|
|-nan	-nan	-nan	0.00	-nan	-nan	-nan	-nan	-nan	-nan	-nan	-nan	-nan	-nan	-nan	8.59	-nan	-nan	-nan	-nan	-nan	-nan	-nan	-nan	-nan	-nan	-nan	-nan	-nan	-nan		|
|-nan	91.00	-nan	-nan	0.00	-nan	99.00	-nan	-nan	-nan	-nan	-nan	-nan	-nan	95.00	190.00	-nan	-nan	-nan	-nan	-nan	-nan	-nan	-nan	-nan	-nan	-nan	10.58	-nan	99.00		|
|-nan	-nan	-nan	-nan	-nan	0.00	-nan	-nan	-nan	-nan	-nan	-nan	-nan	-nan	-nan	-nan	-nan	-nan	-nan	-nan	-nan	11.05	-nan	5.41	-nan	-nan	181.77	-nan	-nan	-nan		|
|-nan	-nan	-nan	-nan	-nan	-nan	0.00	-nan	-nan	13.81	-nan	-nan	-nan	-nan	-nan	-nan	-nan	-nan	-nan	-nan	-nan	-nan	-nan	-nan	-nan	-nan	-nan	-nan	-nan	-nan		|
|10.92	-nan	-nan	266.97	-nan	-nan	-nan	0.00	-nan	-nan	-nan	-nan	-nan	-nan	-nan	-nan	-nan	-nan	-nan	-nan	-nan	-nan	-nan	-nan	-nan	-nan	-nan	-nan	-nan	-nan		|
|-nan	-nan	-nan	-nan	-nan	-nan	-nan	-nan	0.00	-nan	-nan	228.83	-nan	-nan	-nan	-nan	-nan	-nan	-nan	-nan	-nan	94.00	-nan	-nan	-nan	-nan	-nan	-nan	-nan	-nan		|
|-nan	-nan	8.40	-nan	-nan	-nan	-nan	5.60	-nan	0.00	-nan	-nan	-nan	-nan	-nan	-nan	-nan	-nan	-nan	-nan	-nan	-nan	-nan	-nan	254.84	-nan	-nan	-nan	-nan	-nan		|
|-nan	-nan	-nan	-nan	-nan	252.43	253.44	-nan	-nan	-nan	0.00	-nan	249.28	-nan	198.31	-nan	-nan	-nan	-nan	-nan	-nan	-nan	-nan	11.24	-nan	-nan	-nan	-nan	-nan	-nan		|
|-nan	-nan	-nan	-nan	-nan	-nan	-nan	-nan	-nan	-nan	8.39	0.00	-nan	-nan	-nan	-nan	-nan	260.49	-nan	-nan	-nan	-nan	5.65	-nan	-nan	11.19	-nan	-nan	-nan	-nan		|
|7.77	-nan	-nan	-nan	-nan	-nan	-nan	-nan	-nan	-nan	-nan	-nan	0.00	-nan	-nan	-nan	-nan	-nan	-nan	-nan	-nan	-nan	-nan	-nan	-nan	-nan	-nan	-nan	-nan	-nan		|
|-nan	-nan	-nan	-nan	-nan	-nan	-nan	-nan	-nan	-nan	-nan	262.07	-nan	0.00	-nan	265.97	-nan	-nan	-nan	-nan	-nan	-nan	-nan	-nan	-nan	-nan	-nan	-nan	-nan	-nan		|
|-nan	-nan	-nan	-nan	-nan	-nan	-nan	-nan	-nan	205.83	265.06	267.30	-nan	-nan	0.00	-nan	-nan	-nan	-nan	-nan	-nan	194.00	-nan	-nan	181.56	-nan	-nan	-nan	-nan	-nan		|
|-nan	-nan	-nan	-nan	-nan	-nan	-nan	-nan	-nan	-nan	-nan	-nan	-nan	-nan	-nan	0.00	-nan	-nan	-nan	-nan	5.11	183.99	-nan	-nan	253.09	-nan	250.21	-nan	-nan	-nan		|
|-nan	-nan	-nan	-nan	-nan	-nan	-nan	-nan	-nan	-nan	14.08	-nan	-nan	-nan	-nan	-nan	0.00	-nan	-nan	-nan	-nan	-nan	-nan	-nan	-nan	-nan	274.35	-nan	-nan	-nan		|
|-nan	-nan	-nan	-nan	-nan	-nan	-nan	-nan	-nan	-nan	-nan	-nan	-nan	-nan	-nan	181.98	-nan	0.00	-nan	-nan	-nan	-nan	-nan	-nan	244.03	-nan	-nan	267.04	-nan	-nan		|
|-nan	-nan	-nan	-nan	-nan	-nan	-nan	-nan	11.04	-nan	8.65	-nan	-nan	-nan	-nan	-nan	-nan	186.14	0.00	12.27	-nan	-nan	-nan	-nan	-nan	-nan	-nan	-nan	-nan	15.36		|
|-nan	-nan	10.70	-nan	-nan	13.35	-nan	-nan	-nan	-nan	-nan	-nan	-nan	-nan	-nan	-nan	-nan	-nan	-nan	0.00	-nan	-nan	-nan	-nan	-nan	-nan	-nan	-nan	260.52-nan		|
|-nan	-nan	-nan	-nan	-nan	-nan	-nan	-nan	-nan	-nan	-nan	-nan	-nan	-nan	-nan	-nan	8.16	-nan	-nan	-nan	0.00	-nan	-nan	-nan	-nan	-nan	-nan	-nan	-nan	243.00		|
|-nan	-nan	-nan	-nan	268.28	-nan	-nan	-nan	-nan	-nan	-nan	-nan	-nan	-nan	-nan	-nan	-nan	-nan	-nan	-nan	-nan	0.00	-nan	-nan	-nan	-nan	262.30	-nan	-nan	-nan		|
|-nan	-nan	-nan	-nan	-nan	-nan	-nan	-nan	-nan	-nan	-nan	-nan	-nan	-nan	-nan	-nan	13.95	-nan	-nan	-nan	-nan	-nan	0.00	-nan	-nan	-nan	-nan	-nan	-nan	-nan		|
|-nan	-nan	-nan	-nan	-nan	-nan	-nan	-nan	-nan	8.37	-nan	10.71	-nan	-nan	-nan	-nan	-nan	-nan	-nan	-nan	-nan	-nan	11.05	0.00	221.63	-nan	-nan	250.23	-nan	-nan		|
|-nan	-nan	98.00	-nan	-nan	267.11	-nan	94.00	-nan	-nan	-nan	-nan	258.09	-nan	99.00	-nan	-nan	-nan	-nan	141.00	-nan	-nan	-nan	-nan	0.00	-nan	-nan	-nan	-nan	-nan		|
|-nan	261.85	-nan	-nan	-nan	-nan	-nan	-nan	-nan	-nan	-nan	-nan	-nan	-nan	-nan	-nan	-nan	-nan	-nan	234.03	252.72	-nan	-nan	-nan	-nan	0.00	-nan	-nan	-nan	264.34		|
|-nan	-nan	-nan	-nan	-nan	-nan	-nan	248.82	-nan	235.97	258.51	-nan	-nan	-nan	-nan	-nan	97.00	-nan	272.47	-nan	-nan	-nan	-nan	-nan	-nan	97.00	0.00	-nan	-nan	-nan		|
|-nan	-nan	-nan	-nan	248.62	-nan	-nan	-nan	-nan	13.77	-nan	11.13	-nan	10.08	-nan	-nan	-nan	11.12	269.97	-nan	-nan	-nan	-nan	-nan	-nan	-nan	-nan	0.00	271.90-nan		|
|-nan	-nan	-nan	5.52	176.03	-nan	-nan	-nan	-nan	-nan	-nan	-nan	-nan	-nan	251.54	-nan	-nan	-nan	-nan	5.47	-nan	-nan	-nan	-nan	-nan	-nan	-nan	-nan	0.00	-nan		|
|-nan	-nan	-nan	118.78	-nan	185.84	-nan	-nan	-nan	-nan	-nan	-nan	-nan	-nan	-nan	-nan	262.30	-nan	-nan	-nan	-nan	-nan	-nan	-nan	-nan	-nan	-nan	261.66	-nan	0.00		|

Predicted Path Delay Matrix :
|0	101	15	110	186	96	96	14	197	12	5	2	95	2	98	98	9	98	193	96	98	100	4	9	106	6	108	95	190	100		|
|107	0	104	193	197	96	190	103	100	101	99	102	189	109	192	196	107	192	96	101	186	100	102	98	195	94	190	188	195	101		|
|122	216	0	96	289	200	200	118	291	116	109	117	199	124	202	99	104	207	287	211	101	192	117	113	193	121	189	203	302	197		|
|26	120	23	0	193	104	104	22	195	20	13	21	103	28	106	3	8	111	191	115	5	96	21	17	97	25	93	107	206	101		|
|15	91	12	105	0	102	99	11	106	9	11	8	101	8	95	95	15	8	102	102	97	106	10	15	100	12	114	4	103	99		|
|11	105	8	103	101	0	100	7	194	5	9	6	99	13	102	106	11	96	190	100	102	4	6	2	99	10	94	92	191	104		|
|11	112	8	103	197	107	0	7	208	5	16	13	106	13	109	106	20	109	204	107	108	111	15	20	102	17	119	106	201	111		|
|4	105	19	96	190	100	100	0	201	16	9	6	99	6	102	99	13	102	197	100	101	104	8	13	110	10	112	99	194	104		|
|110	193	107	202	191	188	188	106	0	104	97	94	187	112	190	205	101	190	288	188	190	94	96	101	198	98	190	191	282	192		|
|6	107	3	98	192	102	102	2	203	0	11	8	101	8	104	101	15	104	199	102	103	106	10	15	97	12	114	101	196	106		|
|13	107	10	105	185	91	91	9	196	7	0	8	90	15	93	108	13	98	192	102	104	95	8	4	101	12	112	94	193	106		|
|16	99	13	108	188	94	94	12	199	10	3	0	93	18	96	111	7	96	195	94	96	98	2	7	104	4	106	97	188	98		|
|3	104	18	113	189	99	99	17	200	15	8	5	0	5	101	101	12	101	196	99	101	103	7	12	109	9	111	98	193	103		|
|111	194	108	203	283	189	189	107	288	105	98	95	188	0	191	96	101	191	284	189	98	189	97	102	190	99	186	192	283	193		|
|101	197	98	193	194	190	190	97	295	95	99	98	186	103	0	196	105	194	291	186	194	97	100	103	92	102	193	193	280	196		|
|23	117	20	115	190	101	101	19	192	17	10	18	100	25	103	0	5	108	188	112	2	93	18	14	94	22	90	104	203	98		|
|18	112	15	110	190	96	96	14	201	12	5	13	95	20	98	113	0	103	197	107	109	100	13	9	106	17	99	99	198	111		|
|107	199	104	197	187	191	191	103	198	101	100	100	186	100	191	90	95	0	194	186	92	183	102	104	92	104	180	96	195	188		|
|16	110	9	97	111	10	94	12	4	10	3	11	93	18	96	100	16	96	0	5	102	14	11	7	104	15	104	97	99	5|
|16	110	4	96	106	5	105	12	199	10	14	11	104	18	107	99	16	101	195	0	101	9	11	7	104	15	99	97	94	109		|
|21	115	18	113	193	99	99	17	204	15	8	16	98	23	101	116	3	106	200	110	0	103	16	12	109	20	102	102	201	96		|
|112	188	109	202	97	199	196	108	198	106	108	105	198	105	192	192	112	105	194	199	194	0	107	112	197	109	96	101	200	196		|
|23	117	20	115	195	101	101	19	206	17	10	18	100	25	103	118	5	108	202	112	114	105	0	14	111	22	104	104	203	116		|
|9	103	6	101	181	98	98	5	192	3	7	4	97	11	100	104	9	94	188	98	100	102	4	0	97	8	108	90	189	102		|
|97	198	98	190	200	99	193	94	293	104	102	99	94	99	99	193	106	195	289	94	195	103	101	101	0	103	193	191	188	197		|
|106	95	94	186	196	95	191	102	195	100	100	101	190	108	193	189	95	191	191	90	92	99	101	97	194	0	189	187	184	94		|
|96	192	94	188	209	108	187	92	102	91	96	98	186	98	189	191	97	194	98	103	189	112	100	100	188	97	0	190	197	103		|
|11	103	8	101	91	98	98	7	102	5	7	4	97	4	100	94	11	4	98	98	96	102	6	11	96	8	110	0	99	102		|
|18	112	6	2	91	7	106	14	197	12	15	13	105	20	97	5	10	99	193	2	7	11	13	9	99	17	95	95	0	103		|
|106	198	103	92	186	97	193	102	197	100	102	99	192	99	195	95	99	99	193	193	97	101	101	99	189	103	185	95	194	0|

Final Congestion Actual Delay Matrix :
|0.00	278.69	42.05	306.21	515.15	266.48	267.48	39.25	547.55	33.65	14.04	5.65	263.32	5.56	212.35	271.53	25.25	266.14	536.51	250.87	269.56	277.53	11.30	25.28	246.91	16.84	299.60	266.53	511.39281.18		|
|294.47	0.00	286.35	396.48	543.51	264.17	524.43	283.55	273.38	277.95	270.99	280.29	520.27	300.03	469.31	405.07	294.58	448.48	262.34	274.61	502.98	275.23	280.63	269.58	491.21	250.26	445.94	519.81	535.13277.70		|
|343.57	602.44	0.00	271.50	732.36	559.88	560.89	332.66	813.82	327.06	307.45	329.40	556.73	349.14	505.76	280.09	293.37	580.03	802.78	574.61	285.21	464.08	329.74	318.69	533.18	340.59	530.31	568.91	840.82528.21		|
|72.08	330.94	63.96	0.00	460.86	288.39	289.39	61.16	542.32	55.56	35.95	57.90	285.23	77.64	234.26	8.59	21.87	308.54	531.28	303.12	13.71	192.58	58.24	47.19	261.68	69.09	258.81	297.42	569.32256.71		|
|40.86	0.00	32.75	288.00	0.00	282.54	0.00	29.95	291.59	24.35	30.10	21.71	279.38	20.66	0.00	190.00	41.31	21.70	280.55	266.93	195.11	293.59	27.36	41.34	265.73	32.90	315.66	10.58	282.480.00		|
|30.29	289.16	22.18	286.34	279.33	0.00	277.95	19.38	536.65	13.78	24.51	16.12	273.79	35.86	222.82	294.94	30.41	266.75	525.61	261.33	280.03	11.05	16.46	5.41	227.04	27.30	181.77	255.63	527.54291.65		|
|30.32	309.01	22.21	286.37	545.48	296.80	0.00	19.41	577.87	13.81	44.37	35.97	293.65	35.89	242.68	294.97	55.57	296.47	566.83	281.19	300.08	307.85	41.62	55.60	268.65	47.16	329.92	296.86	541.71311.50		|
|10.92	289.61	52.97	266.97	526.07	277.39	278.40	0.00	558.47	44.57	24.96	16.57	274.24	16.48	223.27	275.56	36.16	277.06	547.42	261.78	280.67	288.44	22.21	36.19	257.83	27.75	310.51	277.45	522.30292.10		|
|273.35	501.87	265.24	529.40	362.28	489.66	490.67	262.43	0.00	256.84	237.23	228.83	486.51	278.91	435.54	537.99	248.43	489.33	628.77	474.05	492.74	0.00	234.48	248.46	470.09	240.02	356.30	498.69	734.57504.36		|
|16.51	295.20	8.40	272.56	531.67	282.99	284.00	5.60	564.06	0.00	30.56	22.16	279.84	22.08	228.87	281.16	41.76	282.66	553.02	267.38	286.27	294.04	27.81	41.79	254.84	33.35	316.11	283.05	527.90297.69		|
|36.12	294.99	28.01	292.17	510.08	252.43	253.44	25.21	542.48	19.61	0.00	21.95	249.28	41.69	198.31	300.77	36.24	272.58	531.44	267.16	285.86	263.49	22.29	11.24	232.87	33.14	310.59	261.46	533.37297.48		|
|44.52	273.04	36.41	300.57	518.47	260.83	261.83	33.60	546.42	28.00	8.39	0.00	257.67	50.08	206.70	309.16	19.60	260.49	535.38	245.22	263.91	271.88	5.65	19.63	241.26	11.19	293.95	269.86	505.74275.53		|
|7.77	286.46	49.83	313.99	522.93	274.25	275.25	47.02	555.32	41.42	21.81	13.42	0.00	13.34	220.13	279.30	33.02	273.92	544.28	258.64	277.33	285.30	19.07	33.05	254.68	24.61	307.37	274.31	519.16288.95		|
|306.59	535.11	298.48	562.64	780.55	522.90	523.90	295.67	799.70	290.07	270.46	262.07	519.74	0.00	468.78	265.97	279.24	522.57	788.65	507.29	271.08	449.95	267.72	281.70	519.05	273.26	516.18	531.93	767.81537.60		|
|222.35	540.34	214.24	478.40	462.28	517.49	518.50	211.43	739.81	205.83	265.06	267.30	439.65	227.91	0.00	486.99	286.90	527.79	728.77	322.56	531.21	194.00	272.95	276.29	181.56	278.49	456.30	526.52	583.08542.83		|
|63.48	322.35	55.37	319.53	452.27	279.79	280.80	52.57	533.73	46.97	27.36	49.31	276.64	69.05	225.67	0.00	13.27	299.94	522.68	294.52	5.11	183.99	49.65	38.60	253.09	60.49	250.21	288.82	560.73248.11		|
|50.21	309.07	42.10	306.26	524.17	266.52	267.52	39.29	557.86	33.69	14.08	36.03	263.36	55.77	212.40	314.85	0.00	286.67	546.82	281.25	299.94	277.57	36.37	25.32	246.95	47.22	274.35	275.55	547.45311.56		|
|297.33	551.22	289.22	544.47	515.66	461.77	462.78	286.41	548.06	280.81	209.34	278.17	502.13	277.13	343.03	181.98	195.25	0.00	537.02	385.03	187.09	365.96	283.82	220.57	244.03	289.36	432.19	267.04	538.95430.09		|
|44.78	303.64	22.97	134.14	304.95	25.62	262.09	33.86	11.04	28.26	8.65	30.60	257.93	50.34	206.97	142.73	44.89	186.14	0.00	12.27	147.85	36.67	30.94	19.89	241.52	41.79	207.39	270.12	272.7915.36		|
|43.64	302.50	10.70	266.04	292.68	13.35	291.30	32.72	550.00	27.13	37.85	29.46	287.14	49.20	236.17	274.63	43.76	280.10	538.95	0.00	279.75	24.40	29.81	18.75	240.38	40.65	195.12	268.98	260.52304.99		|
|58.37	317.23	50.26	314.42	532.33	274.68	275.68	47.45	566.02	41.85	22.24	44.19	271.52	63.93	220.56	323.01	8.16	294.83	554.98	289.41	0.00	285.73	44.53	33.48	255.11	55.38	282.51	283.71	555.61243.00		|
|309.14	359.28	301.03	556.28	268.28	550.82	367.28	298.23	545.81	292.63	298.38	289.99	547.66	288.94	363.28	458.28	309.59	289.98	534.77	547.04	463.39	0.00	295.64	309.62	534.02	301.18	262.30	278.86	550.77367.28		|
|64.16	323.02	56.05	320.21	538.12	280.47	281.47	53.24	571.81	47.64	28.03	49.98	277.31	69.72	226.35	328.80	13.95	300.62	560.77	295.20	313.89	291.52	0.00	39.27	260.90	61.17	288.30	289.50	561.40325.51		|
|24.89	283.75	16.78	280.94	498.85	271.54	272.54	13.97	531.24	8.37	19.10	10.71	268.38	30.45	217.41	289.53	25.00	261.35	520.20	255.93	274.62	282.59	11.05	0.00	221.63	21.90	299.35	250.23	522.13286.24		|
|265.87	544.56	0.00	360.97	546.44	267.11	533.35	0.00	803.76	280.89	279.91	271.51	258.09	271.43	0.00	369.56	291.11	532.01	792.71	141.00	374.67	278.16	277.16	272.51	0.00	282.70	448.88	522.74	401.52547.05		|
|277.67	261.85	244.73	500.07	526.71	247.38	528.41	266.75	535.23	261.15	274.97	263.49	524.25	283.23	473.28	508.66	260.88	514.13	524.19	234.03	252.72	258.43	263.83	252.78	474.41	0.00	429.15	503.01	494.55264.34		|
|259.74	358.85	244.37	515.79	577.42	298.09	511.95	248.82	283.51	235.97	258.51	265.39	507.79	265.30	456.82	524.38	0.00	525.88	272.47	284.74	349.72	309.14	271.04	269.74	490.81	0.00	0.00	519.97	545.26287.83		|
|30.28	284.17	22.17	277.42	248.62	271.96	272.96	19.37	281.01	13.77	19.52	11.13	268.80	10.08	217.83	193.10	30.73	11.12	269.97	256.35	198.21	283.01	16.78	30.76	255.15	22.32	305.08	0.00	271.90286.66		|
|49.11	307.98	16.17	5.52	176.03	18.82	294.91	38.20	547.84	32.60	41.47	34.93	290.75	54.68	251.54	14.11	27.38	197.74	536.79	5.47	19.22	29.87	35.28	24.22	267.20	46.12	264.32	186.61	0.00	262.22		|
|291.94	545.83	283.83	118.78	510.28	185.84	534.62	281.02	542.67	275.42	281.18	272.79	530.46	271.74	479.49	127.37	262.30	272.78	531.63	518.00	132.48	196.89	278.43	191.24	380.46	283.98	377.58	261.66	533.560.00		|
*****************Final Output :*****************

Shorest Path between source 3 and destination 26 is: 121.


Shorest Path between source 3 and destination 26 is: 340.59.

Hop Count for source 3 and destination 26 is: 8.

Total Running Time of the Algorithm in Seconds is 0.0085300


Total no.of Key-Basic Operations are : 37931

*********************************************
****************************************************

GivenExampleStrategy

Size of Given input Graph is : 30
Path Matrix :
|	(1,)		(1,12,26,2,)		(1,12,11,24,10,3,)		(1,12,11,24,10,8,4,)		(1,28,5,)		(1,12,11,6,)		(1,12,11,7,)		(1,12,11,24,10,8,)		(1,28,19,9,)	(1,12,11,24,10,)		(1,12,11,)		(1,12,)		(1,12,11,13,)		(1,14,)		(1,12,11,15,)		(1,14,16,)		(1,12,23,17,)		(1,12,18,)		(1,28,19,)		(1,12,26,20,)		(1,12,26,21,)		(1,12,11,6,22,)		(1,12,23,)		(1,12,11,24,)		(1,12,11,24,25,)		(1,12,26,)		(1,12,23,17,27,)		(1,28,)		(1,12,26,20,29,)		(1,12,26,30,)		|
|	(2,6,24,10,8,1,)		(2,)		(2,6,24,10,3,)		(2,19,30,4,)		(2,6,22,5,)		(2,6,)		(2,19,11,7,)		(2,6,24,10,8,)		(2,19,9,)		(2,6,24,10,)	(2,19,11,)		(2,6,24,12,)		(2,19,11,13,)		(2,6,24,10,8,1,14,)		(2,19,11,15,)		(2,19,30,4,16,)		(2,6,24,23,17,)		(2,19,18,)		(2,19,)		(2,19,20,)	(2,26,21,)		(2,6,22,)		(2,6,24,23,)		(2,6,24,)		(2,6,24,25,)		(2,26,)		(2,6,27,)		(2,6,24,28,)		(2,19,20,29,)		(2,19,30,)		|
|	(3,4,16,21,17,11,24,10,8,1,)		(3,4,16,21,17,11,24,12,26,2,)		(3,)		(3,4,)		(3,4,16,22,5,)		(3,4,16,21,17,11,6,)		(3,4,16,21,17,11,7,)		(3,4,16,21,17,11,24,10,8,)		(3,4,16,27,19,9,)		(3,4,16,21,17,11,24,10,)		(3,4,16,21,17,11,)		(3,4,16,21,17,11,24,12,)		(3,4,16,21,17,11,13,)		(3,4,16,21,17,11,24,10,8,1,14,)		(3,4,16,21,17,11,15,)		(3,4,16,)		(3,4,16,21,17,)		(3,4,16,21,17,11,24,28,18,)		(3,4,16,27,19,)		(3,4,16,21,17,11,24,12,26,20,)		(3,4,16,21,)		(3,4,16,22,)		(3,4,16,21,17,11,24,23,)		(3,4,16,21,17,11,24,)		(3,4,16,25,)		(3,4,16,21,17,11,24,12,26,)		(3,4,16,27,)		(3,4,16,21,17,11,24,28,)		(3,4,16,21,17,11,24,28,29,)		(3,4,16,21,30,)		|
|	(4,16,21,17,11,24,10,8,1,)		(4,16,21,17,11,24,12,26,2,)		(4,16,21,17,11,24,10,3,)		(4,)		(4,16,22,5,)		(4,16,21,17,11,6,)		(4,16,21,17,11,7,)		(4,16,21,17,11,24,10,8,)		(4,16,27,19,9,)		(4,16,21,17,11,24,10,)		(4,16,21,17,11,)		(4,16,21,17,11,24,12,)		(4,16,21,17,11,13,)		(4,16,21,17,11,24,10,8,1,14,)		(4,16,21,17,11,15,)		(4,16,)		(4,16,21,17,)		(4,16,21,17,11,24,28,18,)		(4,16,27,19,)		(4,16,21,17,11,24,12,26,20,)		(4,16,21,)		(4,16,22,)		(4,16,21,17,11,24,23,)		(4,16,21,17,11,24,)		(4,16,25,)		(4,16,21,17,11,24,12,26,)		(4,16,27,)		(4,16,21,17,11,24,28,)		(4,16,21,17,11,24,28,29,)		(4,16,21,30,)		|
|	(5,28,10,8,1,)		(5,2,)		(5,28,10,3,)		(5,28,29,4,)		(5,)		(5,28,12,11,6,)		(5,7,)		(5,28,10,8,)		(5,28,19,9,)		(5,28,10,)		(5,28,12,11,)		(5,28,12,)		(5,28,12,11,13,)		(5,28,14,)		(5,15,)		(5,16,)		(5,28,12,23,17,)		(5,28,18,)		(5,28,19,)		(5,28,12,26,20,)	(5,16,21,)		(5,28,12,11,6,22,)		(5,28,12,23,)		(5,28,12,11,24,)		(5,28,18,25,)		(5,28,12,26,)		(5,28,12,23,17,27,)		(5,28,)		(5,28,29,)		(5,30,)		|
|	(6,24,10,8,1,)		(6,24,12,26,2,)		(6,24,10,3,)		(6,24,10,8,4,)		(6,22,5,)		(6,)		(6,24,12,11,7,)		(6,24,10,8,)		(6,24,28,19,9,)		(6,24,10,)	(6,24,12,11,)		(6,24,12,)		(6,24,12,11,13,)		(6,24,10,8,1,14,)		(6,24,12,11,15,)		(6,24,10,8,4,16,)		(6,24,23,17,)		(6,24,28,18,)		(6,24,28,19,)		(6,24,12,26,20,)		(6,24,12,26,21,)		(6,22,)		(6,24,23,)		(6,24,)		(6,24,25,)		(6,24,12,26,)		(6,27,)		(6,24,28,)		(6,24,28,29,)		(6,24,12,26,30,)		|
|	(7,10,8,1,)		(7,10,8,1,12,26,2,)		(7,10,3,)		(7,10,8,4,)		(7,10,8,1,28,5,)		(7,10,8,1,12,11,6,)		(7,)		(7,10,8,)		(7,10,8,1,28,19,9,)		(7,10,)		(7,10,8,1,12,11,)		(7,10,8,1,12,)		(7,10,8,1,12,11,13,)		(7,10,8,1,14,)		(7,10,8,1,12,11,15,)		(7,10,8,4,16,)		(7,10,8,1,12,23,17,)		(7,10,8,1,12,18,)		(7,10,8,1,28,19,)		(7,10,8,1,12,26,20,)		(7,10,8,4,16,21,)		(7,10,8,1,12,11,6,22,)		(7,10,8,1,12,23,)		(7,10,8,1,12,11,24,)		(7,10,25,)		(7,10,8,1,12,26,)		(7,10,8,1,12,23,17,27,)		(7,10,8,1,28,)		(7,10,8,1,12,26,20,29,)		(7,10,8,1,12,26,30,)		|
|	(8,1,)		(8,1,12,26,2,)		(8,1,12,11,24,10,3,)		(8,4,)		(8,1,28,5,)		(8,1,12,11,6,)		(8,1,12,11,7,)		(8,)		(8,1,28,19,9,)		(8,1,12,11,24,10,)	(8,1,12,11,)		(8,1,12,)		(8,1,12,11,13,)		(8,1,14,)		(8,1,12,11,15,)		(8,4,16,)		(8,1,12,23,17,)		(8,1,12,18,)		(8,1,28,19,)		(8,1,12,26,20,)(8,4,16,21,)		(8,1,12,11,6,22,)		(8,1,12,23,)		(8,1,12,11,24,)		(8,1,12,11,24,25,)		(8,1,12,26,)		(8,1,12,23,17,27,)		(8,1,28,)		(8,1,12,26,20,29,)		(8,1,12,26,30,)		|
|	(9,12,11,24,10,8,1,)		(9,12,26,2,)		(9,12,11,24,10,3,)		(9,12,11,24,10,8,4,)		(9,22,5,)		(9,12,11,6,)		(9,12,11,7,)		(9,12,11,24,10,8,)		(9,)		(9,12,11,24,10,)		(9,12,11,)		(9,12,)		(9,12,11,13,)		(9,12,11,24,10,8,1,14,)		(9,12,11,15,)		(9,12,11,24,10,8,4,16,)		(9,12,23,17,)		(9,12,18,)		(9,22,27,19,)		(9,12,26,20,)		(9,12,26,21,)		(9,22,)		(9,12,23,)		(9,12,11,24,)		(9,12,11,24,25,)		(9,12,26,)		(9,22,27,)		(9,12,11,24,28,)		(9,12,26,20,29,)		(9,12,26,30,)		|
|	(10,8,1,)		(10,8,1,12,26,2,)		(10,3,)		(10,8,4,)		(10,8,1,28,5,)		(10,8,1,12,11,6,)		(10,8,1,12,11,7,)		(10,8,)		(10,8,1,28,19,9,)	(10,)		(10,8,1,12,11,)		(10,8,1,12,)		(10,8,1,12,11,13,)		(10,8,1,14,)		(10,8,1,12,11,15,)		(10,8,4,16,)		(10,8,1,12,23,17,)		(10,8,1,12,18,)		(10,8,1,28,19,)		(10,8,1,12,26,20,)		(10,8,4,16,21,)		(10,8,1,12,11,6,22,)		(10,8,1,12,23,)		(10,8,1,12,11,24,)		(10,25,)		(10,8,1,12,26,)		(10,8,1,12,23,17,27,)		(10,8,1,28,)		(10,8,1,12,26,20,29,)		(10,8,1,12,26,30,)		|
|	(11,24,10,8,1,)		(11,24,12,26,2,)		(11,24,10,3,)		(11,24,10,8,4,)		(11,24,28,5,)		(11,6,)		(11,7,)		(11,24,10,8,)		(11,24,28,19,9,)		(11,24,10,)		(11,)		(11,24,12,)		(11,13,)		(11,24,10,8,1,14,)		(11,15,)		(11,24,10,8,4,16,)		(11,24,23,17,)		(11,24,28,18,)		(11,24,28,19,)(11,24,12,26,20,)		(11,24,12,26,21,)		(11,6,22,)		(11,24,23,)		(11,24,)		(11,24,25,)		(11,24,12,26,)		(11,24,23,17,27,)		(11,24,28,)	(11,24,28,29,)		(11,24,12,26,30,)		|
|	(12,11,24,10,8,1,)		(12,26,2,)		(12,11,24,10,3,)		(12,11,24,10,8,4,)		(12,11,24,28,5,)		(12,11,6,)		(12,11,7,)		(12,11,24,10,8,)	(12,26,2,19,9,)		(12,11,24,10,)		(12,11,)		(12,)		(12,11,13,)		(12,11,24,10,8,1,14,)		(12,11,15,)		(12,11,24,10,8,4,16,)		(12,23,17,)		(12,18,)		(12,26,2,19,)		(12,26,20,)		(12,26,21,)		(12,11,6,22,)		(12,23,)		(12,11,24,)		(12,11,24,25,)		(12,26,)		(12,23,17,27,)		(12,11,24,28,)		(12,26,20,29,)		(12,26,30,)		|
|	(13,1,)		(13,1,12,26,2,)		(13,1,12,11,24,10,3,)		(13,1,12,11,24,10,8,4,)		(13,1,28,5,)		(13,1,12,11,6,)		(13,1,12,11,7,)		(13,1,12,11,24,10,8,)		(13,1,28,19,9,)(13,1,12,11,24,10,)		(13,1,12,11,)		(13,1,12,)		(13,)		(13,1,14,)		(13,1,12,11,15,)		(13,1,14,16,)		(13,1,12,23,17,)		(13,1,12,18,)		(13,1,28,19,)		(13,1,12,26,20,)		(13,1,12,26,21,)		(13,1,12,11,6,22,)		(13,1,12,23,)		(13,1,12,11,24,)		(13,1,12,11,24,25,)		(13,1,12,26,)		(13,1,12,23,17,27,)		(13,1,28,)		(13,1,12,26,20,29,)		(13,1,12,26,30,)		|
|	(14,12,11,24,10,8,1,)		(14,12,26,2,)		(14,12,11,24,10,3,)		(14,12,11,24,10,8,4,)		(14,12,11,24,28,5,)		(14,12,11,6,)		(14,12,11,7,)		(14,12,11,24,10,8,)	(14,16,27,19,9,)		(14,12,11,24,10,)		(14,12,11,)		(14,12,)		(14,12,11,13,)		(14,)		(14,12,11,15,)		(14,16,)		(14,16,21,17,)		(14,12,18,)	(14,16,27,19,)		(14,12,26,20,)		(14,16,21,)		(14,16,22,)		(14,12,23,)		(14,12,11,24,)		(14,16,25,)		(14,12,26,)		(14,16,27,)		(14,12,11,24,28,)		(14,12,26,20,29,)		(14,12,26,30,)		|
|	(15,10,8,1,)		(15,12,26,2,)		(15,10,3,)		(15,10,8,4,)		(15,22,5,)		(15,11,6,)		(15,11,7,)		(15,10,8,)		(15,22,27,19,9,)		(15,10,)		(15,11,)		(15,12,)		(15,25,13,)		(15,10,8,1,14,)		(15,)		(15,10,8,4,16,)		(15,12,23,17,)		(15,12,18,)		(15,22,27,19,)		(15,25,20,)		(15,12,26,21,)		(15,22,)		(15,12,23,)		(15,11,24,)		(15,25,)		(15,12,26,)		(15,22,27,)		(15,11,24,28,)		(15,25,20,29,)		(15,12,26,30,)		|
|	(16,21,17,11,24,10,8,1,)		(16,21,17,11,24,12,26,2,)		(16,21,17,11,24,10,3,)		(16,21,17,11,24,10,8,4,)		(16,22,5,)		(16,21,17,11,6,)		(16,21,17,11,7,)		(16,21,17,11,24,10,8,)		(16,27,19,9,)		(16,21,17,11,24,10,)		(16,21,17,11,)		(16,21,17,11,24,12,)		(16,21,17,11,13,)		(16,21,17,11,24,10,8,1,14,)		(16,21,17,11,15,)		(16,)		(16,21,17,)		(16,21,17,11,24,28,18,)		(16,27,19,)		(16,21,17,11,24,12,26,20,)		(16,21,)		(16,22,)		(16,21,17,11,24,23,)		(16,21,17,11,24,)		(16,25,)		(16,21,17,11,24,12,26,)		(16,27,)		(16,21,17,11,24,28,)		(16,21,17,11,24,28,29,)		(16,21,30,)		|
|	(17,11,24,10,8,1,)		(17,11,24,12,26,2,)		(17,11,24,10,3,)		(17,11,24,10,8,4,)		(17,11,24,28,5,)		(17,11,6,)		(17,11,7,)		(17,11,24,10,8,)		(17,27,19,9,)		(17,11,24,10,)		(17,11,)		(17,11,24,12,)		(17,11,13,)		(17,11,24,10,8,1,14,)		(17,11,15,)		(17,11,24,10,8,4,16,)		(17,)	(17,11,24,28,18,)		(17,27,19,)		(17,11,24,12,26,20,)		(17,11,24,12,26,21,)		(17,11,6,22,)		(17,11,24,23,)		(17,11,24,)		(17,11,24,25,)		(17,11,24,12,26,)		(17,27,)		(17,11,24,28,)		(17,11,24,28,29,)		(17,11,24,12,26,30,)		|
|	(18,28,10,8,1,)		(18,28,12,26,2,)		(18,28,10,3,)		(18,28,29,4,)		(18,28,5,)		(18,16,21,17,11,6,)		(18,16,21,17,11,7,)		(18,28,10,8,)		(18,28,19,9,)		(18,28,10,)		(18,16,21,17,11,)		(18,28,12,)		(18,25,13,)		(18,28,14,)		(18,25,15,)		(18,16,)		(18,16,21,17,)		(18,)		(18,28,19,)		(18,25,20,)		(18,16,21,)		(18,16,22,)		(18,28,12,23,)		(18,16,21,17,11,24,)		(18,25,)		(18,28,12,26,)		(18,16,27,)		(18,28,)		(18,28,29,)		(18,16,21,30,)		|
|	(19,11,24,10,8,1,)		(19,11,24,12,26,2,)		(19,20,3,)		(19,30,4,)		(19,20,6,22,5,)		(19,20,6,)		(19,11,7,)		(19,11,24,10,8,)		(19,9,)(19,11,24,10,)		(19,11,)		(19,11,24,12,)		(19,11,13,)		(19,11,24,10,8,1,14,)		(19,11,15,)		(19,30,4,16,)		(19,11,24,23,17,)		(19,18,)		(19,)		(19,20,)		(19,30,4,16,21,)		(19,20,6,22,)		(19,11,24,23,)		(19,11,24,)		(19,11,24,25,)		(19,11,24,12,26,)		(19,20,6,27,)		(19,11,24,28,)		(19,20,29,)		(19,30,)		|
|	(20,6,24,10,8,1,)		(20,6,24,12,26,2,)		(20,3,)		(20,29,4,)		(20,6,22,5,)		(20,6,)		(20,6,24,12,11,7,)		(20,6,24,10,8,)		(20,6,24,28,19,9,)	(20,6,24,10,)		(20,6,24,12,11,)		(20,6,24,12,)		(20,6,24,12,11,13,)		(20,6,24,10,8,1,14,)		(20,6,24,12,11,15,)		(20,29,4,16,)		(20,6,24,23,17,)		(20,6,24,28,18,)		(20,6,24,28,19,)		(20,)		(20,29,4,16,21,)		(20,6,22,)		(20,6,24,23,)		(20,6,24,)		(20,6,24,25,)		(20,6,24,12,26,)		(20,6,27,)		(20,6,24,28,)		(20,29,)		(20,6,24,12,26,30,)		|
|	(21,17,11,24,10,8,1,)		(21,17,11,24,12,26,2,)		(21,17,11,24,10,3,)		(21,17,11,24,10,8,4,)		(21,17,11,24,28,5,)		(21,17,11,6,)		(21,17,11,7,)		(21,17,11,24,10,8,)		(21,17,27,19,9,)		(21,17,11,24,10,)		(21,17,11,)		(21,17,11,24,12,)		(21,17,11,13,)		(21,17,11,24,10,8,1,14,)		(21,17,11,15,)		(21,17,11,24,10,8,4,16,)		(21,17,)		(21,17,11,24,28,18,)		(21,17,27,19,)		(21,17,11,24,12,26,20,)		(21,)		(21,17,11,6,22,)		(21,17,11,24,23,)		(21,17,11,24,)		(21,17,11,24,25,)		(21,17,11,24,12,26,)		(21,17,27,)		(21,17,11,24,28,)		(21,17,11,24,28,29,)		(21,30,)		|
|	(22,5,28,10,8,1,)		(22,5,2,)		(22,5,28,10,3,)		(22,5,28,29,4,)		(22,5,)		(22,5,28,12,11,6,)		(22,5,7,)		(22,5,28,10,8,)		(22,27,19,9,)		(22,5,28,10,)		(22,5,28,12,11,)		(22,5,28,12,)		(22,5,28,12,11,13,)		(22,5,28,14,)		(22,5,15,)		(22,5,16,)		(22,5,28,12,23,17,)		(22,5,28,18,)	(22,27,19,)		(22,27,19,20,)		(22,5,16,21,)		(22,)		(22,5,28,12,23,)		(22,5,28,12,11,24,)		(22,5,28,18,25,)		(22,5,28,12,26,)		(22,27,)	(22,5,28,)		(22,5,28,29,)		(22,5,30,)		|
|	(23,17,11,24,10,8,1,)		(23,17,11,24,12,26,2,)		(23,17,11,24,10,3,)		(23,17,11,24,10,8,4,)		(23,17,11,24,28,5,)		(23,17,11,6,)		(23,17,11,7,)		(23,17,11,24,10,8,)		(23,17,27,19,9,)		(23,17,11,24,10,)		(23,17,11,)		(23,17,11,24,12,)		(23,17,11,13,)		(23,17,11,24,10,8,1,14,)		(23,17,11,15,)		(23,17,11,24,10,8,4,16,)		(23,17,)		(23,17,11,24,28,18,)		(23,17,27,19,)		(23,17,11,24,12,26,20,)		(23,17,11,24,12,26,21,)		(23,17,11,6,22,)		(23,)		(23,17,11,24,)		(23,17,11,24,25,)		(23,17,11,24,12,26,)		(23,17,27,)		(23,17,11,24,28,)		(23,17,11,24,28,29,)		(23,17,11,24,12,26,30,)		|
|	(24,10,8,1,)		(24,12,26,2,)		(24,10,3,)		(24,10,8,4,)		(24,28,5,)		(24,12,11,6,)		(24,12,11,7,)		(24,10,8,)		(24,28,19,9,)		(24,10,)		(24,12,11,)		(24,12,)		(24,12,11,13,)		(24,10,8,1,14,)		(24,12,11,15,)		(24,10,8,4,16,)		(24,23,17,)		(24,28,18,)		(24,28,19,)		(24,12,26,20,)		(24,12,26,21,)		(24,12,11,6,22,)		(24,23,)		(24,)		(24,25,)		(24,12,26,)		(24,23,17,27,)		(24,28,)		(24,28,29,)	(24,12,26,30,)		|
|	(25,13,1,)		(25,13,1,12,26,2,)		(25,3,)		(25,8,4,)		(25,6,22,5,)		(25,6,)		(25,13,1,12,11,7,)		(25,8,)		(25,6,24,28,19,9,)		(25,6,24,10,)		(25,13,1,12,11,)		(25,13,1,12,)		(25,13,)		(25,13,1,14,)		(25,15,)		(25,8,4,16,)		(25,13,1,12,23,17,)		(25,13,1,12,18,)		(25,6,24,28,19,)		(25,20,)		(25,8,4,16,21,)		(25,6,22,)		(25,13,1,12,23,)		(25,6,24,)		(25,)		(25,13,1,12,26,)		(25,6,27,)		(25,6,24,28,)		(25,20,29,)		(25,13,1,12,26,30,)		|
|	(26,20,6,24,10,8,1,)		(26,2,)		(26,20,3,)		(26,20,29,4,)		(26,20,6,22,5,)		(26,20,6,)		(26,21,17,11,7,)		(26,20,6,24,10,8,)		(26,2,19,9,)	(26,20,6,24,10,)		(26,21,17,11,)		(26,20,6,24,12,)		(26,21,17,11,13,)		(26,20,6,24,10,8,1,14,)		(26,21,17,11,15,)		(26,20,29,4,16,)		(26,21,17,)		(26,20,6,24,28,18,)		(26,2,19,)		(26,20,)		(26,21,)		(26,20,6,22,)		(26,20,6,24,23,)		(26,20,6,24,)		(26,20,6,24,25,)		(26,)		(26,20,6,27,)		(26,20,6,24,28,)		(26,20,29,)		(26,30,)		|
|	(27,8,1,)		(27,26,2,)		(27,10,3,)		(27,8,4,)		(27,19,20,6,22,5,)		(27,19,20,6,)		(27,11,7,)		(27,8,)		(27,19,9,)		(27,10,)		(27,11,)		(27,8,1,12,)		(27,11,13,)		(27,8,1,14,)		(27,11,15,)		(27,8,4,16,)		(27,17,)		(27,8,1,12,18,)		(27,19,)		(27,19,20,)		(27,26,21,)		(27,19,20,6,22,)		(27,8,1,12,23,)		(27,11,24,)		(27,10,25,)		(27,26,)		(27,)		(27,11,24,28,)		(27,19,20,29,)(27,19,30,)		|
|	(28,10,8,1,)		(28,12,26,2,)		(28,10,3,)		(28,29,4,)		(28,5,)		(28,12,11,6,)		(28,12,11,7,)		(28,10,8,)		(28,19,9,)		(28,10,)	(28,12,11,)		(28,12,)		(28,12,11,13,)		(28,14,)		(28,12,11,15,)		(28,18,16,)		(28,12,23,17,)		(28,18,)		(28,19,)		(28,12,26,20,)(28,18,16,21,)		(28,12,11,6,22,)		(28,12,23,)		(28,12,11,24,)		(28,18,25,)		(28,12,26,)		(28,12,23,17,27,)		(28,)		(28,29,)		(28,12,26,30,)		|
|	(29,20,6,24,10,8,1,)		(29,20,6,24,12,26,2,)		(29,20,3,)		(29,4,)		(29,5,)		(29,20,6,)		(29,4,16,21,17,11,7,)		(29,20,6,24,10,8,)		(29,4,16,27,19,9,)		(29,20,6,24,10,)		(29,4,16,21,17,11,)		(29,20,6,24,12,)		(29,4,16,21,17,11,13,)		(29,20,6,24,10,8,1,14,)		(29,15,)		(29,4,16,)		(29,4,16,21,17,)		(29,5,28,18,)		(29,4,16,27,19,)		(29,20,)		(29,4,16,21,)		(29,20,6,22,)		(29,20,6,24,23,)		(29,20,6,24,)		(29,4,16,25,)		(29,20,6,24,12,26,)		(29,4,16,27,)		(29,5,28,)		(29,)		(29,4,16,21,30,)		|
|	(30,28,10,8,1,)		(30,28,12,26,2,)		(30,28,10,3,)		(30,4,)		(30,28,5,)		(30,6,)		(30,28,12,11,7,)		(30,28,10,8,)		(30,28,19,9,)		(30,28,10,)		(30,28,12,11,)		(30,28,12,)		(30,28,12,11,13,)		(30,28,14,)		(30,28,12,11,15,)		(30,4,16,)		(30,17,)		(30,28,18,)		(30,28,19,)		(30,28,12,26,20,)		(30,4,16,21,)		(30,6,22,)		(30,28,12,23,)		(30,6,24,)		(30,4,16,25,)		(30,28,12,26,)		(30,4,16,27,)		(30,28,)	(30,28,29,)		(30,)		|
Hop Count Matrix :
|0	3	5	6	2	3	3	5	3	4	2	1	3	1	3	2	3	2	2	3	3	4	2	3	4	2	4	1	4	3|
|5	0	4	3	3	1	3	4	2	3	2	3	3	6	3	4	4	2	1	2	2	2	3	2	3	1	2	3	3	2|
|9	9	0	1	4	6	6	8	5	7	5	7	6	10	6	2	4	8	4	9	3	3	7	6	3	8	3	7	8	4|
|8	8	7	0	3	5	5	7	4	6	4	6	5	9	5	1	3	7	3	8	2	2	6	5	2	7	2	6	7	3|
|4	1	3	3	0	4	1	3	3	2	3	2	4	2	1	1	4	2	2	4	2	5	3	4	3	3	5	1	2	1|
|4	4	3	4	2	0	4	3	4	2	3	2	4	5	4	5	3	3	3	4	4	1	2	1	2	3	1	2	3	4|
|3	6	2	3	5	6	0	2	6	1	5	4	6	4	6	4	6	5	5	6	5	7	5	6	2	5	7	4	7	6|
|1	4	6	1	3	4	4	0	4	5	3	2	4	2	4	2	4	3	3	4	3	5	3	4	5	3	5	2	5	4|
|6	3	5	6	2	3	3	5	0	4	2	1	3	7	3	7	3	2	3	3	3	1	2	3	4	2	2	4	4	3|
|2	5	1	2	4	5	5	1	5	0	4	3	5	3	5	3	5	4	4	5	4	6	4	5	1	4	6	3	6	5|
|4	4	3	4	3	1	1	3	4	2	0	2	1	5	1	5	3	3	3	4	4	2	2	1	2	3	4	2	3	4|
|5	2	4	5	4	2	2	4	4	3	1	0	2	6	2	6	2	1	3	2	2	3	1	2	3	1	3	3	3	2|
|1	4	6	7	3	4	4	6	4	5	3	2	0	2	4	3	4	3	3	4	4	5	3	4	5	3	5	2	5	4|
|6	3	5	6	5	3	3	5	4	4	2	1	3	0	3	1	3	2	3	3	2	2	2	3	2	2	2	4	4	3|
|3	3	2	3	2	2	2	2	4	1	1	1	2	4	0	4	3	2	3	2	3	1	2	2	1	2	2	3	3	3|
|7	7	6	7	2	4	4	6	3	5	3	5	4	8	4	0	2	6	2	7	1	1	5	4	1	6	1	5	6	2|
|5	5	4	5	4	2	2	4	3	3	1	3	2	6	2	6	0	4	2	5	5	3	3	2	3	4	1	3	4	5|
|4	4	3	3	2	5	5	3	3	2	4	2	2	2	2	1	3	0	2	2	2	2	3	5	1	3	2	1	2	3|
|5	5	2	2	4	2	2	4	1	3	1	3	2	6	2	3	4	1	0	1	4	3	3	2	3	4	3	3	2	1|
|5	5	1	2	3	1	5	4	5	3	4	3	5	6	5	3	4	4	4	0	4	2	3	2	3	4	2	3	1	5|
|6	6	5	6	5	3	3	5	4	4	2	4	3	7	3	7	1	5	3	6	0	4	4	3	4	5	2	4	5	1|
|5	2	4	4	1	5	2	4	3	3	4	3	5	3	2	2	5	3	2	3	3	0	4	5	4	4	1	2	3	2|
|6	6	5	6	5	3	3	5	4	4	2	4	3	7	3	7	1	5	3	6	6	4	0	3	4	5	2	4	5	6|
|3	3	2	3	2	3	3	2	3	1	2	1	3	4	3	4	2	2	2	3	3	4	1	0	1	2	3	1	2	3|
|2	5	1	2	3	1	5	1	5	3	4	3	1	3	1	3	5	4	4	1	4	2	4	2	0	4	2	3	2	5|
|6	1	2	3	4	2	4	5	3	4	3	4	4	7	4	4	2	5	2	1	1	3	4	3	4	0	3	4	2	1|
|2	2	2	2	5	3	2	1	2	1	1	3	2	3	2	3	1	4	1	2	2	4	4	2	2	1	0	3	3	2|
|3	3	2	2	1	3	3	2	2	1	2	1	3	1	3	2	3	1	1	3	3	4	2	3	2	2	4	0	1	3|
|6	6	2	1	1	2	6	5	5	4	5	4	6	7	1	2	4	3	4	1	3	3	4	3	3	5	3	2	0	4|
|4	4	3	1	2	1	4	3	3	2	3	2	4	2	4	2	1	2	2	4	3	2	3	2	3	3	3	1	2	0|

Congestion Edge Matrix :
|0.00	na	na	na	na	na	na	na	na	na	na	950.67	na	201.50	na	na	na	na	na	na	na	na	na	na	na	na	na	4750.00	na	na		|
|na	0.00	na	na	na	11968.00	na	na	na	na	na	na	na	na	na	na	na	na	6192.00	na	na	na	na	na	na	3039.33	na	na	na	na		|
|na	na	0.00	9696.00	na	na	na	na	na	na	na	na	na	na	na	na	na	na	na	na	na	na	na	na	na	na	na	na	na	na		|
|na	na	na	0.00	na	na	na	na	na	na	na	na	na	na	na	426.00	na	na	na	na	na	na	na	na	na	na	na	na	na	na		|
|na	na	na	na	0.00	na	na	na	na	na	na	na	na	na	na	190.00	na	na	na	na	na	na	na	na	na	na	na	86.67	na	na		|
|na	na	na	na	na	0.00	na	na	na	na	na	na	na	na	na	na	na	na	na	na	na	473.60	na	70.86	na	na	265.41	na	na	na		|
|na	na	na	na	na	na	0.00	na	na	843.75	na	na	na	na	na	na	na	na	na	na	na	na	na	na	na	na	na	na	na	na		|
|136.55	na	na	21568.00	na	na	na	0.00	na	na	na	na	na	na	na	na	na	na	na	na	na	na	na	na	na	na	na	na	na	na		|
|na	na	na	na	na	na	na	na	0.00	na	na	755.84	na	na	na	na	na	na	na	na	na	na	na	na	na	na	na	na	na	na		|
|na	na	316.00	na	na	na	na	1575.33	na	0.00	na	na	na	na	na	na	na	na	na	na	na	na	na	na	2017.60	na	na	na	na	na		|
|na	na	na	na	na	11029.20	4838.17	na	na	na	0.00	na	11137.50	na	313.65	na	na	na	na	na	na	na	na	1859.33	na	na	na	na	na	na		|
|na	na	na	na	na	na	na	na	na	na	1255.20	0.00	na	na	na	na	na	4736.00	na	na	na	na	273.33	na	na	1809.00	na	na	na	na		|
|39.35	na	na	na	na	na	na	na	na	na	na	na	0.00	na	na	na	na	na	na	na	na	na	na	na	na	na	na	na	na	na		|
|na	na	na	na	na	na	na	na	na	na	na	5035.00	na	0.00	na	3584.00	na	na	na	na	na	na	na	na	na	na	na	na	na	na		|
|na	na	na	na	na	na	na	na	na	205.83	2524.50	9800.00	na	na	0.00	na	na	na	na	na	na	194.00	na	na	279.61	na	na	na	na	na		|
|na	na	na	na	na	na	na	na	na	na	na	na	na	na	na	0.00	na	na	na	na	18.74	277.18	na	na	2514.50	na	1890.00	na	na	na		|
|na	na	na	na	na	na	na	na	na	na	1587.50	na	na	na	na	na	0.00	na	na	na	na	na	na	na	na	na	7276.50	na	na	na		|
|na	na	na	na	na	na	na	na	na	na	na	na	na	na	na	278.82	na	0.00	na	na	na	na	na	na	1594.67	na	na	6464.00	na	na		|
|na	na	na	na	na	na	na	na	696.00	na	82.50	na	na	na	na	na	na	280.47	0.00	42.45	na	na	na	na	na	na	na	na	na	21.67		|
|na	na	149.60	na	na	127.75	na	na	na	na	na	na	na	na	na	na	na	na	na	0.00	na	na	na	na	na	na	na	na	7473.00na		|
|na	na	na	na	na	na	na	na	na	na	na	na	na	na	na	na	68.76	na	na	na	0.00	na	na	na	na	na	na	na	na	432.00		|
|na	na	na	na	20830.75	na	na	na	na	na	na	na	na	na	na	na	na	na	na	na	na	0.00	na	na	na	na	2424.00	na	na	na		|
|na	na	na	na	na	na	na	na	na	na	na	na	na	na	na	na	1222.50	na	na	na	na	na	0.00	na	na	na	na	na	na	na		|
|na	na	na	na	na	na	na	na	na	1982.00	na	81.25	na	na	na	na	na	na	na	na	na	na	624.00	0.00	490.71	na	na	24480.00	na	na		|
|na	na	na	na	na	3415.50	na	na	na	na	na	na	12721.33	na	na	na	na	na	na	141.00	na	na	na	na	106629143291660144485933532015755264.00	na	na	na	na	na		|
|na	11035.83	na	na	na	na	na	na	na	na	na	na	na	na	na	na	na	na	na	1140.00	11109.00	na	na	na	na	0.00	na	na	na	2331.20		|
|na	na	na	na	na	na	na	3624.80	na	1471.17	2544.00	na	na	na	na	na	na	na	6696.67	na	na	na	na	na	na	na	0.00	na	na	na		|
|na	na	na	na	4671.33	na	na	na	na	403.00	na	515.33	na	14.67	na	na	na	301.00	13445.60	na	na	na	na	na	na	na	na	0.00	7781.40	na		|
|na	na	na	105.33	262.29	na	na	na	na	na	na	na	na	na	1862.40	na	na	na	na	198.00	na	na	na	na	na	na	na	na	0.00	na		|
|na	na	na	120.86	na	271.98	na	na	na	na	na	na	na	na	na	na	3234.00	na	na	na	na	na	na	na	na	na	na	4940.00	na	0.00		|

Predicted Path Delay Matrix :
|0	101	15	110	186	96	96	14	197	12	5	2	95	2	98	98	9	98	193	96	98	100	4	9	106	6	108	95	190	100		|
|107	0	104	193	197	96	190	103	100	101	99	102	189	109	192	196	107	192	96	101	186	100	102	98	195	94	190	188	195	101		|
|122	216	0	96	289	200	200	118	291	116	109	117	199	124	202	99	104	207	287	211	101	192	117	113	193	121	189	203	302	197		|
|26	120	23	0	193	104	104	22	195	20	13	21	103	28	106	3	8	111	191	115	5	96	21	17	97	25	93	107	206	101		|
|15	91	12	105	0	102	99	11	106	9	11	8	101	8	95	95	15	8	102	102	97	106	10	15	100	12	114	4	103	99		|
|11	105	8	103	101	0	100	7	194	5	9	6	99	13	102	106	11	96	190	100	102	4	6	2	99	10	94	92	191	104		|
|11	112	8	103	197	107	0	7	208	5	16	13	106	13	109	106	20	109	204	107	108	111	15	20	102	17	119	106	201	111		|
|4	105	19	96	190	100	100	0	201	16	9	6	99	6	102	99	13	102	197	100	101	104	8	13	110	10	112	99	194	104		|
|110	193	107	202	191	188	188	106	0	104	97	94	187	112	190	205	101	190	288	188	190	94	96	101	198	98	190	191	282	192		|
|6	107	3	98	192	102	102	2	203	0	11	8	101	8	104	101	15	104	199	102	103	106	10	15	97	12	114	101	196	106		|
|13	107	10	105	185	91	91	9	196	7	0	8	90	15	93	108	13	98	192	102	104	95	8	4	101	12	112	94	193	106		|
|16	99	13	108	188	94	94	12	199	10	3	0	93	18	96	111	7	96	195	94	96	98	2	7	104	4	106	97	188	98		|
|3	104	18	113	189	99	99	17	200	15	8	5	0	5	101	101	12	101	196	99	101	103	7	12	109	9	111	98	193	103		|
|111	194	108	203	283	189	189	107	288	105	98	95	188	0	191	96	101	191	284	189	98	189	97	102	190	99	186	192	283	193		|
|101	197	98	193	194	190	190	97	295	95	99	98	186	103	0	196	105	194	291	186	194	97	100	103	92	102	193	193	280	196		|
|23	117	20	115	190	101	101	19	192	17	10	18	100	25	103	0	5	108	188	112	2	93	18	14	94	22	90	104	203	98		|
|18	112	15	110	190	96	96	14	201	12	5	13	95	20	98	113	0	103	197	107	109	100	13	9	106	17	99	99	198	111		|
|107	199	104	197	187	191	191	103	198	101	100	100	186	100	191	90	95	0	194	186	92	183	102	104	92	104	180	96	195	188		|
|16	110	9	97	111	10	94	12	4	10	3	11	93	18	96	100	16	96	0	5	102	14	11	7	104	15	104	97	99	5|
|16	110	4	96	106	5	105	12	199	10	14	11	104	18	107	99	16	101	195	0	101	9	11	7	104	15	99	97	94	109		|
|21	115	18	113	193	99	99	17	204	15	8	16	98	23	101	116	3	106	200	110	0	103	16	12	109	20	102	102	201	96		|
|112	188	109	202	97	199	196	108	198	106	108	105	198	105	192	192	112	105	194	199	194	0	107	112	197	109	96	101	200	196		|
|23	117	20	115	195	101	101	19	206	17	10	18	100	25	103	118	5	108	202	112	114	105	0	14	111	22	104	104	203	116		|
|9	103	6	101	181	98	98	5	192	3	7	4	97	11	100	104	9	94	188	98	100	102	4	0	97	8	108	90	189	102		|
|97	198	98	190	200	99	193	94	293	104	102	99	94	99	99	193	106	195	289	94	195	103	101	101	0	103	193	191	188	197		|
|106	95	94	186	196	95	191	102	195	100	100	101	190	108	193	189	95	191	191	90	92	99	101	97	194	0	189	187	184	94		|
|96	192	94	188	209	108	187	92	102	91	96	98	186	98	189	191	97	194	98	103	189	112	100	100	188	97	0	190	197	103		|
|11	103	8	101	91	98	98	7	102	5	7	4	97	4	100	94	11	4	98	98	96	102	6	11	96	8	110	0	99	102		|
|18	112	6	2	91	7	106	14	197	12	15	13	105	20	97	5	10	99	193	2	7	11	13	9	99	17	95	95	0	103		|
|106	198	103	92	186	97	193	102	197	100	102	99	192	99	195	95	99	99	193	193	97	101	101	99	189	103	185	95	194	0|

Congestion Actual Delay Matrix :
|0.00	13795.50	6363.20	29190.53	9421.33	13235.07	7044.03	7622.53	18891.60	6047.20	2205.87	950.67	13343.37	201.50	2519.51	3785.50	2446.50	5686.67	18195.60	3899.67	13868.67	13708.67	1224.00	4065.20	4555.91	2759.67	9723.00	4750.00	11372.67	5090.87		|
|15732.74	0.00	14336.86	6334.53	33272.35	11968.00	11112.67	15596.20	6888.00	14020.86	6274.50	12120.12	17412.00	15934.24	6588.15	6760.53	13885.36	6472.476192.00	6234.45	14148.33	12441.60	12662.86	12038.86	12529.57	3039.33	12233.41	36518.86	13707.45	6213.67		|
|17350.22	26582.43	0.00	9696.00	31229.93	22826.21	16635.17	17213.67	19404.67	15638.34	11797.00	13737.59	22934.50	17551.72	12110.65	10122.00	10209.50	38437.34	18708.67	16686.59	10140.74	10399.18	14280.34	13656.34	12636.50	15546.59	12012.00	38136.34	45917.73	10572.74	|
|7654.22	16886.43	6258.34	0.00	21533.93	13130.21	6939.17	7517.67	9708.67	5942.34	2101.00	4041.59	13238.50	7855.72	2414.65	426.00	513.50	28741.34	9012.67	6990.59	444.74	703.18	4584.343960.34	2940.50	5850.59	2316.00	28440.34	36221.74	876.74		|
|2201.55	0.00	805.67	7973.40	0.00	12886.40	0.00	2065.00	14228.27	489.67	1857.20	602.00	12994.70	101.33	0.00	190.00	2097.83	387.67	13532.27	3551.00	208.74	13360.00	875.333716.53	1982.33	2411.00	9374.33	86.67	7868.07	0.00		|
|3764.75	12996.95	2368.86	25196.20	21304.35	0.00	6245.48	3628.20	38692.46	2052.86	1407.32	152.12	12544.82	3966.25	1720.96	25622.20	1917.36	24851.86	37996.46	3101.1213070.12	473.60	694.86	70.86	561.57	1961.12	265.41	24550.86	32332.26	4292.32		|
|2555.63	16351.13	1159.75	23987.08	11976.97	15790.70	0.00	2419.08	21447.23	843.75	4761.50	3506.30	15899.00	2757.13	5075.15	24413.08	5002.13	8242.30	20751.23	6455.3024431.82	16264.30	3779.63	6620.83	2861.35	5315.30	12278.63	7305.63	13928.30	7646.50		|
|136.55	13932.05	6499.75	21568.00	9557.88	13371.62	7180.58	0.00	19028.15	6183.75	2342.42	1087.22	13479.92	338.05	2656.06	21994.00	2583.05	5823.22	18332.15	4036.22	22012.74	13845.21	1360.55	4201.75	4692.46	2896.22	9859.55	4886.55	11509.22	5227.42		|
|7564.25	13600.67	6168.37	28995.70	20924.75	13040.24	6849.20	7427.70	0.00	5852.37	2011.04	755.84	13148.54	7765.75	2324.68	29421.70	2251.67	5491.84	9214.67	3704.84	13673.84	0.00	1029.17	3870.37	4361.08	2564.84	2518.00	28350.37	11177.84	4896.04		|
|1711.88	15507.38	316.00	23143.33	11133.21	14946.95	8755.92	1575.33	20603.48	0.00	3917.75	2662.55	15055.25	1913.38	4231.40	23569.33	4158.38	7398.55	19907.48	5611.5523588.07	15420.55	2935.88	5777.08	2017.60	4471.55	11434.88	6461.88	13084.55	6802.75		|
|5553.22	14785.42	4157.33	26984.67	31010.67	11029.20	4838.17	5416.67	40480.93	3841.33	0.00	1940.59	11137.50	5754.72	313.65	27410.67	3705.83	26640.33	39784.93	4889.59	14858.59	11502.80	2483.33	1859.33	2350.04	3749.59	10982.33	26339.33	34120.73	6080.79		|
|6808.42	12844.83	5412.53	28239.87	32265.87	12284.40	6093.37	6671.87	19732.83	5096.53	1255.20	0.00	12392.70	7009.92	1568.85	28665.87	1495.83	4736.00	19036.83	2949.0012918.00	12758.00	273.33	3114.53	3605.24	1809.00	8772.33	27594.53	10422.00	4140.20		|
|39.35	13834.85	6402.55	29229.89	9460.69	13274.42	7083.39	7661.89	18930.95	6086.55	2245.22	990.02	0.00	240.85	2558.87	3824.85	2485.85	5726.02	18234.95	3939.02	13908.02	13748.02	1263.35	4104.55	4595.26	2799.02	9762.35	4789.35	11412.02	5130.22		|
|11843.42	17879.83	10447.53	33274.87	37300.87	17319.40	11128.37	11706.87	12866.67	10131.53	6290.20	5035.00	17427.70	0.00	6603.85	3584.00	3671.50	9771.0012170.67	7984.00	3602.74	3861.18	5308.33	8149.53	6098.50	6844.00	5474.00	32629.53	15457.00	9175.20		|
|1917.72	22644.83	521.83	23349.17	21024.75	13553.70	7362.67	1781.17	10010.67	205.83	2524.50	9800.00	13000.94	2119.22	0.00	23775.17	11295.83	14536.00	9314.67420.61	22718.00	194.00	10073.33	4383.83	279.61	11609.00	2618.00	28863.83	7893.61	13940.20		|
|7228.22	16460.43	5832.34	28659.67	21107.93	12704.21	6513.17	7091.67	9282.67	5516.34	1675.00	3615.59	12812.50	7429.72	1988.65	0.00	87.50	28315.34	8586.67	6564.59	18.74	277.184158.34	3534.34	2514.50	5424.59	1890.00	28014.34	35795.74	450.74		|
|7140.72	16372.92	5744.83	28572.17	32598.17	12616.70	6425.67	7004.17	14669.17	5428.83	1587.50	3528.09	12725.00	7342.22	1901.15	28998.17	0.00	28227.83	13973.17	6477.09	16446.09	13090.30	4070.83	3446.83	3937.54	5337.09	7276.50	27926.83	35708.23	7668.29		|
|8578.88	19824.17	7183.00	14350.73	11135.33	12983.03	6792.00	8442.33	20605.60	6867.00	1953.83	6979.33	14316.00	6478.67	1693.67	278.82	366.33	0.00	19909.60	1735.67	297.56556.00	7252.67	3813.16	1594.67	8788.33	2168.82	6464.00	14245.40	729.56		|
|5635.72	14867.92	192.05	142.53	21474.55	170.20	4920.67	5499.17	696.00	3923.83	82.50	2023.09	11220.00	5837.22	396.15	568.53	3788.33	280.47	0.00	42.45	587.27	643.80	2565.83	1941.83	2432.543832.09	435.61	26421.83	7515.45	21.67		|
|3892.49	13124.70	149.60	7578.33	21432.10	127.75	6373.23	3755.94	38820.21	2180.61	1535.06	279.86	12672.56	4093.99	1848.71	8004.33	2045.11	24979.61	38124.21	0.00	8023.07	601.35822.61	198.61	689.31	2088.86	393.16	24678.61	7473.00	4420.06		|
|7209.48	16441.69	5813.60	28640.93	32666.93	12685.46	6494.43	7072.93	14737.93	5497.60	1656.26	3596.85	12793.76	7410.98	1969.91	29066.93	68.76	28296.60	14041.93	6545.85	0.00	13159.06	4139.60	3515.60	4006.30	5405.85	7345.26	27995.60	35777.00	432.00		|
|23032.30	20921.75	21636.42	28804.15	20830.75	33717.15	20929.75	22895.75	9816.67	21320.42	22687.95	21432.75	33825.45	20932.08	20925.75	21020.75	22928.58	21218.42	9120.67	9163.12	21039.49	0.00	21706.08	24547.28	22813.08	23241.75	2424.00	20917.42	28698.82	20929.75		|
|8363.22	17595.42	6967.33	29794.67	33820.67	13839.20	7648.17	8226.67	15891.67	6651.33	2810.00	4750.59	13947.50	8564.72	3123.65	30220.67	1222.50	29450.33	15195.67	7699.59	17668.59	14312.80	0.00	4669.33	5160.04	6559.59	8499.00	29149.33	36930.73	8890.79		|
|3693.88	12926.09	2298.00	25125.33	29151.33	12365.66	6174.62	3557.33	38621.60	1982.00	1336.45	81.25	12473.96	3895.38	1650.10	25551.33	1846.50	24781.00	37925.60	3030.25	12999.25	12839.25	624.00	0.00	490.71	1890.25	9123.00	24480.00	32261.40	4221.46		|
|12760.69	26556.19	0.00	21662.00	24719.85	3415.50	19804.72	0.00	42107.96	5468.36	14966.55	13711.35	12721.33	12962.19	0.00	22088.00	15207.19	18447.35	41411.96	141.00	22106.74	3889.10	13984.69	3486.36	106629143291660144485933532015755264.00	15520.35	3680.91	27966.36	7614.00	17851.55		|
|5032.49	11035.83	1289.60	8718.33	22572.10	1267.75	17603.43	4895.94	17923.83	3320.61	12765.26	1419.86	23902.77	5233.99	13078.91	9144.33	11177.76	26119.61	17227.83	1140.00	11109.00	1741.35	1962.61	1338.61	1829.31	0.00	1533.16	25818.61	8613.00	2331.20		|
|3761.35	11132.83	1787.17	25192.80	28171.21	6866.86	7382.17	3624.80	7392.67	1471.17	2544.00	4712.02	13681.50	3962.85	2857.65	25618.80	0.00	9448.02	6696.67	6739.12	11206.00	7340.464985.35	4403.33	3488.77	0.00	0.00	28883.33	14212.12	6718.33		|
|2114.88	13360.17	719.00	7886.73	4671.33	12799.73	6608.70	1978.33	14141.60	403.00	1770.53	515.33	12908.03	14.67	2084.18	579.82	2011.17	301.00	13445.60	3464.33	598.56	13273.33	788.67	3629.87	1895.67	2324.33	9287.67	0.00	7781.40	4655.53		|
|4090.49	13322.70	347.60	105.33	262.29	325.75	7044.50	3953.94	9814.00	2378.61	2206.34	477.86	13343.84	4291.99	1862.40	531.33	618.84	649.96	9118.00	198.00	550.07	799.35	1020.61	396.61	3045.83	2286.862421.33	348.96	0.00	982.07		|
|7054.88	18300.17	5659.00	120.86	9611.33	271.98	11548.70	6918.33	19081.60	5343.00	6710.53	5455.33	17848.03	4954.67	7024.18	546.86	3234.00	5241.00	18385.60	8404.33	565.60	745.58	5728.67342.84	3061.36	7264.33	2436.86	4940.00	12721.40	0.00		|
*****************Final Output :*****************

Shorest Path between source 3 and destination 26 is: 121.


Shorest Path between source 3 and destination 26 is: 15546.59.


Hop Count for source 3 and destination 26 is: 8.

Total Running Time of the Algorithm in Seconds is 0.0083110


Total no.of Key-Basic Operations are : 10982

***********************************

