Final Congestion Actual Delay Matrix :
|0.00	13.89	17.89	27.84	33.24	41.58	49.96	57.92	63.80	69.39	77.18	83.35	107.25	105.66	119.42	125.16	130.73	141.87	152.98	161.37	169.67	178.10	186.36	197.62	200.14	211.55	217.12	233.89	231.05236.62	247.56	250.54	261.64	264.45	270.01	278.27	286.73	292.31	300.68	306.26	320.35	325.77	331.35	345.17	350.75	361.82	364.70	373.17	381.33	392.54		|
|8.38	0.00	0.00	13.95	19.35	27.69	36.07	44.03	49.91	55.50	63.29	69.46	93.36	91.77	105.53	111.27	116.84	127.98	139.09	147.48	155.78	164.21	172.47	183.74	186.25	197.66	203.23	220.00	217.16222.73	233.67	236.65	247.75	250.56	256.12	264.38	272.85	278.42	286.79	292.37	306.46	311.88	317.46	331.28	336.86	347.93	350.81	359.28	367.44	378.65		|
|16.74	8.37	0.00	13.89	19.29	27.64	36.02	43.97	49.85	55.45	63.23	69.40	93.30	91.72	105.48	111.21	116.78	127.93	139.04	147.43	155.73	164.15	172.42	183.68	186.20	197.61	203.18	219.95	217.10222.67	233.62	236.59	247.69	250.50	256.07	264.33	272.79	278.37	286.73	292.31	306.41	311.82	317.40	331.23	336.81	347.87	350.76	359.22	367.39	378.59		|
|22.00	13.63	17.63	0.00	5.40	13.74	22.13	30.08	35.96	41.55	49.34	55.51	79.41	77.83	91.58	97.32	102.89	114.04	125.15	133.53	141.84	150.26	158.52	169.79	172.31	183.72	189.29	206.06	203.21208.78	219.73	222.70	233.80	236.61	242.18	250.44	258.90	264.47	272.84	278.42	292.51	297.93	303.51	317.34	322.92	333.98	336.87	345.33	353.50	364.70		|
|33.14	24.76	16.39	5.29	0.00	11.11	19.49	27.45	33.33	38.92	46.71	52.88	76.78	75.19	88.95	94.69	100.26	111.40	122.51	130.90	139.20	147.63	155.89	167.16	169.67	181.08	186.66	203.42	200.58206.15	217.09	220.07	231.17	233.98	239.54	247.80	256.27	261.84	270.21	275.79	289.88	295.30	300.88	314.70	320.28	331.35	334.23	342.70	350.86	362.07		|
|41.64	33.27	21.39	19.64	0.00	0.00	8.38	16.34	22.22	27.81	35.60	41.77	65.67	64.08	77.84	83.58	89.15	100.29	111.40	119.79	128.09	136.52	144.78	156.04	158.56	169.97	175.54	192.31	189.47195.04	205.98	208.96	220.06	222.87	228.43	236.69	245.15	250.73	259.10	264.67	278.77	284.19	289.76	303.59	309.17	320.23	323.12	331.59	339.75	350.96		|
|52.59	44.21	35.84	24.74	19.45	8.75	0.00	25.09	13.84	19.43	27.21	33.39	57.29	55.70	69.46	75.19	80.77	91.91	103.02	111.41	119.71	128.14	136.40	147.66	150.18	161.59	167.16	183.93	181.09186.66	197.60	200.58	211.67	214.49	220.05	228.31	236.77	242.35	250.72	256.29	270.39	275.81	281.38	295.21	300.79	311.85	314.74	323.20	331.37	342.58		|
|58.42	50.04	44.12	36.42	27.72	16.78	8.27	0.00	5.20	16.65	18.57	30.61	54.51	52.92	66.68	72.42	77.99	89.13	100.24	108.63	116.93	125.36	133.62	144.88	147.40	158.81	164.38	181.15	178.31183.88	194.82	197.80	208.90	211.71	217.27	225.53	233.99	239.57	247.94	253.51	267.61	273.03	278.61	292.43	298.01	309.08	311.96	320.43	328.59	339.80		|
|72.07	63.69	55.33	44.23	38.93	28.23	19.48	22.03	0.00	5.59	13.38	19.55	43.45	41.86	55.62	61.36	66.93	78.07	89.18	97.57	105.87	114.30	122.56	133.82	136.34	147.75	153.32	170.09	167.25172.82	183.76	186.74	197.84	200.65	206.21	214.47	222.93	228.51	236.88	242.46	256.55	261.97	267.55	281.37	286.95	298.02	300.90	309.37	317.53	328.74		|
|74.86	66.49	60.56	52.86	44.17	33.22	24.72	16.44	0.00	0.00	0.00	13.96	37.86	36.27	50.03	55.77	61.34	72.48	83.59	91.98	100.28	108.71	116.97	128.23	130.75	142.16	147.73	164.50	161.66167.23	178.17	181.15	192.25	195.06	200.62	208.88	217.34	222.92	231.29	236.86	250.96	256.38	261.95	275.78	281.36	292.42	295.31	303.78	311.94	323.15		|
|85.98	77.60	69.24	58.14	52.84	42.14	33.39	29.76	13.91	13.32	0.00	5.55	33.45	27.86	41.62	47.35	52.93	64.07	75.18	83.57	91.87	100.30	108.56	119.82	122.34	133.75	139.32	156.09	153.25158.82	169.76	172.74	183.84	186.65	192.21	200.47	208.93	214.51	222.88	228.45	242.55	247.97	253.54	267.37	272.95	284.01	286.90	295.36	303.53	314.74		|
|97.25	88.88	82.95	75.25	66.56	55.61	47.11	38.83	19.30	22.39	5.38	0.00	27.90	22.31	36.07	41.81	47.38	58.52	69.63	78.02	86.32	94.75	103.01	114.27	116.79	128.20	133.77	150.54	147.70153.27	164.21	167.19	178.29	181.10	186.66	194.92	203.38	208.96	217.33	222.91	237.00	242.42	248.00	261.82	267.40	278.47	281.35	289.82	297.98	309.19		|
|102.70	94.33	85.96	80.85	69.57	61.21	50.12	44.43	30.63	27.99	16.72	5.59	0.00	23.82	12.80	18.13	23.70	34.84	45.95	54.34	62.64	71.07	79.33	90.59	93.11	104.52	110.09	126.86	124.02129.59	140.53	143.51	154.61	157.42	162.98	171.24	179.70	185.28	193.65	199.23	213.32	218.74	224.32	238.14	243.72	254.79	257.67	266.14	274.30	285.51		|
|108.29	99.91	91.55	86.43	75.16	66.79	55.70	50.01	36.22	33.57	22.31	11.18	5.59	0.00	13.76	19.49	25.07	36.21	47.32	55.71	64.01	72.44	80.70	91.96	94.48	105.89	111.46	128.23	125.39130.96	141.90	144.88	155.97	158.79	164.35	172.61	181.07	186.65	195.01	200.59	214.69	220.10	225.68	239.51	245.09	256.15	259.04	267.50	275.67	286.88		|
|119.31	110.94	102.57	97.45	86.18	77.81	66.73	61.03	47.24	44.59	33.33	22.20	16.61	11.02	0.00	5.33	10.90	22.05	33.16	41.55	49.85	58.27	66.54	77.80	80.32	91.73	97.30	114.07	111.22116.79	127.74	130.71	141.81	144.62	150.19	158.45	166.91	172.49	180.85	186.43	200.53	205.94	211.52	225.35	230.93	241.99	244.88	253.34	261.51	272.71		|
|122.26	113.88	105.51	100.40	89.12	80.76	69.67	63.98	50.19	47.54	36.28	25.15	19.55	13.97	5.53	0.00	5.57	16.72	27.83	36.21	44.52	52.94	61.20	72.47	74.99	86.40	91.97	108.74	105.89111.46	122.41	125.38	136.48	139.29	144.86	153.12	161.58	167.15	175.52	181.10	195.19	200.61	206.19	220.02	225.60	236.66	239.55	248.01	256.18	267.38		|
|127.85	119.47	111.10	105.99	94.71	86.35	75.26	69.57	55.78	53.13	41.87	30.74	25.14	19.56	11.12	5.59	0.00	11.14	22.25	30.64	38.94	47.37	55.63	66.89	69.41	80.82	86.39	103.16	100.32105.89	116.83	119.81	130.91	133.72	139.28	147.54	156.00	161.58	169.95	175.53	189.62	195.04	200.62	214.44	220.02	231.09	233.97	242.44	250.60	261.81		|
|141.63	133.25	124.88	119.77	108.49	100.13	89.04	83.35	69.56	66.91	55.65	44.52	38.92	33.34	24.90	19.37	13.78	0.00	10.59	19.50	27.80	36.22	44.49	55.75	58.27	69.68	75.25	92.02	89.18	94.75	105.69	108.67	119.76	122.57	128.14	136.40	144.86	150.44	158.80	164.38	178.48	183.89	189.47	203.30	208.88	219.94	222.83	231.29	239.46	250.66		|
|147.33	138.95	130.58	125.47	114.19	105.83	94.74	89.05	75.26	72.61	61.34	50.22	44.62	39.03	30.60	25.07	19.48	30.62	0.00	11.11	19.42	27.84	36.10	47.37	49.89	61.30	66.87	83.64	80.79	86.36	97.31	100.28	111.38	114.19	119.76	128.02	136.48	142.05	150.42	156.00	170.09	175.51	181.09	194.92	200.50	211.56	214.45	222.91	231.08	242.28		|
|161.30	152.92	144.56	139.44	128.16	119.80	108.71	103.02	89.23	86.58	75.32	64.19	58.60	53.01	44.58	39.04	33.45	20.99	13.98	0.00	8.30	16.73	24.99	36.25	38.77	50.18	55.75	72.52	69.68	75.25	86.19	89.17	100.27	103.08	108.64	116.90	125.36	130.94	139.31	144.88	158.98	164.40	169.97	183.80	189.38	200.44	203.33	211.80	219.96	231.17		|
|166.88	158.51	150.14	145.03	133.75	125.39	114.30	108.61	94.81	92.16	80.90	69.77	64.18	58.59	50.16	44.63	39.04	26.57	19.56	5.58	0.00	8.32	16.58	27.84	30.36	41.77	47.34	64.11	61.27	66.84	77.78	80.76	91.86	94.67	100.23	108.49	116.95	122.53	130.90	136.47	150.57	155.99	161.56	175.39	180.97	192.04	194.92	203.39	211.55	222.76		|
|196.30	187.92	179.56	174.44	163.16	154.80	143.71	138.02	124.23	121.58	110.32	99.19	93.60	88.01	79.58	74.04	68.45	55.99	48.98	35.00	7.94	0.00	8.26	19.53	22.04	33.45	39.03	55.79	52.95	58.52	69.46	72.44	83.54	86.35	91.91	100.17	108.64	114.21	122.58	128.16	142.25	147.67	153.25	167.07	172.65	183.72	186.60	195.07	203.23	214.44		|
|180.77	172.39	164.03	158.91	147.63	139.27	128.18	122.49	108.70	106.05	94.79	83.66	78.07	72.48	64.05	58.51	52.92	40.46	33.45	19.47	13.89	13.89	0.00	13.80	13.78	27.73	33.30	50.07	47.23	52.80	63.74	66.72	77.82	80.63	86.19	94.45	102.91	108.49	116.86	122.43	136.53	141.95	147.52	161.35	166.93	177.99	180.88	189.35	197.51	208.72		|
|191.94	183.56	175.20	170.08	158.81	150.44	139.36	133.66	119.87	117.22	105.96	94.83	89.24	83.65	75.22	69.68	64.09	51.63	44.62	30.64	25.06	25.06	11.17	0.00	0.00	13.93	19.50	36.27	33.42	38.99	49.94	52.92	64.01	66.82	72.39	80.65	89.11	94.69	103.05	108.63	122.73	128.14	133.72	147.55	153.13	164.19	167.08	175.54	183.71	194.91		|
|225.21	216.84	208.47	203.36	192.08	183.71	172.63	166.94	153.14	150.49	139.23	128.10	122.51	116.92	108.49	102.96	97.37	84.90	77.89	63.91	58.33	44.19	44.44	33.27	0.00	13.80	19.38	36.14	33.30	38.87	49.81	52.79	63.89	66.70	72.27	80.52	88.99	94.56	102.93	108.51	122.60	128.02	133.60	147.43	153.00	164.07	166.96	175.42	183.58	194.79		|
|211.41	203.03	194.67	189.55	178.27	169.91	158.82	153.13	139.34	136.69	125.43	114.30	108.70	103.12	94.68	89.15	83.56	71.09	64.08	50.11	44.52	44.53	30.64	19.47	8.29	0.00	5.57	22.34	19.50	25.07	36.01	38.99	50.09	52.90	58.46	66.72	75.18	80.76	89.13	94.70	108.80	114.22	119.79	133.62	139.20	150.26	153.15	161.61	169.78	180.99		|
|219.80	211.42	203.06	197.94	186.66	178.30	167.21	161.52	147.73	145.08	133.82	122.69	117.10	111.51	103.08	97.54	91.95	79.49	72.47	58.50	52.92	52.92	39.03	27.86	16.68	8.39	0.00	19.52	13.92	19.50	30.44	33.42	44.51	47.32	52.89	61.15	69.61	75.19	83.55	89.13	103.23	108.64	114.22	128.05	133.63	144.69	147.58	156.04	164.21	175.41		|
|227.92	219.55	211.18	206.06	194.79	186.42	175.34	169.64	155.85	153.20	141.94	130.81	125.22	119.63	111.20	105.66	100.07	87.61	80.60	66.62	61.04	61.04	47.15	35.98	24.80	16.51	7.80	0.00	11.25	16.82	27.76	30.74	41.84	44.65	50.22	58.47	66.94	72.51	80.88	86.46	100.55	105.97	111.55	125.38	130.96	142.02	144.91	153.37	161.53	172.74		|
|233.79	225.41	217.04	211.93	200.65	192.29	181.20	175.51	161.72	159.07	147.81	136.68	131.08	125.50	117.06	111.53	105.94	93.47	86.46	72.49	66.90	66.91	53.02	41.85	30.67	22.38	13.99	5.59	0.00	5.57	16.51	19.49	30.59	33.40	38.96	47.22	55.69	61.26	69.63	75.21	89.30	94.72	100.30	114.12	119.70	130.77	133.65	142.12	150.28	161.49		|
|242.12	233.75	225.38	220.26	208.99	200.62	189.54	183.84	170.05	167.40	156.14	145.01	139.42	133.83	125.40	119.86	114.27	101.81	94.80	80.82	75.24	75.24	61.35	50.18	39.00	30.71	22.32	13.93	8.34	0.00	0.00	13.92	25.02	27.83	33.39	41.65	50.11	55.69	64.06	69.64	83.73	89.15	94.73	108.55	114.13	125.20	128.08	136.55	144.71	155.92		|
|250.58	242.21	233.84	228.73	217.45	209.09	198.00	192.31	178.51	175.86	164.60	153.47	147.88	142.29	133.86	128.33	122.74	110.27	103.26	89.28	83.70	83.71	69.81	58.64	47.46	39.18	30.78	22.39	16.80	0.00	0.00	8.22	19.32	22.13	27.69	35.95	44.42	49.99	58.36	63.94	78.03	83.45	89.03	102.85	108.43	119.50	122.38	130.85	139.01	150.22		|
|256.19	247.81	239.44	234.33	223.05	214.69	203.60	197.91	184.12	181.47	170.21	159.08	153.48	147.90	139.46	133.93	128.34	115.87	108.86	94.89	89.30	89.31	75.42	64.25	53.07	44.78	36.39	27.99	22.40	16.61	5.60	0.00	11.10	13.91	19.47	27.73	36.19	41.77	50.14	55.72	69.81	75.23	80.81	94.63	100.21	111.28	114.16	122.63	130.79	142.00		|
|261.77	253.39	245.03	239.91	228.63	220.27	209.18	203.49	189.70	187.05	175.79	164.66	159.06	153.48	145.04	139.51	133.92	121.45	114.44	100.47	94.88	94.89	81.00	69.83	58.65	50.36	41.97	33.57	27.98	22.19	11.18	5.58	0.00	5.72	11.28	19.54	28.01	33.58	41.95	47.53	61.62	67.04	72.62	86.44	92.02	103.09	105.97	114.44	122.60	133.81		|
|267.38	259.00	250.64	245.52	234.24	225.88	214.79	209.10	195.31	192.66	181.40	170.27	164.67	159.09	150.65	145.12	139.53	127.06	120.05	106.08	100.49	100.50	86.61	75.44	64.26	55.97	47.58	39.18	33.59	27.80	16.79	11.19	5.61	0.00	5.56	13.82	22.29	27.86	36.23	41.81	55.90	61.32	66.90	80.72	86.30	97.37	100.25	108.72	116.88	128.09		|
|278.51	270.14	261.77	256.65	245.38	237.01	225.93	220.24	206.44	203.79	192.53	181.40	175.81	170.22	161.79	156.26	150.67	138.20	131.19	117.21	111.63	111.64	97.74	86.57	75.39	67.10	58.71	50.32	44.73	38.93	27.93	22.32	16.74	0.00	0.00	8.26	16.72	22.30	30.66	36.24	50.34	55.76	61.33	75.16	80.74	91.80	94.69	103.15	111.32	122.53		|
|281.41	273.04	264.67	259.56	248.28	239.91	228.83	223.14	209.34	206.69	195.43	184.30	178.71	173.12	164.69	159.16	153.57	141.10	134.09	120.11	114.53	114.54	100.64	89.47	78.29	70.00	61.61	53.22	47.63	41.83	30.83	25.23	19.65	14.03	8.34	0.00	10.99	16.57	24.93	30.51	44.61	50.02	55.60	69.43	75.01	86.07	88.96	97.42	105.59	116.79		|
|287.03	278.65	270.28	265.17	253.89	245.53	234.44	228.75	214.96	212.31	201.05	189.92	184.32	178.74	170.30	164.77	159.18	146.71	139.70	125.73	120.14	120.15	106.26	95.09	83.91	75.62	67.23	58.83	53.24	47.45	36.44	30.84	25.26	19.65	13.95	5.61	0.00	5.58	13.94	19.52	33.62	39.03	44.61	58.44	64.02	75.08	77.97	86.43	94.60	105.80		|
|295.39	287.01	278.65	273.53	262.26	253.89	242.81	237.11	223.32	220.67	209.41	198.28	192.69	187.10	178.67	173.13	167.54	155.08	148.07	134.09	128.51	128.51	114.62	103.45	92.27	83.98	75.59	67.20	61.60	55.81	44.81	39.20	33.62	28.01	22.32	13.98	8.36	0.00	8.37	13.94	28.04	33.46	39.03	52.86	58.44	69.50	72.39	80.86	89.02	100.23		|
|309.27	300.89	292.52	287.41	276.13	267.77	256.68	250.99	237.20	234.55	223.29	212.16	206.56	200.98	192.54	187.01	181.42	168.95	161.94	147.97	142.38	142.39	128.50	117.32	106.15	97.86	89.47	81.07	75.48	69.69	58.68	53.08	47.50	41.89	36.19	27.85	22.24	8.47	0.00	5.58	19.67	25.09	30.67	44.50	50.08	61.14	64.03	72.49	80.65	91.86		|
|315.07	306.70	298.33	293.22	281.94	273.58	262.49	256.80	243.00	240.36	229.09	217.97	212.37	206.78	198.35	192.82	187.23	174.76	167.75	153.77	148.19	148.20	134.30	123.13	111.95	103.67	95.27	86.88	81.29	75.49	64.49	58.89	53.31	47.70	42.00	33.66	28.05	19.68	0.00	0.00	14.10	19.51	25.09	38.92	44.50	55.56	58.45	66.91	75.08	86.28		|
|323.50	315.12	306.76	301.64	290.36	282.00	270.91	265.22	251.43	248.78	237.52	226.39	220.79	215.21	206.77	201.24	195.65	183.18	176.17	162.20	156.61	156.62	142.73	131.56	120.38	112.09	103.70	95.30	89.71	83.92	72.91	67.31	61.73	56.12	50.42	42.09	36.47	28.11	17.97	8.42	0.00	13.56	19.13	32.96	38.54	49.60	52.49	60.95	69.12	80.33		|
|329.12	320.74	312.37	307.26	295.98	287.62	276.53	270.84	257.05	254.40	243.14	232.01	226.41	220.83	212.39	206.86	201.27	188.80	181.79	167.82	162.23	162.24	148.35	137.18	126.00	117.71	109.32	100.92	95.33	89.54	78.53	72.93	67.35	61.74	56.04	47.70	42.09	33.73	23.59	14.04	5.62	0.00	5.58	19.40	24.98	36.05	38.94	47.40	55.56	66.77		|
|337.50	329.12	320.76	315.64	304.36	296.00	284.91	279.22	265.43	262.78	251.52	240.39	234.80	229.21	220.78	215.24	209.65	197.19	190.18	176.20	170.62	170.62	156.73	145.56	134.38	126.09	117.70	109.31	103.7197.92	86.92	81.31	75.73	70.12	64.43	56.09	50.47	42.11	31.97	22.43	14.00	10.72	0.00	13.83	19.41	30.47	33.36	41.82	49.99	61.19		|
|345.76	337.38	329.01	323.90	312.62	304.26	293.17	287.48	273.69	271.04	259.78	248.65	243.05	237.47	229.03	223.50	217.91	205.44	198.43	184.46	178.87	178.88	164.99	153.82	142.64	134.35	125.96	117.56	111.97106.18	95.17	89.57	83.99	78.38	72.68	64.34	58.73	50.37	40.23	30.68	22.26	16.64	0.00	0.00	5.58	16.64	19.53	27.99	36.16	47.37		|
|351.55	343.17	334.80	329.69	318.41	310.05	298.96	293.27	279.48	276.83	265.57	254.44	248.84	243.26	234.82	229.29	223.70	211.23	204.22	190.25	184.66	184.67	170.78	159.61	148.43	140.14	131.75	123.35	117.76111.97	100.96	95.36	89.78	84.17	78.47	70.13	64.52	56.16	46.01	36.47	28.05	24.76	14.05	10.71	0.00	7.79	13.95	22.41	30.58	41.79		|
|357.10	348.72	340.35	335.24	323.96	315.60	304.51	298.82	285.03	282.38	271.12	259.99	254.39	248.81	240.37	234.84	229.25	216.78	209.77	195.80	190.21	190.22	176.33	165.15	153.98	145.69	137.30	128.90	123.31117.52	106.51	100.91	95.33	89.72	84.02	75.68	70.07	61.70	51.56	42.02	33.60	30.31	19.60	16.26	5.55	0.00	0.00	0.00	21.63	32.84		|
|371.21	362.83	354.46	349.35	338.07	329.71	318.62	312.93	299.14	296.49	285.22	274.10	268.50	262.91	254.48	248.95	243.36	230.89	223.88	209.90	204.32	204.33	190.43	179.26	168.08	159.80	151.41	143.01	137.42131.62	120.62	115.02	109.44	103.83	98.13	89.79	84.18	75.81	65.67	56.13	47.71	44.42	33.70	30.37	19.66	27.45	0.00	8.46	16.63	27.84		|
|382.04	373.67	365.30	360.19	348.91	340.55	329.46	323.77	309.97	307.32	296.06	284.93	279.34	273.75	265.32	259.79	254.20	241.73	234.72	220.74	215.16	215.17	201.27	190.10	178.92	170.64	162.24	153.85	148.26142.46	131.46	125.86	120.28	114.67	108.97	100.63	95.02	86.65	76.51	66.97	58.55	55.26	44.54	41.21	30.50	38.29	10.84	0.00	0.00	0.00		|
|391.97	383.59	375.22	370.11	358.83	350.47	339.38	333.69	319.90	317.25	305.99	294.86	289.26	283.68	275.24	269.71	264.12	251.65	244.64	230.67	225.08	225.09	211.20	200.03	188.85	180.56	172.17	163.77	158.18152.39	141.38	135.78	130.20	124.59	118.89	110.55	104.94	96.58	86.43	76.89	68.47	65.18	54.47	51.13	40.42	23.14	20.76	0.00	0.00	11.21		|
|396.07	387.69	379.32	374.21	362.93	354.57	343.48	337.79	324.00	321.35	310.09	298.96	293.36	287.78	279.34	273.81	268.22	255.75	248.74	234.77	229.18	229.19	215.30	204.12	192.95	184.66	176.27	167.87	162.28156.49	145.48	139.88	134.30	128.69	122.99	114.65	109.04	100.68	90.53	80.99	72.57	69.28	58.57	55.23	44.52	30.96	24.86	14.02	7.81	0.00		|
*****************Final Output :*****************

Shorest Path between source 2 and destination 14 is: 33.


Shorest Path between source 2 and destination 14 is: 91.77.

Hop Count for source 2 and destination 14 is: 7.

Total Running Time of the Algorithm in Seconds is 0.0249240


Total no.of Key-Basic Operations are : 189867

*********************************************

Congestion Actual Delay Matrix :
|0.00	729.17	733.17	2398.17	2403.57	2745.62	5547.02	3319.62	6083.78	7967.12	6111.90	16973.37	8438.45	40266.70	40755.03	53453.30	57858.90	66738.10	58270.90	82821.30	82995.91	94427.30	95050.80	110005.10	95537.80	125451.35	131584.84	125944.15	143941.84	152038.52	144882.64	164081.52	164680.52	175895.52	179781.84	180941.84	194649.84	201078.52	206407.11	212073.11	212888.11	222070.52	225352.02	225929.47	228030.97	227865.47	232285.97	232594.38	234934.38	235620.38		|
|355.00	0.00	0.00	1669.00	1674.40	2016.45	4817.85	2590.45	5354.62	7237.95	5382.73	16244.20	7709.28	39537.53	40025.86	52724.13	57129.73	66008.94	57541.73	82092.14	82266.74	93698.14	94321.64	109275.94	94808.64	124722.19	130855.69	125214.98	143212.69	151309.36	144153.48	163352.36	163951.36	175166.36	179052.69	180212.69	193920.69	200349.36	205677.95	211343.95	212158.95	221341.36	224622.86	225200.31	227301.81	227136.31	231556.81	231865.22	234205.22	234891.22		|
|1264.60	909.60	0.00	1601.67	1607.07	1949.12	4750.52	2523.12	5287.28	7170.62	5315.40	16176.87	7641.95	39470.20	39958.53	52656.80	57062.40	65941.60	57474.40	82024.80	82199.41	93630.80	94254.30	109208.60	94741.30	124654.85	130788.35	125147.65	143145.34	151242.02	144086.14	163285.02	163884.02	175099.02	178985.34	180145.34	193853.34	200282.02	205610.61	211276.61	212091.61	221274.02	224555.52	225132.97	227234.47	227068.97	231489.47	231797.88	234137.88	234823.88		|
|554.00	199.00	203.00	0.00	5.40	347.45	3148.85	921.45	3685.62	5568.95	3713.73	14575.20	6040.28	37868.53	38356.86	51055.13	55460.73	64339.93	55872.73	80423.13	80597.73	92029.13	92652.63	107606.93	93139.63	123053.18	129186.68	123545.98	141543.69	149640.36	142484.48	161683.36	162282.36	173497.36	177383.69	178543.69	192251.69	198680.36	204008.95	209674.95	210489.95	219672.36	222953.86	223531.31	225632.81	225467.31	229887.81	230196.22	232536.22	233222.22		|
|1606.36	1251.36	341.76	5.29	0.00	873.00	3674.40	1447.00	4211.16	6094.50	4239.28	15100.75	6565.83	38394.08	38882.41	51580.68	55986.29	64865.48	56398.29	80948.69	81123.29	92554.69	93178.19	108132.48	93665.19	123578.73	129712.23	124071.53	142069.23	150165.91	143010.03	162208.91	162807.91	174022.91	177909.23	179069.23	192777.23	199205.91	204534.50	210200.50	211015.50	220197.91	223479.41	224056.86	226158.36	225992.86	230413.36	230721.77	233061.77	233747.77		|
|1749.25	1394.25	346.76	1195.25	0.00	0.00	2801.40	574.00	3338.16	5221.50	3366.28	14227.75	5692.83	37521.08	38009.41	50707.68	55113.29	63992.48	55525.29	80075.69	80250.29	91681.69	92305.19	107259.48	92792.19	122705.73	128839.23	123198.53	141196.23	149292.91	142137.03	161335.91	161934.91	173149.91	177036.23	178196.23	191904.23	198332.91	203661.50	209327.50	210142.50	219324.91	222606.41	223183.86	225285.36	225119.86	229540.36	229848.77	232188.77	232874.77		|
|5970.86	5615.86	4706.26	4369.79	4364.50	8.75	0.00	582.75	536.76	2420.10	564.88	11426.35	2891.43	34719.68	35208.01	47906.28	52311.88	61191.08	52723.88	77274.28	77448.88	88880.28	89503.78	104458.08	89990.78	119904.33	126037.83	120397.12	138394.83	146491.50	139335.62	158534.50	159133.50	170348.50	174234.83	175394.83	189102.83	195531.50	200860.09	206526.09	207341.09	216523.50	219805.00	220382.45	222483.95	222318.45	226738.95	227047.36	229387.36	230073.36		|
|3127.25	2772.25	4816.26	2573.25	4474.50	1378.00	110.00	0.00	5.20	696.00	33.31	9702.25	1167.33	32995.59	33483.92	46182.19	50587.79	59466.99	50999.79	75550.19	75724.79	87156.19	87779.69	102733.98	88266.69	118180.23	124313.73	118673.03	136670.73	144767.41	137611.53	156810.41	157409.41	168624.41	172510.73	173670.73	187378.73	193807.41	199136.00	204802.00	205617.00	214799.41	218080.91	218658.36	220759.86	220594.36	225014.86	225323.27	227663.27	228349.27		|
|13382.11	13027.11	12117.51	11781.04	11775.75	7420.00	7411.25	2109.92	0.00	1883.33	28.12	10889.58	2354.67	34182.92	34671.25	47369.52	51775.12	60654.32	52187.12	76737.52	76912.12	88343.52	88967.02	103921.32	89454.02	119367.57	125501.07	119860.37	137858.06	145954.73	138798.86	157997.73	158596.73	169811.73	173698.06	174858.06	188566.06	194994.73	200323.33	205989.33	206804.33	215986.73	219268.23	219845.69	221947.19	221781.69	226202.19	226510.59	228850.59	229536.59		|
|3353.84	2998.84	5042.85	2799.84	4701.09	1604.59	336.59	226.59	0.00	0.00	0.00	9006.25	471.33	32299.58	32787.92	45486.18	49891.79	58770.98	50303.79	74854.19	75028.79	86460.19	87083.69	102037.98	87570.69	117484.23	123617.73	117977.03	135974.73	144071.41	136915.53	156114.41	156713.41	167928.41	171814.73	172974.73	186682.73	193111.41	198440.00	204106.00	204921.00	214103.41	217384.91	217962.36	220063.86	219898.36	224318.86	224627.27	226967.27	227653.27		|
|17544.62	17189.62	16280.01	15943.54	15938.25	11582.50	11573.75	391.59	4162.50	165.00	0.00	228.33	27993.17	23521.67	24010.00	36708.27	41113.87	49993.07	41525.87	66076.27	66250.88	77682.27	78305.77	93260.07	78792.77	108706.32	114839.82	109199.12	127196.82	135293.48	128137.62	147336.48	147935.48	159150.48	163036.81	164196.81	177904.81	184333.48	189662.08	195328.08	196143.08	205325.48	208606.98	209184.44	211285.94	211120.44	215540.94	215849.34	218189.34	218875.34		|
|7601.84	7246.84	9290.85	7047.84	8949.09	5852.59	4584.59	4474.59	4167.89	4248.00	5.39	0.00	27764.83	23293.33	23781.67	36479.93	40885.54	49764.73	41297.54	65847.94	66022.54	77453.94	78077.44	93031.73	78564.44	108477.98	114611.48	108970.78	126968.48	135065.16	127909.28	147108.16	147707.16	158922.16	162808.48	163968.48	177676.48	184105.16	189433.75	195099.75	195914.75	205097.16	208378.66	208956.11	211057.61	210892.11	215312.61	215621.02	217961.02	218647.02		|
|25496.12	25141.12	24231.52	8347.44	23889.75	7152.19	19525.25	5774.19	12114.00	5547.60	7951.50	1299.60	0.00	214.71	54.71	88.59	4494.19	13373.39	4906.19	29456.59	29631.19	41062.59	41686.09	56640.39	42173.09	72086.64	78220.14	72579.44	90577.14	98673.80	91517.94	110716.80	111315.80	122530.80	126417.14	127577.14	141285.14	147713.81	153042.41	158708.41	159523.41	168705.81	171987.31	172564.77	174666.27	174500.77	178921.27	179229.67	181569.67	182255.67		|
|29967.62	29612.62	28703.02	12818.94	28361.25	11623.69	23996.75	10245.69	16585.50	10019.10	12423.00	5771.10	4471.50	0.00	488.33	13186.60	17592.20	26471.40	18004.20	42554.60	42729.20	54160.60	54784.10	69738.40	55271.10	85184.65	91318.15	85677.45	103675.15	111771.81	104615.95	123814.81	124413.81	135628.81	139515.14	140675.14	154383.14	160811.81	166140.41	171806.41	172621.41	181803.81	185085.31	185662.77	187764.27	187598.77	192019.27	192327.67	194667.67	195353.67		|
|30127.62	29772.62	28863.02	12978.94	28521.25	11783.69	24156.75	10405.69	16745.50	10179.10	12583.00	5931.10	4631.50	160.00	0.00	33.88	4439.48	13318.68	4851.48	29401.88	29576.48	41007.88	41631.38	56585.68	42118.38	72031.93	78165.43	72524.73	90522.43	98619.09	91463.23	110662.09	111261.09	122476.09	126362.43	127522.43	141230.44	147659.11	152987.70	158653.70	159468.70	168651.11	171932.61	172510.06	174611.56	174446.06	178866.56	179174.97	181514.97	182200.97		|
|38996.62	38641.62	37732.02	21847.94	37390.25	20652.69	33025.75	19274.69	25614.50	19048.10	21452.00	14800.10	13500.50	9029.00	392.00	0.00	4405.60	13284.80	4817.60	29368.00	29542.60	40974.00	41597.50	56551.80	42084.50	71998.05	78131.55	72490.84	90488.55	98585.21	91429.34	110628.21	111227.21	122442.21	126328.55	127488.55	141196.55	147625.22	152953.81	158619.81	159434.81	168617.22	171898.72	172476.17	174577.67	174412.17	178832.67	179141.08	181481.08	182167.08		|
|45611.28	45256.28	44346.68	28462.60	44004.91	27267.35	39640.41	25889.35	32229.17	25662.77	28066.67	21414.77	20115.17	15643.67	7006.676614.67	0.00	8879.20	412.00	24962.40	25137.00	36568.40	37191.90	52146.20	37678.90	67592.45	73725.95	68085.25	86082.95	94179.62	87023.75	106222.62	106821.62	118036.62	121922.95	123082.95	136790.95	143219.62	148548.22	154214.22	155029.22	164211.62	167493.12	168070.58	170172.08	170006.58	174427.08	174735.48	177075.48	177761.48		|
|46289.62	45934.62	45025.02	29140.94	44683.25	27945.69	40318.75	26567.69	32907.50	26341.10	28745.00	22093.10	20793.50	16322.00	7685.007293.00	678.33	0.00	125.33	16083.20	16257.80	27689.20	28312.70	43267.00	28799.70	58713.25	64846.75	59206.05	77203.75	85300.41	78144.55	97343.41	97942.41	109157.41	113043.75	114203.75	127911.75	134340.42	139669.02	145335.02	146150.02	155332.42	158613.92	159191.38	161292.88	161127.38	165547.88	165856.28	168196.28	168882.28		|
|46962.28	46607.28	45697.68	29813.60	45355.91	28618.35	40991.41	27240.35	33580.16	27013.77	29417.67	22765.77	21466.17	16994.67	8357.677965.67	1351.00	10230.20	0.00	776.00	950.60	12382.00	13005.50	27959.80	13492.50	43406.05	49539.55	43898.85	61896.55	69993.21	62837.35	82036.21	82635.21	93850.21	97736.55	98896.55	112604.55	119033.21	124361.81	130027.81	130842.81	140025.22	143306.72	143884.17	145985.67	145820.17	150240.67	150549.08	152889.08	153575.08		|
|63927.28	63572.28	62662.68	46778.61	62320.91	45583.36	57956.41	44205.36	50545.16	43978.77	46382.66	39730.77	38431.16	33959.66	25322.67	24930.67	18316.00	158.75	16965.00	0.00	174.60	11606.00	12229.50	27183.80	12716.50	42630.05	48763.55	43122.85	61120.55	69217.21	62061.35	81260.21	81859.21	93074.21	96960.55	98120.55	111828.55	118257.21	123585.81	129251.81	130066.81	139249.22	142530.72	143108.17	145209.67	145044.17	149464.67	149773.08	152113.08	152799.08		|
|68348.48	67993.48	67083.88	51199.81	66742.12	50004.56	62377.62	48626.56	54966.37	48399.97	50803.87	44151.97	42852.37	38380.87	29743.87	29351.87	22737.20	4579.95	21386.20	4421.20	0.00	592.00	1215.50	16169.80	1702.50	31616.05	37749.55	32108.85	50106.55	58203.21	51047.35	70246.22	70845.22	82060.22	85946.55	87106.55	100814.55	107243.22	112571.82	118237.82	119052.82	128235.22	131516.72	132094.17	134195.67	134030.17	138450.67	138759.08	141099.08	141785.08		|
|63962.28	63607.28	62697.68	46813.61	62355.91	45618.36	57991.41	44240.36	50580.16	44013.77	46417.66	39765.77	38466.16	33994.66	25357.67	24965.67	18351.00	193.75	17000.00	35.00	8.75	0.00	623.50	15577.80	1110.50	31024.05	37157.55	31516.85	49514.55	57611.21	50455.35	69654.22	70253.22	81468.22	85354.55	86514.55	100222.55	106651.22	111979.82	117645.82	118460.82	127643.22	130924.72	131502.17	133603.67	133438.17	137858.67	138167.08	140507.08	141193.08		|
|69482.50	69127.50	68217.90	52333.82	67876.13	51138.57	63511.63	49760.57	56100.38	49533.98	51937.88	45285.98	43986.38	39514.88	30877.88	30485.88	23871.22	5713.96	22520.22	5555.22	1134.02	397.00	0.00	738.75	487.00	16185.00	22318.50	16677.80	34675.50	42772.17	35616.30	54815.17	55414.17	66629.17	70515.51	71675.51	85383.51	91812.17	97140.77	102806.77	103621.77	112804.17	116085.67	116663.12	118764.62	118599.12	123019.62	123328.02	125668.02	126354.02		|
|81108.51	80753.51	79843.91	63959.83	79502.14	62764.58	75137.64	61386.58	67726.39	61159.99	63563.89	56911.99	55612.39	51140.89	42503.89	42111.89	35497.22	17339.96	34146.22	17181.22	12760.02	12023.00	11626.00	0.00	0.00	15446.25	21579.75	15939.05	33936.75	42033.42	34877.55	54076.42	54675.42	65890.42	69776.76	70936.76	84644.76	91073.42	96402.02	102068.02	102883.02	112065.42	115346.92	115924.38	118025.88	117860.38	122280.88	122589.27	124929.27	125615.27		|
|84993.88	84638.88	83729.28	67845.20	83387.52	66649.95	79023.02	65271.95	71611.77	65045.36	67449.27	60797.36	59497.76	55026.26	46389.26	45997.26	39382.59	21225.34	38031.59	21066.59	16645.39	343.40	15511.37	3885.37	0.00	2283.33	8416.83	2776.13	20773.83	28870.50	21714.63	40913.50	41512.50	52727.50	56613.83	57773.83	71481.83	77910.49	83239.09	88905.09	89720.09	98902.49	102183.99	102761.45	104862.95	104697.45	109117.95	109426.34	111766.34	112452.34		|
|82710.54	82355.54	81445.94	65561.87	81104.17	64366.62	76739.67	62988.62	69328.42	62762.03	65165.93	58514.03	57214.43	52742.93	44105.93	43713.93	37099.26	18942.00	35748.26	18783.26	14362.06	13625.04	13228.04	1602.04	288.60	0.00	6133.50	492.80	18490.50	26587.17	19431.30	38630.16	39229.16	50444.16	54330.50	55490.50	69198.50	75627.16	80955.77	86621.77	87436.77	96619.16	99900.66	100478.12	102579.62	102414.12	106834.62	107143.02	109483.02	110169.02		|
|89045.95	88690.95	87781.34	71897.27	87439.58	70702.02	83075.08	69324.02	75663.83	69097.43	71501.33	64849.43	63549.83	59078.33	50441.33	50049.33	43434.66	25277.40	42083.66	25118.66	20697.46	19960.44	19563.44	7937.44	6624.00	6335.40	0.00	12424.67	12357.00	20453.67	13297.80	32496.67	33095.66	44310.66	48197.00	49357.00	63065.00	69493.66	74822.27	80488.27	81303.27	90485.66	93767.16	94344.62	96446.12	96280.62	100701.12	101009.52	103349.52	104035.52		|
|83291.54	82936.54	82026.94	66142.87	81685.17	64947.62	77320.67	63569.62	69909.42	63343.03	65746.92	59095.03	57795.43	53323.93	44686.93	44294.93	37680.26	19523.00	36329.26	19364.26	14943.06	14206.04	13809.04	2183.04	869.60	581.00	10.67	0.00	213.00	8309.67	1153.80	20352.67	20951.67	32166.67	36053.00	37213.00	50921.00	57349.67	62678.27	68344.27	69159.27	78341.66	81623.16	82200.62	84302.12	84136.62	88557.12	88865.52	91205.52	91891.52		|
|99488.95	99133.95	98224.34	82340.27	97882.58	81145.02	93518.08	79767.02	86106.83	79540.43	81944.33	75292.43	73992.83	69521.33	60884.33	60492.33	53877.66	35720.41	52526.66	35561.66	31140.46	30403.44	30006.44	18380.44	17067.00	16778.40	10443.00	67.67	0.00	8096.67	940.8020139.67	20738.67	31953.67	35840.00	37000.00	50708.00	57136.67	62465.27	68131.27	68946.27	78128.66	81410.16	81987.62	84089.12	83923.62	88344.12	88652.52	90992.52	91678.52		|
|99688.45	99333.45	98423.84	82539.77	98082.08	81344.52	93717.58	79966.52	86306.33	79739.93	82143.83	75491.93	74192.33	69720.83	61083.83	60691.83	54077.16	35919.91	52726.16	35761.16	31339.96	30602.94	30205.94	18579.94	17266.50	16977.90	10642.50	267.17	199.50	0.00	0.00	12043.00	12642.00	23857.00	27743.33	28903.33	42611.34	49040.00	54368.60	60034.60	60849.60	70032.00	73313.50	73890.95	75992.45	75826.95	80247.45	80555.85	82895.85	83581.85		|
|111450.54	111095.54	110185.94	94301.86	109844.17	93106.61	105479.67	91728.61	98068.42	91502.02	93905.92	87254.02	85954.42	81482.92	72845.92	72453.92	65839.26	47682.00	64488.26	47523.26	43102.06	42365.04	41968.04	30342.04	29028.60	28740.00	22404.60	12029.27	11961.60	0.00	0.00	344.40	943.40	12158.40	16044.73	17204.73	30912.73	37341.40	42670.00	48336.00	49151.00	58333.40	61614.90	62192.35	64293.85	64128.35	68548.84	68857.24	71197.24	71883.24		|
|115251.34	114896.34	113986.74	98102.66	113644.98	96907.41	109280.48	95529.41	101869.23	95302.83	97706.73	91054.83	89755.23	85283.73	76646.73	76254.73	69640.06	51482.80	68289.06	51324.06	46902.86	46165.84	45768.84	34142.84	32829.40	32540.80	26205.40	15830.07	15762.40	469.50	3800.80	0.00	599.00	11814.00	15700.33	16860.33	30568.33	36997.00	42325.60	47991.60	48806.60	57989.00	61270.50	61847.95	63949.45	63783.95	68204.45	68512.85	70852.85	71538.85		|
|115618.95	115263.95	114354.34	98470.27	114012.58	97275.02	109648.08	95897.02	102236.83	95670.43	98074.33	91422.43	90122.83	85651.33	77014.33	76622.33	70007.66	51850.41	68656.66	51691.66	47270.46	46533.45	46136.45	34510.45	33197.01	32908.41	26573.01	16197.67	16130.01	837.11	4168.41	367.61	0.00	76.67	3963.00	5123.00	18831.00	25259.67	30588.27	36254.27	37069.27	46251.66	49533.16	50110.61	52212.11	52046.61	56467.11	56775.51	59115.51	59801.51		|
|119030.15	118675.15	117765.55	101881.47	117423.78	100686.22	113059.28	99308.22	105648.03	99081.63	101485.53	94833.63	93534.03	89062.53	80425.53	80033.53	73418.87	55261.61	72067.87	55102.87	50681.67	49944.65	49547.65	37921.65	36608.21	36319.61	29984.21	19608.87	19541.21	4248.31	7579.61	3778.81	3411.20	0.00	3886.33	5046.33	18754.33	25183.00	30511.60	36177.60	36992.60	46175.00	49456.50	50033.95	52135.45	51969.95	56390.45	56698.85	59038.85	59724.85		|
|116362.95	116007.95	115098.34	99214.27	114756.58	98019.02	110392.08	96641.02	102980.83	96414.43	98818.33	92166.43	90866.83	86395.33	77758.33	77366.33	70751.66	52594.41	69400.66	52435.66	48014.46	47277.45	46880.45	35254.45	33941.01	33652.41	27317.01	16941.67	16874.01	1581.11	4912.41	1111.61	744.00	0.00	0.00	1160.00	14868.00	21296.67	26625.27	32291.27	33106.27	42288.66	45570.16	46147.61	48249.11	48083.61	52504.11	52812.51	55152.51	55838.51		|
|127060.15	126705.15	125795.55	109911.47	125453.78	108716.22	121089.28	107338.22	113678.03	107111.63	109515.53	102863.63	101564.03	97092.53	88455.53	88063.53	81448.87	63291.61	80097.87	63132.87	58711.67	57974.65	57577.65	45951.65	44638.21	44349.61	38014.21	27638.87	27571.21	12278.31	15609.61	11808.81	11441.20	8030.00	213.00	0.00	70.67	6499.33	11827.93	17493.93	18308.93	27491.33	30772.83	31350.28	33451.78	33286.28	37706.78	38015.18	40355.18	41041.18		|
|129673.48	129318.48	128408.88	112524.80	128067.11	111329.55	123702.61	109951.55	116291.36	109724.96	112128.86	105476.96	104177.36	99705.86	91068.86	90676.86	84062.20	65904.94	82711.20	65746.20	61325.00	60587.98	60190.98	48564.98	47251.54	46962.94	40627.54	30252.21	30184.54	14891.64	18222.94	14422.14	14054.53	10643.33	2826.33	2613.33	0.00	6428.67	11757.27	17423.27	18238.27	27420.66	30702.16	31279.62	33381.12	33215.62	37636.12	37944.52	40284.52	40970.52		|
|130083.71	129728.71	128819.11	112935.03	128477.34	111739.78	124112.84	110361.78	116701.59	110135.20	112539.09	105887.20	104587.59	100116.09	91479.09	91087.09	84472.43	66315.17	83121.43	66156.43	61735.23	60998.21	60601.21	48975.21	47661.77	47373.17	41037.77	30662.44	30594.78	15301.88	18633.18	14832.38	14464.77	11053.57	3236.57	3023.57	410.24	0.00	5328.60	10994.60	11809.60	20992.00	24273.50	24850.95	26952.45	26786.95	31207.45	31515.85	33855.85	34541.85		|
|130663.88	130308.88	129399.28	113515.20	129057.52	112319.95	124693.02	110941.95	117281.77	110715.37	113119.27	106467.37	105167.77	100696.27	92059.27	91667.27	85052.60	66895.34	83701.60	66736.60	62315.40	61578.38	61181.38	49555.38	48241.95	47953.34	41617.94	31242.61	31174.94	15882.04	19213.34	15412.54	15044.93	11633.73	3816.73	3603.73	990.40	10.00	0.00	5666.00	6481.00	15663.40	18944.90	19522.35	21623.85	21458.35	25878.85	26187.25	28527.25	29213.25		|
|137369.55	137014.55	136104.95	120220.88	135763.19	119025.62	131398.69	117647.62	123987.44	117421.04	119824.94	113173.04	111873.44	107401.94	98764.94	98372.94	91758.27	73601.02	90407.27	73442.27	69021.07	68284.05	67887.05	56261.05	54947.61	54659.01	48323.61	37948.28	37880.61	22587.71	25919.01	22118.21	21750.60	18339.40	10522.40	10309.40	7696.07	7285.83	0.00	0.00	815.00	9997.40	13278.90	13856.35	15957.85	15792.35	20212.85	20521.25	22861.25	23547.25		|
|141904.05	141549.05	140639.45	124755.38	140297.69	123560.12	135933.19	122182.12	128521.94	121955.54	124359.44	117707.54	116407.94	111936.44	103299.44	102907.44	96292.77	78135.52	94941.77	77976.77	73555.57	72818.55	72421.55	60795.55	59482.11	59193.51	52858.11	42482.78	42415.11	27122.21	30453.51	26652.71	26285.10	22873.90	15056.90	14843.90	12230.57	11820.33	38.59	4534.50	0.00	197.00	3478.50	4055.95	6157.45	5991.95	10412.45	10720.85	13060.85	13746.85		|
|142486.05	142131.05	141221.45	125337.38	140879.69	124142.12	136515.19	122764.12	129103.94	122537.54	124941.44	118289.54	116989.94	112518.44	103881.44	103489.44	96874.77	78717.52	95523.77	78558.77	74137.57	73400.55	73003.55	61377.55	60064.11	59775.51	53440.11	43064.78	42997.11	27704.21	31035.51	27234.71	26867.10	23455.90	15638.90	15425.90	12812.57	12402.33	620.59	5116.50	582.00	0.00	3281.50	3858.95	5960.45	5794.95	10215.45	10523.85	12863.85	13549.85		|
|147976.55	147621.55	146711.95	130827.88	146370.19	129632.62	142005.69	128254.62	134594.44	128028.04	130431.94	123780.04	122480.44	118008.94	109371.94	108979.94	102365.27	84208.02	101014.27	84049.27	79628.07	78891.05	78494.05	66868.05	65554.61	65266.01	58930.61	48555.28	48487.61	33194.71	36526.01	32725.21	32357.60	28946.40	21129.40	20916.40	18303.07	17892.83	6111.09	10607.00	6072.50	86.40	0.00	577.45	2678.95	2513.45	6933.95	7242.35	9582.3510268.35		|
|143783.55	143428.55	142518.95	126634.88	142177.19	125439.62	137812.69	124061.62	130401.44	123835.04	126238.94	119587.04	118287.44	113815.94	105178.94	104786.94	98172.27	80015.02	96821.27	79856.27	75435.07	74698.05	74301.05	62675.05	61361.61	61073.01	54737.61	44362.28	44294.61	29001.71	32333.01	28532.21	28164.60	24753.40	16936.40	16723.40	14110.07	13699.83	1918.09	6414.00	1879.50	1297.50	0.00	0.00	2101.50	1936.00	6356.50	6664.90	9004.90	9690.90|
|152881.55	152526.55	151616.95	135732.88	151275.19	134537.62	146910.69	133159.62	139499.44	132933.03	135336.94	128685.04	127385.44	122913.94	114276.94	113884.94	107270.27	89113.02	105919.27	88954.27	84533.07	83796.05	83399.05	71773.05	70459.61	70171.01	63835.61	53460.28	53392.61	38099.71	41431.01	37630.21	37262.60	33851.40	26034.40	25821.40	23208.07	22797.83	11016.09	15512.00	10977.50	4991.40	4905.00	133.33	0.00	11.76	4255.004563.40	6903.40	7589.40		|
|153534.89	153179.89	152270.30	136386.22	151928.53	135190.97	147564.03	133812.97	140152.78	133586.38	135990.28	129338.38	128038.77	123567.27	114930.27	114538.27	107923.61	89766.35	106572.61	89607.61	85186.41	84449.38	84052.38	72426.38	71112.95	70824.34	64488.95	54113.61	54045.95	38753.04	42084.34	38283.54	37915.93	34504.73	26687.74	26474.74	23861.40	23451.17	11669.42	16165.33	11630.83	5644.73	5558.33	786.67	653.33	0.00	0.00	0.00	2653.40	3339.40		|
|156068.89	155713.89	154804.30	138920.22	154462.53	137724.97	150098.03	136346.97	142686.78	136120.38	138524.28	131872.38	130572.77	126101.27	117464.27	117072.27	110457.61	92300.35	109106.61	92141.61	87720.41	86983.38	86586.38	74960.38	73646.95	73358.34	67022.95	56647.61	56579.95	41287.04	44618.34	40817.54	40449.93	37038.73	29221.74	29008.74	26395.40	25985.17	14203.42	18699.33	14164.83	8178.73	8092.33	3320.67	3187.33	3199.10	0.00	308.40	2648.40	3334.40		|
|156187.70	155832.70	154923.11	139039.03	154581.34	137843.78	150216.84	136465.78	142805.59	136239.19	138643.09	131991.19	130691.59	126220.09	117583.09	117191.09	110576.43	92419.17	109225.43	92260.43	87839.23	87102.20	86705.20	75079.20	73765.77	73477.16	67141.77	56766.43	56698.77	41405.87	44737.17	40936.37	40568.76	37157.56	29340.56	29127.56	26514.22	26103.99	14322.25	18818.16	14283.66	8297.56	8211.16	3439.49	3306.16	3317.92	118.820.00	0.00	0.00		|
|156167.86	155812.86	154903.27	139019.20	154561.50	137823.95	150197.00	136445.95	142785.75	136219.36	138623.25	131971.36	130671.76	126200.26	117563.26	117171.26	110556.59	92399.34	109205.59	92240.59	87819.39	87082.37	86685.37	75059.37	73745.93	73457.33	67121.93	56746.60	56678.93	41386.03	44717.33	40916.53	40548.92	37137.72	29320.72	29107.72	26494.38	26084.15	14302.40	18798.31	14263.81	8277.71	8191.31	3419.65	3286.31	25.20	98.98	0.00	0.00	686.00		|
|157317.70	156962.70	156053.11	140169.03	155711.34	138973.78	151346.84	137595.78	143935.59	137369.19	139773.09	133121.19	131821.59	127350.09	118713.09	118321.09	111706.43	93549.17	110355.43	93390.43	88969.23	88232.20	87835.20	76209.20	74895.77	74607.16	68271.77	57896.43	57828.77	42535.87	45867.17	42066.37	41698.76	38287.56	30470.56	30257.56	27644.22	27233.99	15452.25	19948.16	15413.66	9427.56	9341.16	4569.49	4436.16	33.53	1248.821130.00	8.33	0.00		|
*****************Final Output :*****************

Shorest Path between source 2 and destination 14 is: 33.


Shorest Path between source 2 and destination 14 is: 39537.53.


Hop Count for source 2 and destination 14 is: 7.

Total Running Time of the Algorithm in Seconds is 0.0246610


Total no.of Key-Basic Operations are : 95759

***********************************

