****************************************************

SingleNodeAtATime

Size of Given input Graph is : 10
Path Matrix :
|	(1,)		(1,6,2,)		(1,4,7,3,)		(1,4,)		(1,8,5,)		(1,6,)		(1,4,7,)		(1,8,)		(1,9,)		(1,9,10,)		|
|	(2,5,1,)		(2,)		(2,5,3,)		(2,5,1,4,)		(2,5,)		(2,5,1,6,)		(2,9,7,)		(2,8,)		(2,9,)		(2,10,)		|
|	(3,1,)		(3,1,6,2,)		(3,)		(3,1,4,)		(3,1,8,5,)		(3,1,6,)		(3,10,7,)		(3,1,8,)		(3,1,9,)		(3,10,)		|
|	(4,7,1,)		(4,9,10,2,)		(4,7,3,)		(4,)		(4,7,5,)		(4,7,1,6,)		(4,7,)		(4,7,8,)		(4,9,)		(4,9,10,)		|
|	(5,1,)		(5,2,)		(5,3,)		(5,1,4,)		(5,)		(5,1,6,)		(5,9,7,)		(5,1,8,)		(5,9,)		(5,9,10,)		|
|	(6,2,5,1,)		(6,2,)		(6,2,5,3,)		(6,2,5,1,4,)		(6,2,5,)		(6,)		(6,2,9,7,)		(6,2,8,)		(6,2,9,)		(6,2,10,)		|
|	(7,1,)		(7,5,2,)		(7,3,)		(7,1,4,)		(7,5,)		(7,1,6,)		(7,)		(7,8,)		(7,1,9,)		(7,1,9,10,)		|
|	(8,5,1,)		(8,5,2,)		(8,5,3,)		(8,5,1,4,)		(8,5,)		(8,5,1,6,)		(8,5,9,7,)		(8,)		(8,5,9,)		(8,5,9,10,)		|
|	(9,1,)		(9,10,2,)		(9,7,3,)		(9,1,4,)		(9,7,5,)		(9,1,6,)		(9,7,)		(9,10,2,8,)		(9,)		(9,10,)		|
|	(10,7,1,)		(10,2,)		(10,7,3,)		(10,7,1,4,)		(10,2,5,)		(10,7,1,6,)		(10,7,)		(10,2,8,)		(10,2,9,)		(10,)		|
Hop Count Matrix :
|0	2	3	1	2	1	2	1	1	2		|
|2	0	2	3	1	3	2	1	1	1		|
|1	3	0	2	3	2	2	2	2	1		|
|2	3	2	0	2	3	1	2	1	2		|
|1	1	1	2	0	2	2	2	1	2		|
|3	1	3	4	2	0	3	2	2	2		|
|1	2	1	2	1	2	0	1	2	3		|
|2	2	2	3	1	3	3	0	2	3		|
|1	2	2	2	2	2	1	3	0	1		|
|2	1	2	3	2	3	1	2	2	0		|
Congestion Edge Matrix :
|0.00	-nan	-nan	246.61	-nan	51.49	-nan	219.23	213.39	-nan		|
|-nan	0.00	-nan	-nan	252.36	-nan	-nan	32.88	238.35	214.66		|
|41.62	-nan	0.00	-nan	-nan	-nan	-nan	-nan	-nan	168.35		|
|-nan	-nan	-nan	0.00	-nan	-nan	231.18	-nan	176.34	-nan		|
|42.25	184.59	237.21	-nan	0.00	-nan	-nan	-nan	237.35	-nan		|
|-nan	237.50	-nan	-nan	-nan	0.00	-nan	-nan	-nan	-nan		|
|227.38	-nan	240.48	-nan	224.34	-nan	0.00	230.25	-nan	-nan		|
|-nan	-nan	-nan	-nan	265.15	-nan	-nan	0.00	-nan	-nan		|
|209.16	-nan	-nan	-nan	-nan	-nan	229.93	-nan	0.00	27.30		|
|-nan	237.28	-nan	-nan	-nan	-nan	255.77	-nan	-nan	0.00		|

Predicted Path Delay Matrix :
|0	110	278	93	194	19	183	96	92	103		|
|112	0	190	205	96	131	186	18	93	91		|
|16	126	0	109	210	35	195	112	108	99		|
|180	201	185	0	189	199	90	185	97	108		|
|16	97	94	109	0	35	184	112	91	102		|
|203	91	281	296	187	0	277	109	184	182		|
|90	196	95	183	99	109	0	95	182	193		|
|114	195	192	207	98	133	282	0	189	200		|
|98	104	188	191	192	117	93	122	0	11		|
|186	93	191	279	189	205	96	111	186	0		|

Final Congestion Actual Delay Matrix :
|0.00	288.99	718.27	246.61	484.38	51.49	477.79	219.23	213.39	240.69		|
|294.61	0.00	489.57	541.22	252.36	346.10	468.28	32.88	238.35	214.66		|
|41.62	330.61	0.00	288.23	526.00	93.11	424.12	260.85	255.01	168.35		|
|458.56	440.92	471.66	0.00	455.52	510.05	231.18	461.42	176.34	203.64		|
|42.25	184.59	237.21	288.86	0.00	93.74	467.28	261.47	237.35	264.65		|
|532.11	237.50	727.08	778.72	489.86	0.00	705.79	270.39	475.86	452.16		|
|227.38	408.93	240.48	473.99	224.34	278.87	0.00	230.25	440.77	468.07		|
|307.40	449.74	502.37	554.01	265.15	358.89	732.43	0.00	502.51	529.80		|
|209.16	264.58	470.41	455.77	454.27	260.65	229.93	297.46	0.00	27.30		|
|483.15	237.28	496.25	729.76	489.64	534.64	255.77	270.17	475.64	0.00		|
*****************Final Output :*****************

Shorest Path between source 6 and destination 4 is: 296.


Shorest Path between source 6 and destination 4 is: 778.72.

Hop Count for source 6 and destination 4 is: 4.

Total Running Time of the Algorithm in Seconds is 0.0012020


Total no.of Key-Basic Operations are : 3352

*********************************************

****************************************************

GivenExampleStrategy

Size of Given input Graph is : 10
Path Matrix :
|	(1,)		(1,6,2,)		(1,4,7,3,)		(1,4,)		(1,8,5,)		(1,6,)		(1,4,7,)		(1,8,)		(1,9,)		(1,9,10,)		|
|	(2,5,1,)		(2,)		(2,5,3,)		(2,5,1,4,)		(2,5,)		(2,5,1,6,)		(2,9,7,)		(2,8,)		(2,9,)		(2,10,)		|
|	(3,1,)		(3,1,6,2,)		(3,)		(3,1,4,)		(3,1,8,5,)		(3,1,6,)		(3,10,7,)		(3,1,8,)		(3,1,9,)		(3,10,)		|
|	(4,7,1,)		(4,9,10,2,)		(4,7,3,)		(4,)		(4,7,5,)		(4,7,1,6,)		(4,7,)		(4,7,8,)		(4,9,)		(4,9,10,)		|
|	(5,1,)		(5,2,)		(5,3,)		(5,1,4,)		(5,)		(5,1,6,)		(5,9,7,)		(5,1,8,)		(5,9,)		(5,9,10,)		|
|	(6,2,5,1,)		(6,2,)		(6,2,5,3,)		(6,2,5,1,4,)		(6,2,5,)		(6,)		(6,2,9,7,)		(6,2,8,)		(6,2,9,)		(6,2,10,)		|
|	(7,1,)		(7,5,2,)		(7,3,)		(7,1,4,)		(7,5,)		(7,1,6,)		(7,)		(7,8,)		(7,1,9,)		(7,1,9,10,)		|
|	(8,5,1,)		(8,5,2,)		(8,5,3,)		(8,5,1,4,)		(8,5,)		(8,5,1,6,)		(8,5,9,7,)		(8,)		(8,5,9,)		(8,5,9,10,)		|
|	(9,1,)		(9,10,2,)		(9,7,3,)		(9,1,4,)		(9,7,5,)		(9,1,6,)		(9,7,)		(9,10,2,8,)		(9,)		(9,10,)		|
|	(10,7,1,)		(10,2,)		(10,7,3,)		(10,7,1,4,)		(10,2,5,)		(10,7,1,6,)		(10,7,)		(10,2,8,)		(10,2,9,)		(10,)		|
Hop Count Matrix :
|0	2	3	1	2	1	2	1	1	2		|
|2	0	2	3	1	3	2	1	1	1		|
|1	3	0	2	3	2	2	2	2	1		|
|2	3	2	0	2	3	1	2	1	2		|
|1	1	1	2	0	2	2	2	1	2		|
|3	1	3	4	2	0	3	2	2	2		|
|1	2	1	2	1	2	0	1	2	3		|
|2	2	2	3	1	3	3	0	2	3		|
|1	2	2	2	2	2	1	3	0	1		|
|2	1	2	3	2	3	1	2	2	0		|

Congestion Edge Matrix :
|0.00	na	na	2203.38	na	554.17	na	480.00	492.86	na		|
|na	0.00	na	na	1712.00	na	na	44.71	1362.18	614.25		|
|262.67	na	0.00	na	na	na	na	na	na	204.19		|
|na	na	na	0.00	na	na	1047.27	na	230.95	na		|
|305.23	256.76	877.33	na	0.00	na	na	na	1152.67	na		|
|na	1614.05	na	na	na	0.00	na	na	na	na		|
|871.88	na	1096.15	na	470.25	na	0.00	779.00	na	na		|
|na	na	na	na	1992.67	na	na	0.00	na	na		|
|369.38	na	na	na	na	na	832.57	na	0.00	88.00		|
|na	1168.31	na	na	na	na	2448.00	na	na	0.00		|

Predicted Path Delay Matrix :
|0	110	278	93	194	19	183	96	92	103		|
|112	0	190	205	96	131	186	18	93	91		|
|16	126	0	109	210	35	195	112	108	99		|
|180	201	185	0	189	199	90	185	97	108		|
|16	97	94	109	0	35	184	112	91	102		|
|203	91	281	296	187	0	277	109	184	182		|
|90	196	95	183	99	109	0	95	182	193		|
|114	195	192	207	98	133	282	0	189	200		|
|98	104	188	191	192	117	93	122	0	11		|
|186	93	191	279	189	205	96	111	186	0		|

Congestion Actual Delay Matrix :
|0.00	2168.22	4346.81	2203.38	2472.67	554.17	3250.66	480.00	492.86	580.86		|
|2017.23	0.00	2589.33	4220.62	1712.00	2571.40	2194.75	44.71	1362.18	614.25		|
|262.67	2430.89	0.00	2466.05	2735.33	816.83	2652.19	742.67	755.52	204.19		|
|1919.15	1487.26	2143.43	0.00	1517.52	2473.31	1047.27	1826.27	230.95	318.95		|
|305.23	256.76	877.33	2508.62	0.00	859.40	1985.24	785.23	1152.67	1240.67		|
|3631.28	1614.05	4203.39	5834.67	3326.05	0.00	3808.80	1658.76	2976.23	2228.30		|
|871.88	727.01	1096.15	3075.26	470.25	1426.04	0.00	779.00	1364.73	1452.73		|
|2297.90	2249.43	2870.00	4501.28	1992.67	2852.06	3977.91	0.00	3145.33	3233.33		|
|369.38	1256.31	1928.73	2572.77	1302.82	923.55	832.57	1301.02	0.00	88.00		|
|3319.88	1168.31	3544.15	5523.26	2880.31	3874.04	2448.00	1213.02	2530.49	0.00		|
*****************Final Output :*****************

Shorest Path between source 6 and destination 4 is: 296.


Shorest Path between source 6 and destination 4 is: 5834.67.


Hop Count for source 6 and destination 4 is: 4.

Total Running Time of the Algorithm in Seconds is 0.0014140


Total no.of Key-Basic Operations are : 714

***********************************

