****************************************************

SingleNodeAtATime

Size of Given input Graph is : 35
Path Matrix :
|	(1,)		(1,7,4,17,23,2,)		(1,14,5,30,11,3,)		(1,7,4,)		(1,14,5,)		(1,7,35,6,)		(1,7,)		(1,7,4,17,23,2,8,)		(1,14,5,33,9,)		(1,7,4,17,23,34,10,)		(1,14,5,30,11,)		(1,12,)		(1,7,4,17,23,2,13,)		(1,14,)		(1,14,5,33,15,)		(1,14,5,33,16,)		(1,7,4,17,)		(1,7,4,17,23,34,18,)		(1,14,5,33,15,24,19,)		(1,7,4,17,23,2,20,)		(1,14,5,33,16,21,)		(1,7,4,17,23,34,18,22,)		(1,7,4,17,23,)		(1,14,5,33,15,24,)		(1,14,25,)		(1,7,4,17,23,2,8,26,)		(1,7,4,27,)		(1,7,4,28,)		(1,7,4,17,23,2,20,29,)		(1,14,5,30,)		(1,7,4,27,32,31,)		(1,7,4,27,32,)		(1,14,5,33,)		(1,7,4,17,23,34,)		(1,7,35,)	|
|	(2,1,)		(2,)		(2,8,26,11,3,)		(2,1,7,4,)		(2,13,14,5,)		(2,8,35,6,)		(2,1,7,)		(2,8,)		(2,10,33,9,)		(2,10,)		(2,8,26,11,)	(2,1,12,)		(2,13,)		(2,13,14,)		(2,8,21,15,)		(2,8,21,16,)		(2,20,17,)		(2,10,23,34,18,)		(2,20,19,)		(2,20,)		(2,8,21,)		(2,8,21,22,)		(2,10,23,)		(2,8,21,15,24,)		(2,13,14,25,)		(2,8,26,)		(2,1,7,4,27,)		(2,8,26,28,)		(2,20,29,)		(2,10,30,)		(2,20,31,)	(2,8,21,15,32,)		(2,10,33,)		(2,10,23,34,)		(2,8,35,)		|
|	(3,7,4,17,1,)		(3,33,16,2,)		(3,)		(3,7,4,)		(3,33,15,5,)		(3,7,35,6,)		(3,7,)		(3,33,16,2,8,)		(3,33,9,)		(3,33,16,10,)		(3,7,35,6,11,)		(3,33,16,12,)		(3,33,16,2,13,)		(3,7,4,17,23,14,)		(3,33,15,)		(3,33,16,)		(3,7,4,17,)		(3,7,4,17,23,34,18,)		(3,33,15,24,19,)	(3,33,16,2,20,)		(3,33,16,21,)		(3,33,16,21,22,)		(3,7,4,17,23,)		(3,33,15,24,)		(3,33,9,25,)		(3,33,16,2,8,26,)		(3,7,4,27,)		(3,7,4,28,)		(3,33,16,2,20,29,)		(3,33,15,5,30,)		(3,33,15,32,31,)		(3,33,15,32,)		(3,33,)		(3,7,4,17,23,34,)		(3,7,35,)		|
|	(4,17,1,)		(4,17,23,2,)		(4,17,23,11,3,)		(4,)		(4,17,23,5,)		(4,17,23,35,6,)		(4,17,1,7,)		(4,17,23,2,8,)		(4,17,23,5,33,9,)		(4,17,23,34,10,)		(4,17,23,11,)		(4,17,1,12,)		(4,17,23,2,13,)		(4,17,23,14,)		(4,17,23,5,33,15,)		(4,17,23,5,33,16,)		(4,17,)		(4,17,23,34,18,)		(4,17,23,2,20,19,)		(4,17,23,2,20,)		(4,17,23,2,8,21,)		(4,17,23,34,18,22,)		(4,17,23,)		(4,17,23,5,33,15,24,)		(4,17,23,14,25,)		(4,17,23,2,8,26,)	(4,27,)		(4,28,)		(4,17,23,2,20,29,)		(4,17,23,5,30,)		(4,27,32,31,)		(4,27,32,)		(4,17,23,5,33,)		(4,17,23,34,)		(4,17,23,35,)		|
|	(5,33,4,17,1,)		(5,33,16,2,)		(5,30,11,3,)		(5,33,4,)		(5,)		(5,28,23,35,6,)		(5,30,11,3,7,)		(5,33,16,2,8,)		(5,33,9,)		(5,33,16,10,)	(5,30,11,)		(5,33,16,12,)		(5,33,16,2,13,)		(5,30,11,14,)		(5,33,15,)		(5,33,16,)		(5,33,4,17,)		(5,28,23,34,18,)		(5,33,15,24,19,)		(5,33,16,2,20,)		(5,33,16,21,)		(5,33,16,21,22,)		(5,28,23,)		(5,33,15,24,)		(5,33,9,25,)		(5,33,16,2,8,26,)		(5,33,4,27,)		(5,28,)		(5,33,16,2,20,29,)		(5,30,)		(5,33,15,32,31,)		(5,33,15,32,)		(5,33,)		(5,28,23,34,)		(5,28,23,35,)		|
|	(6,23,2,1,)		(6,23,2,)		(6,11,3,)		(6,11,3,7,4,)		(6,11,14,5,)		(6,)		(6,11,3,7,)		(6,23,2,8,)		(6,11,3,33,9,)		(6,23,34,10,)	(6,11,)		(6,23,2,1,12,)		(6,23,2,13,)		(6,11,14,)		(6,11,3,33,15,)		(6,11,3,33,16,)		(6,11,3,7,4,17,)		(6,23,34,18,)		(6,23,2,20,19,)		(6,23,2,20,)	(6,23,2,8,21,)		(6,23,34,18,22,)		(6,23,)		(6,11,3,33,15,24,)		(6,11,14,25,)		(6,23,2,8,26,)		(6,11,3,7,4,27,)		(6,11,14,5,28,)		(6,23,2,20,29,)		(6,30,)		(6,23,2,20,31,)		(6,11,3,33,15,32,)		(6,11,3,33,)		(6,23,34,)		(6,23,35,)		|
|	(7,4,17,1,)		(7,4,17,23,2,)		(7,35,6,11,3,)		(7,4,)		(7,4,17,23,5,)		(7,35,6,)		(7,)		(7,4,17,23,2,8,)		(7,4,17,23,5,33,9,)		(7,4,17,23,34,10,)		(7,35,6,11,)		(7,4,17,1,12,)		(7,4,17,23,2,13,)		(7,4,17,23,14,)		(7,4,17,23,5,33,15,)		(7,4,17,23,5,33,16,)		(7,4,17,)		(7,4,17,23,34,18,)		(7,4,17,23,2,20,19,)		(7,4,17,23,2,20,)		(7,4,17,23,2,8,21,)		(7,4,17,23,34,18,22,)		(7,4,17,23,)		(7,4,17,23,5,33,15,24,)		(7,4,17,23,14,25,)		(7,4,17,23,2,8,26,)		(7,4,27,)		(7,4,28,)		(7,4,17,23,2,20,29,)		(7,35,6,30,)		(7,4,27,32,31,)		(7,4,27,32,)		(7,4,17,23,5,33,)		(7,4,17,23,34,)(7,35,)		|
|	(8,26,2,1,)		(8,26,2,)		(8,26,11,3,)		(8,21,4,)		(8,21,15,5,)		(8,35,6,)		(8,26,7,)		(8,)		(8,21,22,33,9,)		(8,26,2,10,)	(8,26,11,)		(8,21,16,12,)		(8,26,2,13,)		(8,26,11,14,)		(8,21,15,)		(8,21,16,)		(8,21,4,17,)		(8,21,22,18,)		(8,26,2,20,19,)		(8,26,2,20,)	(8,21,)		(8,21,22,)		(8,26,23,)		(8,21,15,24,)		(8,21,22,25,)		(8,26,)		(8,21,4,27,)		(8,26,28,)		(8,26,2,20,29,)		(8,26,30,)		(8,26,2,20,31,)		(8,21,15,32,)		(8,21,22,33,)		(8,26,23,34,)		(8,35,)		|
|	(9,23,2,1,)		(9,23,2,)		(9,23,11,3,)		(9,27,4,)		(9,23,5,)		(9,23,35,6,)		(9,23,34,7,)		(9,23,2,8,)		(9,)		(9,23,34,10,)	(9,23,11,)		(9,23,2,1,12,)		(9,23,2,13,)		(9,23,14,)		(9,23,5,33,15,)		(9,23,5,33,16,)		(9,27,4,17,)		(9,23,34,18,)		(9,23,2,20,19,)		(9,23,2,20,)	(9,23,2,8,21,)		(9,23,34,18,22,)		(9,23,)		(9,23,5,33,15,24,)		(9,25,)		(9,23,2,8,26,)		(9,27,)		(9,27,4,28,)		(9,23,2,20,29,)		(9,23,5,30,)		(9,23,2,20,31,)		(9,27,32,)		(9,23,5,33,)		(9,23,34,)		(9,23,35,)		|
|	(10,1,)		(10,23,2,)		(10,23,11,3,)		(10,33,4,)		(10,1,14,5,)		(10,23,35,6,)		(10,1,7,)		(10,23,2,8,)		(10,33,9,)		(10,)		(10,23,11,)		(10,1,12,)		(10,23,2,13,)		(10,1,14,)		(10,33,15,)		(10,33,16,)		(10,33,4,17,)		(10,23,34,18,)		(10,23,2,20,19,)		(10,23,2,20,)		(10,23,2,8,21,)		(10,23,34,18,22,)		(10,23,)		(10,33,15,24,)		(10,1,14,25,)		(10,23,2,8,26,)		(10,33,4,27,)		(10,33,4,28,)		(10,23,2,20,29,)		(10,30,)		(10,23,2,20,31,)		(10,33,15,32,)		(10,33,)		(10,23,34,)		(10,23,35,)		|
|	(11,3,7,4,17,1,)		(11,3,33,16,2,)		(11,3,)		(11,3,7,4,)		(11,14,5,)		(11,3,7,35,6,)		(11,3,7,)		(11,3,33,16,2,8,)		(11,3,33,9,)		(11,3,33,16,10,)		(11,)		(11,3,33,16,12,)		(11,3,33,16,2,13,)		(11,14,)		(11,3,33,15,)		(11,3,33,16,)		(11,3,7,4,17,)		(11,3,7,4,17,23,34,18,)		(11,3,33,15,24,19,)		(11,3,33,16,2,20,)		(11,3,33,16,21,)		(11,3,33,16,21,22,)		(11,3,7,4,17,23,)		(11,3,33,15,24,)		(11,14,25,)		(11,3,33,16,2,8,26,)		(11,3,7,4,27,)		(11,14,5,28,)		(11,3,33,16,2,20,29,)		(11,14,5,30,)		(11,3,33,15,32,31,)		(11,3,33,15,32,)		(11,3,33,)		(11,3,7,4,17,23,34,)	(11,3,7,35,)		|
|	(12,10,1,)		(12,2,)		(12,10,23,11,3,)		(12,33,4,)		(12,10,1,14,5,)		(12,35,6,)		(12,10,1,7,)		(12,2,8,)		(12,33,9,)		(12,10,)		(12,10,23,11,)		(12,)		(12,2,13,)		(12,10,1,14,)		(12,33,15,)		(12,33,16,)		(12,33,4,17,)		(12,10,23,34,18,)		(12,2,20,19,)		(12,2,20,)		(12,2,8,21,)		(12,10,23,34,18,22,)		(12,10,23,)		(12,33,15,24,)		(12,33,9,25,)		(12,2,8,26,)		(12,33,4,27,)		(12,33,4,28,)		(12,2,20,29,)		(12,10,30,)		(12,2,20,31,)		(12,33,15,32,)		(12,33,)		(12,10,23,34,)		(12,35,)		|
|	(13,1,)		(13,17,23,2,)		(13,17,23,11,3,)		(13,1,7,4,)		(13,14,5,)		(13,1,7,35,6,)		(13,1,7,)		(13,17,23,2,8,)		(13,14,5,33,9,)		(13,17,23,34,10,)		(13,17,23,11,)		(13,1,12,)		(13,)		(13,14,)		(13,14,5,33,15,)		(13,14,5,33,16,)		(13,17,)		(13,17,23,34,18,)		(13,17,23,2,20,19,)		(13,17,23,2,20,)		(13,14,5,33,16,21,)		(13,17,23,34,18,22,)		(13,17,23,)		(13,14,5,33,15,24,)		(13,14,25,)		(13,17,23,2,8,26,)	(13,1,7,4,27,)		(13,14,5,28,)		(13,17,23,2,20,29,)		(13,14,5,30,)		(13,17,23,2,20,31,)		(13,14,5,33,15,32,)		(13,14,5,33,)		(13,17,23,34,)		(13,1,7,35,)	|
|	(14,5,33,4,17,1,)		(14,5,33,16,2,)		(14,5,30,11,3,)		(14,5,33,4,)		(14,5,)		(14,5,28,23,35,6,)		(14,5,30,11,3,7,)		(14,5,33,16,2,8,)		(14,5,33,9,)		(14,5,33,16,10,)		(14,5,30,11,)		(14,5,33,16,12,)		(14,5,33,16,2,13,)		(14,)		(14,5,33,15,)		(14,5,33,16,)		(14,5,33,4,17,)		(14,5,28,23,34,18,)		(14,5,33,15,24,19,)		(14,5,33,16,2,20,)		(14,5,33,16,21,)		(14,5,33,16,21,22,)		(14,5,28,23,)		(14,5,33,15,24,)		(14,25,)		(14,5,33,16,2,8,26,)		(14,5,33,4,27,)		(14,5,28,)		(14,5,33,16,2,20,29,)		(14,5,30,)		(14,5,33,15,32,31,)		(14,5,33,15,32,)		(14,5,33,)		(14,5,28,23,34,)		(14,5,28,23,35,)		|
|	(15,24,4,17,1,)		(15,5,33,16,2,)		(15,24,3,)		(15,24,4,)		(15,5,)		(15,24,35,6,)		(15,24,3,7,)		(15,5,33,16,2,8,)		(15,5,33,9,)		(15,32,31,10,)		(15,5,30,11,)		(15,5,33,16,12,)		(15,32,18,13,)		(15,24,14,)		(15,)		(15,5,33,16,)		(15,24,4,17,)		(15,32,18,)		(15,24,19,)		(15,24,20,)		(15,5,33,16,21,)		(15,32,18,22,)		(15,5,28,23,)		(15,24,)		(15,5,33,9,25,)		(15,5,33,16,2,8,26,)		(15,24,4,27,)		(15,5,28,)		(15,24,20,29,)		(15,5,30,)		(15,32,31,)		(15,32,)		(15,5,33,)		(15,5,28,23,34,)		(15,24,35,)		|
|	(16,2,1,)		(16,2,)		(16,30,11,3,)		(16,33,4,)		(16,2,13,14,5,)		(16,10,23,35,6,)		(16,2,1,7,)		(16,2,8,)		(16,33,9,)		(16,10,)		(16,30,11,)		(16,12,)		(16,2,13,)		(16,2,13,14,)		(16,21,15,)		(16,)		(16,2,20,17,)		(16,21,22,18,)		(16,2,20,19,)		(16,2,20,)		(16,21,)		(16,21,22,)		(16,10,23,)		(16,21,15,24,)		(16,21,22,25,)		(16,2,8,26,)		(16,33,4,27,)		(16,33,4,28,)		(16,2,20,29,)		(16,30,)		(16,2,20,31,)		(16,21,15,32,)		(16,33,)		(16,10,23,34,)		(16,10,23,35,)		|
|	(17,1,)		(17,23,2,)		(17,23,11,3,)		(17,23,34,18,4,)		(17,23,5,)		(17,23,35,6,)		(17,1,7,)		(17,23,2,8,)		(17,23,5,33,9,)		(17,23,34,10,)		(17,23,11,)		(17,1,12,)		(17,23,2,13,)		(17,23,14,)		(17,23,5,33,15,)		(17,23,5,33,16,)		(17,)		(17,23,34,18,)		(17,23,2,20,19,)		(17,23,2,20,)		(17,23,2,8,21,)		(17,23,34,18,22,)		(17,23,)		(17,23,5,33,15,24,)		(17,23,14,25,)		(17,23,2,8,26,)		(17,23,34,18,4,27,)		(17,23,5,28,)		(17,23,2,20,29,)		(17,23,5,30,)		(17,23,2,20,31,)		(17,23,34,18,4,27,32,)		(17,23,5,33,)		(17,23,34,)		(17,23,35,)		|
|	(18,13,1,)		(18,4,17,23,2,)		(18,4,17,23,11,3,)		(18,4,)		(18,13,14,5,)		(18,4,17,23,35,6,)		(18,13,1,7,)		(18,4,17,23,2,8,)		(18,22,33,9,)	(18,4,17,23,34,10,)		(18,4,17,23,11,)		(18,13,1,12,)		(18,13,)		(18,13,14,)		(18,22,33,15,)		(18,22,33,16,)		(18,4,17,)		(18,)		(18,22,33,15,24,19,)		(18,4,17,23,2,20,)		(18,22,33,16,21,)		(18,22,)		(18,4,17,23,)		(18,22,33,15,24,)		(18,22,25,)		(18,4,17,23,2,8,26,)		(18,4,27,)		(18,4,28,)		(18,4,17,23,2,20,29,)		(18,13,14,5,30,)		(18,4,27,32,31,)		(18,4,27,32,)		(18,22,33,)		(18,4,17,23,34,)		(18,4,17,23,35,)		|
|	(19,30,11,3,7,4,17,1,)		(19,30,11,3,33,16,2,)		(19,30,11,3,)		(19,30,11,3,7,4,)		(19,30,11,14,5,)		(19,30,11,3,7,35,6,)		(19,30,11,3,7,)		(19,30,11,3,33,16,2,8,)		(19,30,11,3,33,9,)		(19,30,11,3,33,16,10,)		(19,30,11,)		(19,30,11,3,33,16,12,)		(19,30,11,3,33,16,2,13,)		(19,30,11,14,)		(19,30,11,3,33,15,)	(19,30,11,3,33,16,)		(19,30,11,3,7,4,17,)		(19,30,11,3,7,4,17,23,34,18,)		(19,)		(19,30,11,3,33,16,2,20,)		(19,30,11,3,33,16,21,)		(19,30,11,3,33,16,21,22,)		(19,30,11,3,7,4,17,23,)		(19,30,11,3,33,15,24,)		(19,30,11,14,25,)		(19,30,11,3,33,16,2,8,26,)		(19,30,11,3,7,4,27,)		(19,30,11,14,5,28,)		(19,30,11,3,33,16,2,20,29,)	(19,30,)		(19,30,11,3,33,15,32,31,)		(19,30,11,3,33,15,32,)		(19,30,11,3,33,)		(19,30,11,3,7,4,17,23,34,)		(19,30,11,3,7,35,)		|
|	(20,17,1,)		(20,17,23,2,)		(20,17,23,11,3,)		(20,29,22,33,4,)		(20,17,23,5,)		(20,17,23,35,6,)		(20,17,1,7,)		(20,17,23,2,8,)		(20,29,22,33,9,)		(20,31,10,)		(20,17,23,11,)		(20,17,1,12,)		(20,17,23,2,13,)		(20,17,23,14,)		(20,29,15,)		(20,29,16,)		(20,17,)		(20,17,23,34,18,)		(20,19,)		(20,)		(20,29,16,21,)		(20,29,22,)		(20,17,23,)		(20,29,15,24,)		(20,29,22,25,)		(20,17,23,2,8,26,)		(20,29,22,33,4,27,)		(20,17,23,5,28,)		(20,29,)		(20,19,30,)		(20,31,)		(20,29,15,32,)		(20,29,22,33,)		(20,17,23,34,)		(20,17,23,35,)		|
|	(21,16,2,1,)		(21,16,2,)		(21,22,23,11,3,)		(21,4,)		(21,15,5,)		(21,22,23,35,6,)		(21,22,23,34,7,)		(21,16,2,8,)		(21,22,33,9,)	(21,16,10,)		(21,22,23,11,)		(21,16,12,)		(21,16,2,13,)		(21,22,23,14,)		(21,15,)		(21,16,)		(21,4,17,)		(21,22,18,)		(21,15,24,19,)(21,16,2,20,)		(21,)		(21,22,)		(21,22,23,)		(21,15,24,)		(21,22,25,)		(21,16,2,8,26,)		(21,4,27,)		(21,4,28,)		(21,16,2,20,29,)	(21,15,5,30,)		(21,15,32,31,)		(21,15,32,)		(21,22,33,)		(21,22,23,34,)		(21,22,23,35,)		|
|	(22,18,13,1,)		(22,23,2,)		(22,23,11,3,)		(22,33,4,)		(22,23,5,)		(22,23,35,6,)		(22,23,34,7,)		(22,23,2,8,)		(22,33,9,)		(22,23,34,10,)		(22,23,11,)		(22,33,16,12,)		(22,18,13,)		(22,23,14,)		(22,33,15,)		(22,33,16,)		(22,33,4,17,)		(22,18,)		(22,33,15,24,19,)	(22,23,2,20,)		(22,33,16,21,)		(22,)		(22,23,)		(22,33,15,24,)		(22,25,)		(22,23,2,8,26,)		(22,33,4,27,)		(22,33,4,28,)		(22,23,2,20,29,)	(22,23,5,30,)		(22,33,15,32,31,)		(22,33,15,32,)		(22,33,)		(22,23,34,)		(22,23,35,)		|
|	(23,2,1,)		(23,2,)		(23,11,3,)		(23,34,18,4,)		(23,5,)		(23,35,6,)		(23,34,7,)		(23,2,8,)		(23,5,33,9,)		(23,34,10,)		(23,11,)		(23,2,1,12,)		(23,2,13,)		(23,14,)		(23,5,33,15,)		(23,5,33,16,)		(23,34,18,4,17,)		(23,34,18,)		(23,2,20,19,)		(23,2,20,)	(23,2,8,21,)		(23,34,18,22,)		(23,)		(23,5,33,15,24,)		(23,14,25,)		(23,2,8,26,)		(23,34,18,4,27,)		(23,5,28,)		(23,2,20,29,)		(23,5,30,)		(23,2,20,31,)		(23,34,18,4,27,32,)		(23,5,33,)		(23,34,)		(23,35,)		|
|	(24,4,17,1,)		(24,4,17,23,2,)		(24,3,)		(24,4,)		(24,14,5,)		(24,35,6,)		(24,3,7,)		(24,4,17,23,2,8,)		(24,3,33,9,)		(24,4,17,23,34,10,)		(24,35,6,11,)		(24,4,17,1,12,)		(24,4,17,23,2,13,)		(24,14,)		(24,20,29,15,)		(24,20,29,16,)		(24,4,17,)		(24,4,17,23,34,18,)		(24,19,)		(24,20,)		(24,4,17,23,2,8,21,)		(24,20,29,22,)		(24,4,17,23,)		(24,)		(24,14,25,)		(24,4,17,23,2,8,26,)		(24,4,27,)		(24,4,28,)	(24,20,29,)		(24,19,30,)		(24,20,31,)		(24,4,27,32,)		(24,3,33,)		(24,4,17,23,34,)		(24,35,)		|
|	(25,13,1,)		(25,4,17,23,2,)		(25,35,6,11,3,)		(25,4,)		(25,5,)		(25,35,6,)		(25,34,7,)		(25,4,17,23,2,8,)		(25,5,33,9,)		(25,34,10,)	(25,35,6,11,)		(25,13,1,12,)		(25,13,)		(25,13,14,)		(25,15,)		(25,21,16,)		(25,4,17,)		(25,34,18,)		(25,24,19,)		(25,31,20,)	(25,21,)		(25,34,18,22,)		(25,4,17,23,)		(25,24,)		(25,)		(25,4,17,23,2,8,26,)		(25,4,27,)		(25,4,28,)		(25,31,20,29,)		(25,5,30,)		(25,31,)		(25,4,27,32,)		(25,5,33,)		(25,34,)		(25,35,)		|
|	(26,2,1,)		(26,2,)		(26,11,3,)		(26,7,4,)		(26,15,5,)		(26,7,35,6,)		(26,7,)		(26,2,8,)		(26,11,3,33,9,)		(26,2,10,)		(26,11,)		(26,2,1,12,)		(26,2,13,)		(26,11,14,)		(26,15,)		(26,2,8,21,16,)		(26,7,4,17,)		(26,23,34,18,)		(26,2,20,19,)		(26,2,20,)		(26,2,8,21,)		(26,2,8,21,22,)		(26,23,)		(26,15,24,)		(26,11,14,25,)		(26,)		(26,7,4,27,)		(26,28,)		(26,2,20,29,)		(26,30,)		(26,2,20,31,)		(26,15,32,)		(26,11,3,33,)		(26,23,34,)		(26,7,35,)		|
|	(27,4,17,1,)		(27,4,17,23,2,)		(27,4,17,23,11,3,)		(27,4,)		(27,4,17,23,5,)		(27,4,17,23,35,6,)		(27,4,17,1,7,)		(27,4,17,23,2,8,)		(27,4,17,23,5,33,9,)		(27,4,17,23,34,10,)		(27,4,17,23,11,)		(27,4,17,1,12,)		(27,4,17,23,2,13,)		(27,4,17,23,14,)		(27,4,17,23,5,33,15,)		(27,4,17,23,5,33,16,)		(27,4,17,)		(27,32,18,)		(27,4,17,23,2,20,19,)		(27,4,17,23,2,20,)		(27,4,17,23,2,8,21,)		(27,32,18,22,)		(27,4,17,23,)		(27,4,17,23,5,33,15,24,)		(27,4,17,23,14,25,)		(27,4,17,23,2,8,26,)		(27,)		(27,4,28,)		(27,4,17,23,2,20,29,)		(27,32,30,)		(27,32,31,)		(27,32,)		(27,4,17,23,5,33,)	(27,4,17,23,34,)		(27,4,17,23,35,)		|
|	(28,23,2,1,)		(28,23,2,)		(28,23,11,3,)		(28,23,34,18,4,)		(28,23,5,)		(28,23,35,6,)		(28,23,34,7,)		(28,23,2,8,)		(28,23,5,33,9,)		(28,23,34,10,)		(28,23,11,)		(28,23,2,1,12,)		(28,23,2,13,)		(28,23,14,)		(28,23,5,33,15,)		(28,23,5,33,16,)		(28,23,34,18,4,17,)		(28,23,34,18,)(28,23,2,20,19,)		(28,23,2,20,)		(28,23,2,8,21,)		(28,23,34,18,22,)		(28,23,)		(28,23,5,33,15,24,)		(28,23,14,25,)		(28,23,2,8,26,)		(28,23,34,18,4,27,)	(28,)		(28,23,2,20,29,)		(28,23,5,30,)		(28,23,2,20,31,)		(28,23,34,18,4,27,32,)		(28,23,5,33,)		(28,23,34,)		(28,23,35,)		|
|	(29,16,2,1,)		(29,16,2,)		(29,22,23,11,3,)		(29,22,33,4,)		(29,15,5,)		(29,22,23,35,6,)		(29,22,23,34,7,)		(29,16,2,8,)		(29,22,33,9,)		(29,16,10,)		(29,22,23,11,)		(29,16,12,)		(29,16,2,13,)		(29,22,23,14,)		(29,15,)		(29,16,)		(29,22,33,4,17,)		(29,22,18,)	(29,15,24,19,)		(29,16,2,20,)		(29,16,21,)		(29,22,)		(29,22,23,)		(29,15,24,)		(29,22,25,)		(29,16,2,8,26,)		(29,22,33,4,27,)		(29,22,33,4,28,)		(29,)		(29,15,5,30,)		(29,15,32,31,)		(29,15,32,)		(29,22,33,)		(29,22,23,34,)		(29,22,23,35,)		|
|	(30,11,3,7,4,17,1,)		(30,11,3,33,16,2,)		(30,11,3,)		(30,11,3,7,4,)		(30,11,14,5,)		(30,11,3,7,35,6,)		(30,11,3,7,)		(30,11,3,33,16,2,8,)		(30,11,3,33,9,)		(30,11,3,33,16,10,)		(30,11,)		(30,11,3,33,16,12,)		(30,11,3,33,16,2,13,)		(30,11,14,)		(30,11,3,33,15,)		(30,11,3,33,16,)		(30,11,3,7,4,17,)		(30,11,3,7,4,17,23,34,18,)		(30,11,3,33,15,24,19,)		(30,11,3,33,16,2,20,)		(30,11,3,33,16,21,)		(30,11,3,33,16,21,22,)		(30,11,3,7,4,17,23,)		(30,11,3,33,15,24,)		(30,11,14,25,)		(30,11,3,33,16,2,8,26,)		(30,11,3,7,4,27,)		(30,11,14,5,28,)		(30,11,3,33,16,2,20,29,)		(30,)		(30,11,3,33,15,32,31,)(30,11,3,33,15,32,)		(30,11,3,33,)		(30,11,3,7,4,17,23,34,)		(30,11,3,7,35,)		|
|	(31,10,1,)		(31,10,23,2,)		(31,10,23,11,3,)		(31,10,33,4,)		(31,10,1,14,5,)		(31,10,23,35,6,)		(31,10,1,7,)		(31,10,23,2,8,)		(31,10,33,9,)	(31,10,)		(31,10,23,11,)		(31,10,1,12,)		(31,10,23,2,13,)		(31,10,1,14,)		(31,10,33,15,)		(31,10,33,16,)		(31,20,17,)		(31,10,23,34,18,)		(31,20,19,)		(31,20,)		(31,10,23,2,8,21,)		(31,20,29,22,)		(31,10,23,)		(31,10,33,15,24,)		(31,20,29,22,25,)		(31,10,23,2,8,26,)		(31,10,33,4,27,)		(31,10,33,4,28,)		(31,20,29,)		(31,10,30,)		(31,)		(31,10,33,15,32,)		(31,10,33,)		(31,10,23,34,)		(31,10,23,35,)		|
|	(32,18,13,1,)		(32,18,4,17,23,2,)		(32,30,11,3,)		(32,18,4,)		(32,18,13,14,5,)		(32,18,4,17,23,35,6,)		(32,30,11,3,7,)		(32,18,4,17,23,2,8,)		(32,18,22,33,9,)		(32,31,10,)		(32,30,11,)		(32,18,13,1,12,)		(32,18,13,)		(32,18,13,14,)		(32,18,22,33,15,)		(32,18,22,33,16,)		(32,18,4,17,)	(32,18,)		(32,31,20,19,)		(32,31,20,)		(32,18,22,33,16,21,)		(32,18,22,)		(32,18,4,17,23,)		(32,18,22,33,15,24,)		(32,18,22,25,)		(32,18,4,17,23,2,8,26,)(32,18,4,27,)		(32,18,4,28,)		(32,31,20,29,)		(32,30,)		(32,31,)		(32,)		(32,18,22,33,)		(32,18,4,17,23,34,)		(32,18,4,17,23,35,)		|
|	(33,4,17,1,)		(33,16,2,)		(33,9,23,11,3,)		(33,4,)		(33,15,5,)		(33,9,23,35,6,)		(33,4,17,1,7,)		(33,16,2,8,)		(33,9,)		(33,16,10,)		(33,9,23,11,)		(33,16,12,)		(33,16,2,13,)		(33,9,23,14,)		(33,15,)		(33,16,)		(33,4,17,)		(33,9,23,34,18,)		(33,15,24,19,)		(33,16,2,20,)		(33,16,21,)		(33,16,21,22,)		(33,9,23,)		(33,15,24,)		(33,9,25,)		(33,16,2,8,26,)		(33,4,27,)		(33,4,28,)		(33,16,2,20,29,)	(33,15,5,30,)		(33,15,32,31,)		(33,15,32,)		(33,)		(33,9,23,34,)		(33,9,23,35,)		|
|	(34,10,1,)		(34,10,23,2,)		(34,10,23,11,3,)		(34,18,4,)		(34,10,1,14,5,)		(34,7,35,6,)		(34,7,)		(34,10,23,2,8,)		(34,10,33,9,)		(34,10,)		(34,10,23,11,)		(34,10,1,12,)		(34,18,13,)		(34,10,1,14,)		(34,10,33,15,)		(34,10,33,16,)		(34,18,4,17,)		(34,18,)		(34,10,23,2,20,19,)	(34,10,23,2,20,)		(34,10,23,2,8,21,)		(34,18,22,)		(34,10,23,)		(34,10,33,15,24,)		(34,18,22,25,)		(34,10,23,2,8,26,)		(34,18,4,27,)		(34,18,4,28,)	(34,10,23,2,20,29,)		(34,10,30,)		(34,10,23,2,20,31,)		(34,18,4,27,32,)		(34,10,33,)		(34,)		(34,7,35,)		|
|	(35,6,23,2,1,)		(35,6,23,2,)		(35,6,11,3,)		(35,6,11,3,7,4,)		(35,6,11,14,5,)		(35,6,)		(35,6,11,3,7,)		(35,6,23,2,8,)		(35,6,11,3,33,9,)		(35,6,23,34,10,)		(35,6,11,)		(35,6,23,2,1,12,)		(35,6,23,2,13,)		(35,6,11,14,)		(35,6,11,3,33,15,)		(35,6,11,3,33,16,)		(35,6,11,3,7,4,17,)		(35,6,23,34,18,)		(35,6,23,2,20,19,)		(35,6,23,2,20,)		(35,6,23,2,8,21,)		(35,6,23,34,18,22,)		(35,6,23,)		(35,6,11,3,33,15,24,)		(35,6,11,14,25,)		(35,6,23,2,8,26,)		(35,6,11,3,7,4,27,)		(35,6,11,14,5,28,)		(35,6,23,2,20,29,)		(35,6,30,)		(35,6,23,2,20,31,)		(35,6,11,3,33,15,32,)		(35,6,11,3,33,)(35,6,23,34,)		(35,)		|
Hop Count Matrix :
|0	5	5	2	2	3	1	6	4	6	4	1	6	1	4	4	3	6	6	6	5	7	4	5	2	7	3	3	7	35	4	3	5	2		|
|1	0	4	3	3	3	2	1	3	1	3	2	1	2	3	3	2	4	2	1	2	3	2	4	3	2	4	3	2	22	4	2	3	2		|
|4	3	0	2	3	3	1	4	2	3	4	3	4	5	2	2	3	6	4	4	3	4	4	3	3	5	3	3	5	44	3	1	5	2		|
|2	3	4	0	3	4	3	4	5	4	3	3	4	3	5	5	1	4	5	4	5	5	2	6	4	5	1	1	5	43	2	4	3	3		|
|4	3	3	2	0	4	4	4	2	3	2	3	4	3	2	2	3	4	4	4	3	4	2	3	3	5	3	1	5	14	3	1	3	3		|
|3	2	2	4	3	0	3	3	4	3	1	4	3	2	4	4	5	3	4	3	4	4	1	5	3	4	5	4	4	14	5	3	2	2		|
|3	4	4	1	4	2	0	5	6	5	3	4	5	4	6	6	2	5	6	5	6	6	3	7	5	6	2	2	6	34	3	5	4	1		|
|3	2	3	2	3	2	2	0	4	3	2	3	3	3	2	2	3	3	4	3	1	2	2	3	3	1	3	2	4	24	3	3	3	1		|
|3	2	3	2	2	3	3	3	0	3	2	4	3	2	4	4	3	3	4	3	4	4	1	5	1	4	1	3	4	34	2	3	2	2		|
|1	2	3	2	3	3	2	3	2	0	2	2	3	2	2	2	3	3	4	3	4	4	1	3	3	4	3	3	4	14	3	1	2	2		|
|5	4	1	3	2	4	2	5	3	4	0	4	5	1	3	3	4	7	5	5	4	5	5	4	2	6	4	3	6	35	4	2	6	3		|
|2	1	4	2	4	2	3	2	2	1	3	0	2	3	2	2	3	4	3	2	3	5	2	3	3	3	3	3	3	23	3	1	3	1		|
|1	3	4	3	2	4	2	4	4	4	3	2	0	1	4	4	1	4	5	4	5	5	2	5	2	5	4	3	5	35	5	3	3	3		|
|5	4	4	3	1	5	5	5	3	4	3	4	5	0	3	3	4	5	5	5	4	5	3	4	1	6	4	2	6	25	4	2	4	4		|
|4	4	2	2	1	3	3	5	3	3	3	4	3	2	0	3	3	2	2	2	4	3	3	1	4	6	3	2	3	22	1	2	4	2		|
|2	1	3	2	4	4	3	2	2	1	2	1	2	3	2	0	3	3	3	2	1	2	2	3	3	3	3	3	3	13	3	1	3	3		|
|1	2	3	4	2	3	2	3	4	3	2	2	3	2	4	4	0	3	4	3	4	4	1	5	3	4	5	3	4	34	6	3	2	2		|
|2	4	5	1	3	5	3	5	3	5	4	3	1	2	3	3	2	0	5	5	4	1	3	4	2	6	2	2	6	44	3	2	4	4		|
|7	6	3	5	4	6	4	7	5	6	2	6	7	3	5	5	6	9	0	7	6	7	7	6	4	8	6	5	8	17	6	4	8	5		|
|2	3	4	4	3	4	3	4	4	2	3	3	4	3	2	2	1	4	1	0	3	2	2	3	3	5	5	4	1	21	3	3	3	3		|
|3	2	4	1	2	4	4	3	3	2	3	2	3	3	1	1	2	2	3	3	0	1	2	2	2	4	2	2	4	33	2	2	3	3		|
|3	2	3	2	2	3	3	3	2	3	2	3	2	2	2	2	3	1	4	3	3	0	1	3	1	4	3	3	4	34	3	1	2	2		|
|2	1	2	3	1	2	2	2	3	2	1	3	2	1	3	3	4	2	3	2	3	3	0	4	2	3	4	2	3	23	5	2	1	1		|
|3	4	1	1	2	2	2	5	3	5	3	4	5	1	3	3	2	5	1	1	6	3	3	0	2	6	2	2	2	22	3	2	4	1		|
|2	4	4	1	1	2	2	5	3	2	3	3	1	2	1	2	2	2	2	2	1	3	3	1	0	6	2	2	3	21	3	2	1	1		|
|2	1	2	2	2	3	1	2	4	2	1	3	2	2	1	4	3	3	3	2	3	4	1	2	3	0	3	1	3	13	2	3	2	2		|
|3	4	5	1	4	5	4	5	6	5	4	4	5	4	6	6	2	2	6	5	6	3	3	7	5	6	0	2	6	22	1	5	4	4		|
|3	2	3	4	2	3	3	3	4	3	2	4	3	2	4	4	5	3	4	3	4	4	1	5	3	4	5	0	4	34	6	3	2	2		|
|3	2	4	3	2	4	4	3	3	2	3	2	3	3	1	1	4	2	3	3	2	1	2	2	2	4	4	4	0	33	2	2	3	3		|
|6	5	2	4	3	5	3	6	4	5	1	5	6	2	4	4	5	8	6	6	5	6	6	5	3	7	5	4	7	06	5	3	7	4		|
|2	3	4	3	4	4	3	4	3	1	3	3	4	3	3	3	2	4	2	1	5	3	2	4	4	5	4	4	2	20	4	2	3	3		|
|3	5	3	2	4	6	4	6	4	2	2	4	2	3	4	4	3	1	3	2	5	2	4	5	3	7	3	3	3	11	0	3	5	5		|
|3	2	4	1	2	4	4	3	1	2	3	2	3	3	1	1	2	4	3	3	2	3	2	2	2	4	2	2	4	33	2	0	3	3		|
|2	3	4	2	4	3	1	4	3	1	3	3	2	3	3	3	3	1	5	4	5	2	2	4	3	5	3	3	5	25	4	2	0	2		|
|4	3	3	5	4	1	4	4	5	4	2	5	4	3	5	5	6	4	5	4	5	5	2	6	4	5	6	5	5	25	6	4	3	0		|
Congestion Edge Matrix :
|0.00	-nan	-nan	-nan	-nan	-nan	8.33	-nan	-nan	-nan	-nan	5.57	-nan	5.71	-nan	-nan	-nan	-nan	-nan	-nan	-nan	-nan	-nan	-nan	-nan	-nan	-nan	-nan	-nan	-nan	-nan	-nan	-nan	-nan	-nan		|
|11.06	0.00	-nan	-nan	-nan	-nan	-nan	5.58	-nan	8.31	-nan	-nan	8.39	-nan	-nan	-nan	-nan	-nan	-nan	5.79	-nan	-nan	-nan	-nan	-nan	-nan	-nan	-nan	-nan	-nan	-nan	-nan	-nan	-nan	-nan		|
|-nan	-nan	0.00	-nan	-nan	-nan	5.70	-nan	-nan	-nan	-nan	-nan	-nan	-nan	-nan	-nan	-nan	-nan	-nan	-nan	-nan	-nan	-nan	-nan	-nan	-nan	-nan	-nan	-nan	-nan	-nan	-nan	8.41	-nan	-nan		|
|-nan	-nan	-nan	0.00	-nan	-nan	-nan	-nan	-nan	-nan	-nan	-nan	-nan	-nan	-nan	-nan	5.57	-nan	-nan	-nan	-nan	-nan	-nan	-nan	-nan	-nan	8.35	7.29	-nan	-nan	-nan	-nan	-nan	-nan	-nan		|
|-nan	-nan	-nan	-nan	0.00	-nan	-nan	-nan	-nan	-nan	-nan	-nan	-nan	-nan	-nan	-nan	-nan	-nan	-nan	-nan	-nan	-nan	-nan	-nan	-nan	-nan	-nan	11.17	-nan	5.69	-nan	-nan	8.17	-nan	-nan		|
|-nan	-nan	-nan	-nan	-nan	0.00	-nan	-nan	-nan	-nan	5.55	-nan	-nan	-nan	-nan	-nan	-nan	-nan	-nan	-nan	-nan	-nan	10.09	-nan	-nan	-nan	-nan	-nan	-nan	4.32	-nan	-nan	-nan	-nan	-nan		|
|-nan	-nan	-nan	5.42	-nan	-nan	0.00	-nan	-nan	-nan	-nan	-nan	-nan	-nan	-nan	-nan	-nan	-nan	-nan	-nan	-nan	-nan	-nan	-nan	-nan	-nan	-nan	-nan	-nan	-nan	-nan	-nan	-nan	-nan	5.53		|
|-nan	-nan	-nan	-nan	-nan	-nan	-nan	0.00	-nan	-nan	-nan	-nan	-nan	-nan	-nan	-nan	-nan	-nan	-nan	-nan	8.32	-nan	-nan	-nan	-nan	5.57	-nan	-nan	-nan	-nan	-nan	-nan	-nan	-nan	13.74		|
|-nan	-nan	-nan	-nan	-nan	-nan	-nan	-nan	0.00	-nan	-nan	-nan	-nan	-nan	-nan	-nan	-nan	-nan	-nan	-nan	-nan	-nan	5.58	-nan	5.41	-nan	7.50	-nan	-nan	-nan	-nan	-nan	-nan	-nan	-nan		|
|11.21	-nan	-nan	-nan	-nan	-nan	-nan	-nan	-nan	0.00	-nan	-nan	-nan	-nan	-nan	-nan	-nan	-nan	-nan	-nan	-nan	-nan	7.98	-nan	-nan	-nan	-nan	-nan	-nan	13.38	-nan	-nan	31.03	-nan	-nan		|
|-nan	-nan	8.41	-nan	-nan	-nan	-nan	-nan	-nan	-nan	0.00	-nan	-nan	8.39	-nan	-nan	-nan	-nan	-nan	-nan	-nan	-nan	-nan	-nan	-nan	-nan	-nan	-nan	-nan	-nan	-nan	-nan	-nan	-nan	-nan		|
|-nan	292.57	-nan	-nan	-nan	-nan	-nan	-nan	-nan	250.94	-nan	0.00	-nan	-nan	-nan	-nan	-nan	-nan	-nan	-nan	-nan	-nan	-nan	-nan	-nan	-nan	-nan	-nan	-nan	-nan	-nan	-nan	252.99	-nan	168.89		|
|8.34	-nan	-nan	-nan	-nan	-nan	-nan	-nan	-nan	-nan	-nan	-nan	0.00	5.84	-nan	-nan	13.85	-nan	-nan	-nan	-nan	-nan	-nan	-nan	-nan	-nan	-nan	-nan	-nan	-nan	-nan	-nan	-nan	-nan	-nan		|
|-nan	-nan	-nan	-nan	5.69	-nan	-nan	-nan	-nan	-nan	-nan	-nan	-nan	0.00	-nan	-nan	-nan	-nan	-nan	-nan	-nan	-nan	-nan	-nan	13.95	-nan	-nan	-nan	-nan	-nan	-nan	-nan	-nan	-nan	-nan		|
|-nan	-nan	-nan	-nan	8.31	-nan	-nan	-nan	-nan	-nan	-nan	-nan	-nan	-nan	0.00	-nan	-nan	-nan	-nan	-nan	-nan	-nan	-nan	14.01	-nan	-nan	-nan	-nan	-nan	-nan	-nan	11.15	-nan	-nan	-nan		|
|-nan	11.13	-nan	-nan	-nan	-nan	-nan	-nan	-nan	11.07	-nan	6.16	-nan	-nan	-nan	0.00	-nan	-nan	-nan	-nan	13.99	-nan	-nan	-nan	-nan	-nan	-nan	-nan	-nan	13.66	-nan	-nan	10.96	-nan	-nan		|
|13.75	-nan	-nan	-nan	-nan	-nan	-nan	-nan	-nan	-nan	-nan	-nan	-nan	-nan	-nan	-nan	0.00	-nan	-nan	-nan	-nan	-nan	5.58	-nan	-nan	-nan	-nan	-nan	-nan	-nan	-nan	-nan	-nan	-nan	-nan		|
|-nan	-nan	-nan	8.33	-nan	-nan	-nan	-nan	-nan	-nan	-nan	-nan	12.02	-nan	-nan	-nan	-nan	0.00	-nan	-nan	-nan	10.33	-nan	-nan	-nan	-nan	-nan	-nan	-nan	-nan	-nan	-nan	-nan	-nan	-nan		|
|-nan	-nan	-nan	-nan	-nan	-nan	-nan	-nan	-nan	-nan	-nan	-nan	-nan	-nan	-nan	-nan	-nan	-nan	0.00	-nan	-nan	-nan	-nan	-nan	-nan	-nan	-nan	-nan	-nan	14.20	-nan	-nan	-nan	-nan	-nan		|
|-nan	-nan	-nan	-nan	-nan	-nan	-nan	-nan	-nan	-nan	-nan	-nan	-nan	-nan	-nan	-nan	8.31	-nan	11.84	0.00	-nan	-nan	-nan	-nan	-nan	-nan	-nan	-nan	11.41	-nan	14.14	-nan	-nan	-nan	-nan		|
|-nan	-nan	-nan	10.90	-nan	-nan	-nan	-nan	-nan	-nan	-nan	-nan	-nan	-nan	6.47	24.00	-nan	-nan	-nan	-nan	0.00	5.55	-nan	-nan	-nan	-nan	-nan	-nan	-nan	-nan	-nan	-nan	-nan	-nan	-nan		|
|-nan	-nan	-nan	-nan	-nan	-nan	-nan	-nan	-nan	-nan	-nan	-nan	-nan	-nan	-nan	-nan	-nan	10.85	-nan	-nan	-nan	0.00	11.11	-nan	8.23	-nan	-nan	-nan	-nan	-nan	-nan	-nan	5.60	-nan	-nan		|
|-nan	13.76	-nan	-nan	13.31	-nan	-nan	-nan	-nan	-nan	8.31	-nan	-nan	8.25	-nan	-nan	-nan	-nan	-nan	-nan	-nan	-nan	0.00	-nan	-nan	-nan	-nan	-nan	-nan	-nan	-nan	-nan	-nan	5.59	8.34		|
|-nan	-nan	7.95	5.52	-nan	-nan	-nan	-nan	-nan	-nan	-nan	-nan	-nan	4.40	-nan	-nan	-nan	-nan	4.55	7.35	-nan	-nan	-nan	0.00	-nan	-nan	-nan	-nan	-nan	-nan	-nan	-nan	-nan	-nan	5.40		|
|-nan	-nan	-nan	184.68	256.21	-nan	-nan	-nan	-nan	-nan	-nan	-nan	276.00	-nan	97.00	-nan	-nan	-nan	-nan	-nan	99.00	-nan	-nan	192.83	0.00	-nan	-nan	-nan	-nan	-nan	96.00	-nan	-nan	256.74	205.71		|
|-nan	11.18	-nan	-nan	-nan	-nan	10.91	-nan	-nan	-nan	10.97	-nan	-nan	-nan	4.00	-nan	-nan	-nan	-nan	-nan	-nan	-nan	13.82	-nan	-nan	0.00	-nan	13.55	-nan	7.79	-nan	-nan	-nan	-nan	-nan		|
|-nan	-nan	-nan	5.55	-nan	-nan	-nan	-nan	-nan	-nan	-nan	-nan	-nan	-nan	-nan	-nan	-nan	-nan	-nan	-nan	-nan	-nan	-nan	-nan	-nan	-nan	0.00	-nan	-nan	-nan	-nan	11.49	-nan	-nan	-nan		|
|-nan	-nan	-nan	-nan	-nan	-nan	-nan	-nan	-nan	-nan	-nan	-nan	-nan	-nan	-nan	-nan	-nan	-nan	-nan	-nan	-nan	-nan	8.29	-nan	-nan	-nan	-nan	0.00	-nan	-nan	-nan	-nan	-nan	-nan	-nan		|
|-nan	-nan	-nan	-nan	-nan	-nan	-nan	-nan	-nan	-nan	-nan	-nan	-nan	-nan	11.37	11.01	-nan	-nan	-nan	-nan	-nan	5.53	-nan	-nan	-nan	-nan	-nan	-nan	0.00	-nan	-nan	-nan	-nan	-nan	-nan		|
|-nan	-nan	-nan	-nan	-nan	-nan	-nan	-nan	-nan	-nan	11.32	-nan	-nan	-nan	-nan	-nan	-nan	-nan	-nan	-nan	-nan	-nan	-nan	-nan	-nan	-nan	-nan	-nan	-nan	0.00	-nan	-nan	-nan	-nan	-nan		|
|-nan	-nan	-nan	-nan	-nan	-nan	-nan	-nan	-nan	11.58	-nan	-nan	-nan	-nan	-nan	-nan	-nan	-nan	-nan	13.75	-nan	-nan	-nan	-nan	-nan	-nan	-nan	-nan	-nan	-nan	0.00	-nan	-nan	-nan	-nan		|
|-nan	-nan	-nan	-nan	-nan	-nan	-nan	-nan	-nan	-nan	-nan	-nan	-nan	-nan	-nan	-nan	-nan	11.11	-nan	-nan	-nan	-nan	-nan	-nan	-nan	-nan	-nan	-nan	-nan	7.77	13.85	0.00	-nan	-nan	-nan		|
|-nan	-nan	-nan	7.78	-nan	-nan	-nan	-nan	13.13	-nan	-nan	-nan	-nan	-nan	10.82	11.22	-nan	-nan	-nan	-nan	-nan	-nan	-nan	-nan	-nan	-nan	-nan	-nan	-nan	-nan	-nan	-nan	0.00	-nan	-nan		|
|-nan	-nan	-nan	-nan	-nan	-nan	13.33	-nan	-nan	8.40	-nan	-nan	-nan	-nan	-nan	-nan	-nan	5.57	-nan	-nan	-nan	-nan	-nan	-nan	-nan	-nan	-nan	-nan	-nan	-nan	-nan	-nan	-nan	0.00	-nan		|
|-nan	-nan	-nan	-nan	-nan	11.26	-nan	-nan	-nan	-nan	-nan	-nan	-nan	-nan	-nan	-nan	-nan	-nan	-nan	-nan	-nan	-nan	-nan	-nan	-nan	-nan	-nan	-nan	-nan	-nan	-nan	-nan	-nan	-nan	0.00		|

Predicted Path Delay Matrix :
|0	14	13	5	4	9	3	16	12	14	10	2	17	2	11	11	7	13	18	16	16	17	9	16	7	18	8	8	20	618	13	7	11	5		|
|4	0	11	9	7	11	7	2	12	3	8	6	3	5	8	8	5	10	6	2	5	7	6	13	10	4	12	9	6	87	12	7	8	7		|
|11	11	0	4	10	8	2	13	8	11	10	10	14	11	7	7	6	12	14	13	12	14	8	12	10	15	7	7	17	12	16	11	3	10	4		|
|7	9	10	0	9	11	10	11	17	9	7	9	12	7	16	16	2	8	15	11	14	12	4	21	12	13	3	3	15	11	13	8	12	6	7		|
|13	11	9	6	0	14	11	13	8	11	6	10	14	9	7	7	8	11	14	13	12	14	7	12	10	15	9	4	17	216	11	3	9	10		|
|13	9	5	9	7	0	7	11	13	9	2	15	12	5	12	12	11	8	15	11	14	12	4	17	10	13	12	11	15	416	16	8	6	7		|
|9	11	11	2	11	6	0	13	19	11	8	11	14	9	18	18	4	10	17	13	16	14	6	23	14	15	5	5	17	10	15	10	14	8	2		|
|10	6	9	7	9	9	6	0	12	9	6	9	9	9	6	6	9	9	12	8	3	5	7	11	8	2	10	7	12	613	10	7	9	5		|
|11	7	8	7	7	9	8	9	0	7	5	13	10	5	14	14	9	6	13	9	12	10	2	19	2	11	5	10	13	914	10	10	4	5		|
|4	8	9	7	8	10	7	10	9	0	6	6	11	6	8	8	9	7	14	10	13	11	3	13	11	12	10	10	14	515	12	4	5	6		|
|14	14	3	7	5	11	5	16	11	14	0	13	17	3	10	10	9	15	17	16	15	17	11	15	8	18	10	9	20	719	14	6	13	7		|
|94	96	99	95	98	99	97	98	97	90	96	0	99	96	96	96	97	97	102	98	101	101	93	101	99	100	98	98	102	95	103	100	92	95	95		|
|3	12	13	8	4	12	6	14	12	12	10	5	0	2	11	11	5	11	18	14	16	15	7	16	7	16	11	8	18	619	15	7	9	8		|
|15	13	11	8	2	16	13	15	10	13	8	12	16	0	9	9	10	13	16	15	14	16	9	14	5	17	11	6	19	418	13	5	11	12		|
|14	14	9	7	3	11	11	16	11	13	9	13	13	9	0	10	9	8	7	8	15	12	10	5	13	18	10	7	12	59	4	6	12	7		|
|8	4	12	7	11	14	11	6	9	4	9	3	7	9	8	0	9	11	10	6	5	7	7	13	10	8	10	10	10	511	12	4	9	10		|
|5	7	8	9	7	9	8	9	15	7	5	7	10	5	14	14	0	6	13	9	12	10	2	19	10	11	12	11	13	914	17	10	4	5		|
|8	12	13	3	9	14	11	14	11	12	10	10	5	7	10	10	5	0	17	14	15	4	7	15	7	16	6	6	18	11	16	11	6	9	10		|
|23	23	12	16	14	20	14	25	20	23	9	22	26	12	19	19	18	24	0	25	24	26	20	24	17	27	19	18	29	528	23	15	22	16		|
|8	10	11	11	10	12	11	12	13	9	8	10	13	8	8	8	3	9	4	0	13	6	5	13	9	14	14	14	4	95	12	8	7	8		|
|11	7	12	4	6	13	12	9	9	7	9	6	10	9	3	3	6	6	10	9	0	2	6	8	5	11	7	7	13	812	7	4	8	9		|
|12	9	10	5	9	11	10	11	7	9	7	9	9	7	6	6	7	4	13	11	11	0	4	11	3	13	8	8	15	11	15	10	2	6	7		|
|9	5	6	7	5	7	6	7	13	5	3	11	8	3	12	12	9	4	11	7	10	8	0	17	8	9	10	9	11	712	15	8	2	3		|
|9	11	4	2	6	6	6	13	12	11	8	11	14	4	11	11	4	10	2	3	16	9	6	0	9	15	5	5	7	78	10	7	8	2		|
|95	100	99	91	96	94	97	102	104	96	96	97	92	94	97	102	93	95	101	101	99	99	95	99	0	104	94	94	105	98	96	99	99	93	90		|
|8	4	7	6	7	10	4	6	15	7	4	10	7	7	4	12	8	9	10	6	9	11	5	9	12	0	9	5	10	411	8	10	7	6		|
|9	11	12	2	11	13	12	13	19	11	9	11	14	9	18	18	4	9	17	13	16	13	6	23	14	15	0	5	17	910	5	14	8	9		|
|12	8	9	10	8	10	9	10	16	8	6	14	11	6	15	15	12	7	14	10	13	11	3	20	11	12	13	0	14	10	15	18	11	5	6		|
|12	8	12	7	7	13	12	10	9	8	9	7	11	9	4	4	9	6	11	10	9	2	6	9	5	12	10	10	0	913	8	4	8	9		|
|18	18	7	11	9	15	9	20	15	18	4	17	21	7	14	14	13	19	21	20	19	21	15	19	12	22	14	13	24	023	18	10	17	11		|
|8	12	13	11	12	14	11	14	13	4	10	10	15	10	12	12	8	11	9	5	17	11	7	17	14	16	14	14	9	90	16	8	9	10		|
|12	16	11	7	13	18	13	18	15	9	8	14	9	11	14	14	9	4	14	10	19	8	11	19	11	20	10	10	14	45	0	10	13	14		|
|10	8	13	3	7	14	13	10	5	8	10	7	11	10	4	4	5	11	11	10	9	11	7	9	7	12	6	6	14	913	8	0	9	10		|
|7	11	12	5	11	10	4	13	12	3	9	9	7	9	11	11	7	2	17	13	16	6	6	16	9	15	8	8	17	818	13	7	0	6		|
|17	13	9	13	11	4	11	15	17	13	6	19	16	9	16	16	15	12	19	15	18	16	8	21	14	17	16	15	19	820	20	12	10	0		|

Final Congestion Actual Delay Matrix :
|0.00	38.66	36.81	13.74	11.40	25.12	8.33	44.24	32.70	38.89	28.40	5.57	47.05	5.71	30.39	30.80	19.32	36.06	48.95	44.45	44.78	46.39	24.90	44.40	19.66	49.81	22.10	21.03	55.86	17.09	47.44	33.59	19.57	30.49	13.86		|
|11.06	0.00	30.53	24.80	19.93	30.59	19.38	5.58	52.47	8.31	22.12	16.63	8.39	14.23	20.37	37.89	14.10	27.44	17.62	5.79	13.89	19.45	16.28	34.38	28.18	11.15	33.16	24.70	17.20	21.68	19.92	31.52	39.34	21.87	19.32		|
|30.43	30.77	0.00	11.11	27.54	22.49	5.70	36.35	21.54	30.70	28.04	25.79	39.16	30.52	19.23	19.64	16.69	33.43	37.79	36.56	33.62	39.18	22.27	33.24	26.95	41.91	19.47	18.40	47.96	33.23	44.23	30.38	8.41	27.86	11.23		|
|19.32	24.92	27.88	0.00	24.47	30.76	27.65	30.50	45.77	25.15	19.46	24.89	33.31	19.40	43.46	43.86	5.57	22.32	42.54	30.71	38.82	32.65	11.16	57.47	33.35	36.07	8.35	7.29	42.12	30.16	33.70	19.85	32.64	16.75	19.50		|
|35.27	30.53	25.41	15.95	0.00	39.07	31.11	36.10	21.30	30.46	17.00	25.55	38.92	25.39	18.99	19.39	21.52	30.62	37.55	36.31	33.38	38.93	19.46	33.00	26.71	41.67	24.30	11.17	47.72	5.69	43.99	30.14	8.17	25.05	27.80		|
|34.91	23.85	13.96	25.07	19.64	0.00	19.66	29.43	35.51	24.08	5.55	40.49	32.24	13.94	33.20	33.60	30.65	21.25	41.48	29.64	37.75	31.58	10.09	47.21	27.89	35.00	33.43	30.81	41.05	4.32	43.78	44.35	22.38	15.68	18.43		|
|24.74	30.34	30.76	5.42	29.89	16.80	0.00	35.91	51.19	30.56	22.35	30.31	38.73	24.82	48.88	49.28	10.99	27.73	47.96	36.12	44.23	38.06	16.57	62.89	38.77	41.48	13.77	12.71	47.53	21.12	39.11	25.26	38.06	22.16	5.53		|
|27.81	16.75	24.95	19.22	23.10	25.01	16.48	0.00	32.60	25.06	16.54	38.47	25.14	24.93	14.79	32.32	24.79	24.72	34.37	22.54	8.32	13.87	19.38	28.80	22.09	5.57	27.57	19.12	33.95	13.36	36.67	25.94	19.47	24.97	13.74		|
|30.40	19.34	22.30	13.05	18.89	25.19	24.50	24.92	0.00	19.57	13.89	35.98	27.73	13.83	37.89	38.29	18.62	16.74	36.97	25.13	33.24	27.07	5.58	51.89	5.41	30.49	7.50	20.34	36.54	24.58	39.27	18.99	27.06	11.17	13.92		|
|11.21	21.74	24.69	38.81	22.61	27.58	19.53	27.32	44.17	0.00	16.28	16.78	30.13	16.92	41.86	42.26	44.39	19.14	39.36	27.52	35.63	29.46	7.98	55.86	30.87	32.88	47.17	46.10	38.93	13.38	41.66	53.00	31.03	13.56	16.31		|
|38.84	39.18	8.41	19.52	14.08	30.90	14.11	44.76	29.95	39.11	0.00	34.20	47.57	8.39	27.64	28.05	25.10	41.84	46.20	44.97	42.03	47.59	30.68	41.65	22.34	50.32	27.88	25.26	56.37	19.77	52.64	38.79	16.82	36.27	19.64		|
|262.15	292.57	275.64	260.77	273.56	180.15	270.48	298.15	266.12	250.94	267.23	0.00	300.96	267.86	263.81	264.22	266.34	270.08	310.19	298.36	306.47	280.41	258.92	277.82	271.53	303.72	269.12	268.06	309.77264.32	312.49	274.96	252.99	264.51	168.89		|
|8.34	33.20	36.15	22.08	11.54	33.46	16.67	38.77	32.84	33.42	27.74	13.91	0.00	5.84	30.53	30.93	13.85	30.59	50.82	38.98	44.92	40.92	19.43	44.54	19.79	44.34	30.44	22.71	50.39	17.22	53.12	41.68	19.71	25.02	22.20		|
|40.96	36.22	31.10	21.64	5.69	44.76	36.80	41.80	26.99	36.15	22.69	31.24	44.61	0.00	24.68	25.08	27.21	36.32	43.24	42.00	39.07	44.63	25.16	38.69	13.95	47.36	29.99	16.86	53.41	11.38	49.68	35.83	13.86	30.75	33.50		|
|38.85	38.83	21.96	19.53	8.31	30.67	27.65	44.41	29.61	36.58	25.31	33.86	34.28	18.41	0.00	27.70	25.10	22.26	18.55	21.36	41.69	32.58	27.77	14.01	35.02	49.98	27.88	19.48	32.76	14.00	25.00	11.15	16.48	33.36	19.40		|
|22.19	11.13	33.39	18.74	31.06	38.65	30.52	16.71	24.09	11.07	24.97	6.16	19.52	25.37	20.46	0.00	25.23	30.39	28.76	16.92	13.99	19.54	19.04	34.47	27.77	22.28	27.09	26.03	28.33	13.66	31.06	31.61	10.96	24.63	27.38		|
|13.75	19.35	22.30	25.07	18.90	25.19	22.07	24.92	40.20	19.57	13.89	19.32	27.74	13.83	37.89	38.29	0.00	16.74	36.97	25.13	33.24	27.07	5.58	51.89	27.78	30.49	33.42	30.07	36.54	24.58	39.27	44.92	27.06	11.17	13.92		|
|20.36	33.25	36.20	8.33	23.56	39.09	28.69	38.83	29.06	33.47	27.79	25.93	12.02	17.86	26.75	27.15	13.90	0.00	45.30	39.03	41.14	10.33	19.48	40.76	18.55	44.39	16.68	15.62	50.44	29.24	42.02	28.17	15.93	25.07	27.82		|
|64.36	64.70	33.93	45.04	39.60	56.42	39.62	70.27	55.47	64.63	25.52	59.72	73.09	33.91	53.16	53.56	50.61	67.36	0.00	70.48	67.55	73.10	56.20	67.17	47.86	75.84	53.39	50.77	81.89	14.20	78.16	64.31	42.34	61.79	45.15		|
|22.06	27.66	30.61	30.31	27.21	33.50	30.38	33.23	35.67	25.72	22.20	27.63	36.05	22.14	22.77	22.42	8.31	25.05	11.84	0.00	36.41	16.94	13.89	36.78	25.16	38.80	38.66	38.38	11.41	26.04	14.14	33.92	22.53	19.48	22.23		|
|46.19	35.13	33.38	10.90	14.78	36.27	35.59	40.71	24.28	35.07	24.97	30.16	43.52	24.91	6.47	24.00	16.48	16.41	25.03	40.92	0.00	5.55	16.67	20.48	13.78	46.28	19.26	18.19	52.33	20.47	31.47	17.62	11.15	22.26	25.01		|
|31.21	24.88	27.83	13.37	24.43	30.72	30.04	30.45	18.73	25.10	19.42	22.98	22.87	19.36	16.42	16.82	18.95	10.85	34.97	30.66	30.81	0.00	11.11	30.43	8.23	36.02	21.73	20.67	42.07	30.11	41.42	27.57	5.60	16.70	19.45		|
|24.82	13.76	16.72	19.49	13.31	19.60	18.92	19.34	34.61	13.99	8.31	30.39	22.15	8.25	32.30	32.70	25.06	11.16	31.38	19.55	27.66	21.49	0.00	46.31	22.20	24.91	27.84	24.48	30.96	19.00	33.69	39.33	21.48	5.59	8.34		|
|24.84	30.44	7.95	5.52	10.09	16.66	13.65	36.02	29.50	30.66	22.21	30.41	38.83	4.40	30.12	29.77	11.09	27.84	4.55	7.35	44.33	24.28	16.68	0.00	18.35	41.58	13.87	12.81	18.76	18.75	21.48	25.37	16.36	22.27	5.40		|
|284.34	209.60	230.94	184.68	256.21	216.98	270.07	215.18	277.51	265.13	222.53	289.91	276.00	281.84	0.00	123.00	190.25	262.31	197.37	109.75	0.00	272.64	195.84	192.83	0.00	220.74	193.03	191.97	121.16261.89	0.00	204.53	264.38	256.74	205.71		|
|22.24	11.18	19.38	16.32	12.31	27.70	10.91	16.76	40.93	19.49	10.97	27.81	19.57	19.36	0.00	49.08	21.90	24.98	28.81	16.97	25.08	30.63	13.82	18.01	33.31	0.00	24.68	13.55	28.38	7.79	31.11	15.15	27.79	19.41	16.44		|
|24.87	30.47	33.42	5.55	30.02	36.31	33.19	36.04	51.32	30.69	25.01	30.44	38.86	24.95	49.01	49.41	11.12	22.60	48.09	36.25	44.36	32.93	16.70	63.02	38.90	41.61	0.00	12.84	47.66	19.27	25.34	11.49	38.19	22.29	25.04		|
|33.11	22.05	25.01	27.78	21.60	27.90	27.22	27.63	42.91	22.28	16.60	38.69	30.44	16.54	40.60	41.00	33.35	19.45	39.68	27.84	35.95	29.78	8.29	54.60	30.49	33.20	36.13	0.00	39.25	27.29	41.98	47.63	29.77	13.88	16.63		|
|33.20	22.14	33.36	18.90	19.68	36.25	35.57	27.72	24.26	22.08	24.95	17.17	30.53	24.89	11.37	11.01	24.48	16.38	29.92	27.93	25.00	5.53	16.64	25.37	13.75	33.29	27.26	26.19	0.00	25.36	36.36	22.51	11.13	22.23	24.98		|
|50.16	50.49	19.73	30.84	25.40	42.22	25.42	56.07	41.27	50.43	11.32	45.52	58.88	19.71	38.96	39.36	36.41	53.16	57.52	56.28	53.35	58.90	42.00	52.97	33.66	61.64	39.19	36.57	67.69	0.00	63.96	50.11	28.14	47.58	30.95		|
|22.79	33.32	36.27	50.39	34.19	39.16	31.12	38.90	55.75	11.58	27.86	28.36	41.71	28.50	53.44	53.84	22.06	30.72	25.59	13.75	47.21	30.69	19.56	67.45	38.92	44.46	58.75	57.68	25.16	24.96	0.00	64.59	42.62	25.15	27.90		|
|31.47	44.35	27.50	19.43	34.66	50.20	33.19	49.93	40.17	25.43	19.09	37.04	23.13	28.97	37.86	38.26	25.01	11.11	39.44	27.60	52.25	21.44	30.59	51.86	29.66	55.50	27.79	26.73	39.01	7.77	13.85	0.00	27.03	36.18	38.93		|
|27.10	22.36	35.43	7.78	19.13	38.32	35.42	27.93	13.13	22.29	27.02	17.38	30.75	26.96	10.82	11.22	13.35	29.87	29.38	28.14	25.21	30.76	18.71	24.83	18.54	33.50	16.13	15.07	39.55	24.82	35.82	21.97	0.00	24.30	27.05		|
|19.61	30.13	33.09	13.90	31.01	30.13	13.33	35.71	52.56	8.40	24.68	25.18	17.59	25.32	50.25	50.66	19.47	5.57	47.76	35.92	44.03	15.90	16.37	64.26	24.13	41.28	22.25	21.19	47.33	21.77	50.06	33.75	39.43	0.00	18.86		|
|46.18	35.12	25.23	36.34	30.90	11.26	30.92	40.70	46.77	35.34	16.82	51.75	43.51	25.21	44.46	44.86	41.91	32.52	52.74	40.91	49.01	42.85	21.36	58.47	39.16	46.26	44.69	42.07	52.31	15.59	55.04	55.61	33.64	26.95	0.00		|
*****************Final Output :*****************

Shorest Path between source 33 and destination 23 is: 7.


Shorest Path between source 33 and destination 23 is: 18.71.

Hop Count for source 33 and destination 23 is: 2.

Total Running Time of the Algorithm in Seconds is 0.0115740


Total no.of Key-Basic Operations are : 52345

*********************************************

****************************************************

GivenExampleStrategy

Size of Given input Graph is : 35
Path Matrix :
|	(1,)		(1,7,4,17,23,2,)		(1,14,5,30,11,3,)		(1,7,4,)		(1,14,5,)		(1,7,35,6,)		(1,7,)		(1,7,4,17,23,2,8,)		(1,14,5,33,9,)		(1,7,4,17,23,34,10,)		(1,14,5,30,11,)		(1,12,)		(1,7,4,17,23,2,13,)		(1,14,)		(1,14,5,33,15,)		(1,14,5,33,16,)		(1,7,4,17,)		(1,7,4,17,23,34,18,)		(1,14,5,33,15,24,19,)		(1,7,4,17,23,2,20,)		(1,14,5,33,16,21,)		(1,7,4,17,23,34,18,22,)		(1,7,4,17,23,)		(1,14,5,33,15,24,)		(1,14,25,)		(1,7,4,17,23,2,8,26,)		(1,7,4,27,)		(1,7,4,28,)		(1,7,4,17,23,2,20,29,)		(1,14,5,30,)		(1,7,4,27,32,31,)		(1,7,4,27,32,)		(1,14,5,33,)		(1,7,4,17,23,34,)		(1,7,35,)	|
|	(2,1,)		(2,)		(2,8,26,11,3,)		(2,1,7,4,)		(2,13,14,5,)		(2,8,35,6,)		(2,1,7,)		(2,8,)		(2,10,33,9,)		(2,10,)		(2,8,26,11,)	(2,1,12,)		(2,13,)		(2,13,14,)		(2,8,21,15,)		(2,8,21,16,)		(2,20,17,)		(2,10,23,34,18,)		(2,20,19,)		(2,20,)		(2,8,21,)		(2,8,21,22,)		(2,10,23,)		(2,8,21,15,24,)		(2,13,14,25,)		(2,8,26,)		(2,1,7,4,27,)		(2,8,26,28,)		(2,20,29,)		(2,10,30,)		(2,20,31,)	(2,8,21,15,32,)		(2,10,33,)		(2,10,23,34,)		(2,8,35,)		|
|	(3,7,4,17,1,)		(3,33,16,2,)		(3,)		(3,7,4,)		(3,33,15,5,)		(3,7,35,6,)		(3,7,)		(3,33,16,2,8,)		(3,33,9,)		(3,33,16,10,)		(3,7,35,6,11,)		(3,33,16,12,)		(3,33,16,2,13,)		(3,7,4,17,23,14,)		(3,33,15,)		(3,33,16,)		(3,7,4,17,)		(3,7,4,17,23,34,18,)		(3,33,15,24,19,)	(3,33,16,2,20,)		(3,33,16,21,)		(3,33,16,21,22,)		(3,7,4,17,23,)		(3,33,15,24,)		(3,33,9,25,)		(3,33,16,2,8,26,)		(3,7,4,27,)		(3,7,4,28,)		(3,33,16,2,20,29,)		(3,33,15,5,30,)		(3,33,15,32,31,)		(3,33,15,32,)		(3,33,)		(3,7,4,17,23,34,)		(3,7,35,)		|
|	(4,17,1,)		(4,17,23,2,)		(4,17,23,11,3,)		(4,)		(4,17,23,5,)		(4,17,23,35,6,)		(4,17,1,7,)		(4,17,23,2,8,)		(4,17,23,5,33,9,)		(4,17,23,34,10,)		(4,17,23,11,)		(4,17,1,12,)		(4,17,23,2,13,)		(4,17,23,14,)		(4,17,23,5,33,15,)		(4,17,23,5,33,16,)		(4,17,)		(4,17,23,34,18,)		(4,17,23,2,20,19,)		(4,17,23,2,20,)		(4,17,23,2,8,21,)		(4,17,23,34,18,22,)		(4,17,23,)		(4,17,23,5,33,15,24,)		(4,17,23,14,25,)		(4,17,23,2,8,26,)	(4,27,)		(4,28,)		(4,17,23,2,20,29,)		(4,17,23,5,30,)		(4,27,32,31,)		(4,27,32,)		(4,17,23,5,33,)		(4,17,23,34,)		(4,17,23,35,)		|
|	(5,33,4,17,1,)		(5,33,16,2,)		(5,30,11,3,)		(5,33,4,)		(5,)		(5,28,23,35,6,)		(5,30,11,3,7,)		(5,33,16,2,8,)		(5,33,9,)		(5,33,16,10,)	(5,30,11,)		(5,33,16,12,)		(5,33,16,2,13,)		(5,30,11,14,)		(5,33,15,)		(5,33,16,)		(5,33,4,17,)		(5,28,23,34,18,)		(5,33,15,24,19,)		(5,33,16,2,20,)		(5,33,16,21,)		(5,33,16,21,22,)		(5,28,23,)		(5,33,15,24,)		(5,33,9,25,)		(5,33,16,2,8,26,)		(5,33,4,27,)		(5,28,)		(5,33,16,2,20,29,)		(5,30,)		(5,33,15,32,31,)		(5,33,15,32,)		(5,33,)		(5,28,23,34,)		(5,28,23,35,)		|
|	(6,23,2,1,)		(6,23,2,)		(6,11,3,)		(6,11,3,7,4,)		(6,11,14,5,)		(6,)		(6,11,3,7,)		(6,23,2,8,)		(6,11,3,33,9,)		(6,23,34,10,)	(6,11,)		(6,23,2,1,12,)		(6,23,2,13,)		(6,11,14,)		(6,11,3,33,15,)		(6,11,3,33,16,)		(6,11,3,7,4,17,)		(6,23,34,18,)		(6,23,2,20,19,)		(6,23,2,20,)	(6,23,2,8,21,)		(6,23,34,18,22,)		(6,23,)		(6,11,3,33,15,24,)		(6,11,14,25,)		(6,23,2,8,26,)		(6,11,3,7,4,27,)		(6,11,14,5,28,)		(6,23,2,20,29,)		(6,30,)		(6,23,2,20,31,)		(6,11,3,33,15,32,)		(6,11,3,33,)		(6,23,34,)		(6,23,35,)		|
|	(7,4,17,1,)		(7,4,17,23,2,)		(7,35,6,11,3,)		(7,4,)		(7,4,17,23,5,)		(7,35,6,)		(7,)		(7,4,17,23,2,8,)		(7,4,17,23,5,33,9,)		(7,4,17,23,34,10,)		(7,35,6,11,)		(7,4,17,1,12,)		(7,4,17,23,2,13,)		(7,4,17,23,14,)		(7,4,17,23,5,33,15,)		(7,4,17,23,5,33,16,)		(7,4,17,)		(7,4,17,23,34,18,)		(7,4,17,23,2,20,19,)		(7,4,17,23,2,20,)		(7,4,17,23,2,8,21,)		(7,4,17,23,34,18,22,)		(7,4,17,23,)		(7,4,17,23,5,33,15,24,)		(7,4,17,23,14,25,)		(7,4,17,23,2,8,26,)		(7,4,27,)		(7,4,28,)		(7,4,17,23,2,20,29,)		(7,35,6,30,)		(7,4,27,32,31,)		(7,4,27,32,)		(7,4,17,23,5,33,)		(7,4,17,23,34,)(7,35,)		|
|	(8,26,2,1,)		(8,26,2,)		(8,26,11,3,)		(8,21,4,)		(8,21,15,5,)		(8,35,6,)		(8,26,7,)		(8,)		(8,21,22,33,9,)		(8,26,2,10,)	(8,26,11,)		(8,21,16,12,)		(8,26,2,13,)		(8,26,11,14,)		(8,21,15,)		(8,21,16,)		(8,21,4,17,)		(8,21,22,18,)		(8,26,2,20,19,)		(8,26,2,20,)	(8,21,)		(8,21,22,)		(8,26,23,)		(8,21,15,24,)		(8,21,22,25,)		(8,26,)		(8,21,4,27,)		(8,26,28,)		(8,26,2,20,29,)		(8,26,30,)		(8,26,2,20,31,)		(8,21,15,32,)		(8,21,22,33,)		(8,26,23,34,)		(8,35,)		|
|	(9,23,2,1,)		(9,23,2,)		(9,23,11,3,)		(9,27,4,)		(9,23,5,)		(9,23,35,6,)		(9,23,34,7,)		(9,23,2,8,)		(9,)		(9,23,34,10,)	(9,23,11,)		(9,23,2,1,12,)		(9,23,2,13,)		(9,23,14,)		(9,23,5,33,15,)		(9,23,5,33,16,)		(9,27,4,17,)		(9,23,34,18,)		(9,23,2,20,19,)		(9,23,2,20,)	(9,23,2,8,21,)		(9,23,34,18,22,)		(9,23,)		(9,23,5,33,15,24,)		(9,25,)		(9,23,2,8,26,)		(9,27,)		(9,27,4,28,)		(9,23,2,20,29,)		(9,23,5,30,)		(9,23,2,20,31,)		(9,27,32,)		(9,23,5,33,)		(9,23,34,)		(9,23,35,)		|
|	(10,1,)		(10,23,2,)		(10,23,11,3,)		(10,33,4,)		(10,1,14,5,)		(10,23,35,6,)		(10,1,7,)		(10,23,2,8,)		(10,33,9,)		(10,)		(10,23,11,)		(10,1,12,)		(10,23,2,13,)		(10,1,14,)		(10,33,15,)		(10,33,16,)		(10,33,4,17,)		(10,23,34,18,)		(10,23,2,20,19,)		(10,23,2,20,)		(10,23,2,8,21,)		(10,23,34,18,22,)		(10,23,)		(10,33,15,24,)		(10,1,14,25,)		(10,23,2,8,26,)		(10,33,4,27,)		(10,33,4,28,)		(10,23,2,20,29,)		(10,30,)		(10,23,2,20,31,)		(10,33,15,32,)		(10,33,)		(10,23,34,)		(10,23,35,)		|
|	(11,3,7,4,17,1,)		(11,3,33,16,2,)		(11,3,)		(11,3,7,4,)		(11,14,5,)		(11,3,7,35,6,)		(11,3,7,)		(11,3,33,16,2,8,)		(11,3,33,9,)		(11,3,33,16,10,)		(11,)		(11,3,33,16,12,)		(11,3,33,16,2,13,)		(11,14,)		(11,3,33,15,)		(11,3,33,16,)		(11,3,7,4,17,)		(11,3,7,4,17,23,34,18,)		(11,3,33,15,24,19,)		(11,3,33,16,2,20,)		(11,3,33,16,21,)		(11,3,33,16,21,22,)		(11,3,7,4,17,23,)		(11,3,33,15,24,)		(11,14,25,)		(11,3,33,16,2,8,26,)		(11,3,7,4,27,)		(11,14,5,28,)		(11,3,33,16,2,20,29,)		(11,14,5,30,)		(11,3,33,15,32,31,)		(11,3,33,15,32,)		(11,3,33,)		(11,3,7,4,17,23,34,)	(11,3,7,35,)		|
|	(12,10,1,)		(12,2,)		(12,10,23,11,3,)		(12,33,4,)		(12,10,1,14,5,)		(12,35,6,)		(12,10,1,7,)		(12,2,8,)		(12,33,9,)		(12,10,)		(12,10,23,11,)		(12,)		(12,2,13,)		(12,10,1,14,)		(12,33,15,)		(12,33,16,)		(12,33,4,17,)		(12,10,23,34,18,)		(12,2,20,19,)		(12,2,20,)		(12,2,8,21,)		(12,10,23,34,18,22,)		(12,10,23,)		(12,33,15,24,)		(12,33,9,25,)		(12,2,8,26,)		(12,33,4,27,)		(12,33,4,28,)		(12,2,20,29,)		(12,10,30,)		(12,2,20,31,)		(12,33,15,32,)		(12,33,)		(12,10,23,34,)		(12,35,)		|
|	(13,1,)		(13,17,23,2,)		(13,17,23,11,3,)		(13,1,7,4,)		(13,14,5,)		(13,1,7,35,6,)		(13,1,7,)		(13,17,23,2,8,)		(13,14,5,33,9,)		(13,17,23,34,10,)		(13,17,23,11,)		(13,1,12,)		(13,)		(13,14,)		(13,14,5,33,15,)		(13,14,5,33,16,)		(13,17,)		(13,17,23,34,18,)		(13,17,23,2,20,19,)		(13,17,23,2,20,)		(13,14,5,33,16,21,)		(13,17,23,34,18,22,)		(13,17,23,)		(13,14,5,33,15,24,)		(13,14,25,)		(13,17,23,2,8,26,)	(13,1,7,4,27,)		(13,14,5,28,)		(13,17,23,2,20,29,)		(13,14,5,30,)		(13,17,23,2,20,31,)		(13,14,5,33,15,32,)		(13,14,5,33,)		(13,17,23,34,)		(13,1,7,35,)	|
|	(14,5,33,4,17,1,)		(14,5,33,16,2,)		(14,5,30,11,3,)		(14,5,33,4,)		(14,5,)		(14,5,28,23,35,6,)		(14,5,30,11,3,7,)		(14,5,33,16,2,8,)		(14,5,33,9,)		(14,5,33,16,10,)		(14,5,30,11,)		(14,5,33,16,12,)		(14,5,33,16,2,13,)		(14,)		(14,5,33,15,)		(14,5,33,16,)		(14,5,33,4,17,)		(14,5,28,23,34,18,)		(14,5,33,15,24,19,)		(14,5,33,16,2,20,)		(14,5,33,16,21,)		(14,5,33,16,21,22,)		(14,5,28,23,)		(14,5,33,15,24,)		(14,25,)		(14,5,33,16,2,8,26,)		(14,5,33,4,27,)		(14,5,28,)		(14,5,33,16,2,20,29,)		(14,5,30,)		(14,5,33,15,32,31,)		(14,5,33,15,32,)		(14,5,33,)		(14,5,28,23,34,)		(14,5,28,23,35,)		|
|	(15,24,4,17,1,)		(15,5,33,16,2,)		(15,24,3,)		(15,24,4,)		(15,5,)		(15,24,35,6,)		(15,24,3,7,)		(15,5,33,16,2,8,)		(15,5,33,9,)		(15,32,31,10,)		(15,5,30,11,)		(15,5,33,16,12,)		(15,32,18,13,)		(15,24,14,)		(15,)		(15,5,33,16,)		(15,24,4,17,)		(15,32,18,)		(15,24,19,)		(15,24,20,)		(15,5,33,16,21,)		(15,32,18,22,)		(15,5,28,23,)		(15,24,)		(15,5,33,9,25,)		(15,5,33,16,2,8,26,)		(15,24,4,27,)		(15,5,28,)		(15,24,20,29,)		(15,5,30,)		(15,32,31,)		(15,32,)		(15,5,33,)		(15,5,28,23,34,)		(15,24,35,)		|
|	(16,2,1,)		(16,2,)		(16,30,11,3,)		(16,33,4,)		(16,2,13,14,5,)		(16,10,23,35,6,)		(16,2,1,7,)		(16,2,8,)		(16,33,9,)		(16,10,)		(16,30,11,)		(16,12,)		(16,2,13,)		(16,2,13,14,)		(16,21,15,)		(16,)		(16,2,20,17,)		(16,21,22,18,)		(16,2,20,19,)		(16,2,20,)		(16,21,)		(16,21,22,)		(16,10,23,)		(16,21,15,24,)		(16,21,22,25,)		(16,2,8,26,)		(16,33,4,27,)		(16,33,4,28,)		(16,2,20,29,)		(16,30,)		(16,2,20,31,)		(16,21,15,32,)		(16,33,)		(16,10,23,34,)		(16,10,23,35,)		|
|	(17,1,)		(17,23,2,)		(17,23,11,3,)		(17,23,34,18,4,)		(17,23,5,)		(17,23,35,6,)		(17,1,7,)		(17,23,2,8,)		(17,23,5,33,9,)		(17,23,34,10,)		(17,23,11,)		(17,1,12,)		(17,23,2,13,)		(17,23,14,)		(17,23,5,33,15,)		(17,23,5,33,16,)		(17,)		(17,23,34,18,)		(17,23,2,20,19,)		(17,23,2,20,)		(17,23,2,8,21,)		(17,23,34,18,22,)		(17,23,)		(17,23,5,33,15,24,)		(17,23,14,25,)		(17,23,2,8,26,)		(17,23,34,18,4,27,)		(17,23,5,28,)		(17,23,2,20,29,)		(17,23,5,30,)		(17,23,2,20,31,)		(17,23,34,18,4,27,32,)		(17,23,5,33,)		(17,23,34,)		(17,23,35,)		|
|	(18,13,1,)		(18,4,17,23,2,)		(18,4,17,23,11,3,)		(18,4,)		(18,13,14,5,)		(18,4,17,23,35,6,)		(18,13,1,7,)		(18,4,17,23,2,8,)		(18,22,33,9,)	(18,4,17,23,34,10,)		(18,4,17,23,11,)		(18,13,1,12,)		(18,13,)		(18,13,14,)		(18,22,33,15,)		(18,22,33,16,)		(18,4,17,)		(18,)		(18,22,33,15,24,19,)		(18,4,17,23,2,20,)		(18,22,33,16,21,)		(18,22,)		(18,4,17,23,)		(18,22,33,15,24,)		(18,22,25,)		(18,4,17,23,2,8,26,)		(18,4,27,)		(18,4,28,)		(18,4,17,23,2,20,29,)		(18,13,14,5,30,)		(18,4,27,32,31,)		(18,4,27,32,)		(18,22,33,)		(18,4,17,23,34,)		(18,4,17,23,35,)		|
|	(19,30,11,3,7,4,17,1,)		(19,30,11,3,33,16,2,)		(19,30,11,3,)		(19,30,11,3,7,4,)		(19,30,11,14,5,)		(19,30,11,3,7,35,6,)		(19,30,11,3,7,)		(19,30,11,3,33,16,2,8,)		(19,30,11,3,33,9,)		(19,30,11,3,33,16,10,)		(19,30,11,)		(19,30,11,3,33,16,12,)		(19,30,11,3,33,16,2,13,)		(19,30,11,14,)		(19,30,11,3,33,15,)	(19,30,11,3,33,16,)		(19,30,11,3,7,4,17,)		(19,30,11,3,7,4,17,23,34,18,)		(19,)		(19,30,11,3,33,16,2,20,)		(19,30,11,3,33,16,21,)		(19,30,11,3,33,16,21,22,)		(19,30,11,3,7,4,17,23,)		(19,30,11,3,33,15,24,)		(19,30,11,14,25,)		(19,30,11,3,33,16,2,8,26,)		(19,30,11,3,7,4,27,)		(19,30,11,14,5,28,)		(19,30,11,3,33,16,2,20,29,)	(19,30,)		(19,30,11,3,33,15,32,31,)		(19,30,11,3,33,15,32,)		(19,30,11,3,33,)		(19,30,11,3,7,4,17,23,34,)		(19,30,11,3,7,35,)		|
|	(20,17,1,)		(20,17,23,2,)		(20,17,23,11,3,)		(20,29,22,33,4,)		(20,17,23,5,)		(20,17,23,35,6,)		(20,17,1,7,)		(20,17,23,2,8,)		(20,29,22,33,9,)		(20,31,10,)		(20,17,23,11,)		(20,17,1,12,)		(20,17,23,2,13,)		(20,17,23,14,)		(20,29,15,)		(20,29,16,)		(20,17,)		(20,17,23,34,18,)		(20,19,)		(20,)		(20,29,16,21,)		(20,29,22,)		(20,17,23,)		(20,29,15,24,)		(20,29,22,25,)		(20,17,23,2,8,26,)		(20,29,22,33,4,27,)		(20,17,23,5,28,)		(20,29,)		(20,19,30,)		(20,31,)		(20,29,15,32,)		(20,29,22,33,)		(20,17,23,34,)		(20,17,23,35,)		|
|	(21,16,2,1,)		(21,16,2,)		(21,22,23,11,3,)		(21,4,)		(21,15,5,)		(21,22,23,35,6,)		(21,22,23,34,7,)		(21,16,2,8,)		(21,22,33,9,)	(21,16,10,)		(21,22,23,11,)		(21,16,12,)		(21,16,2,13,)		(21,22,23,14,)		(21,15,)		(21,16,)		(21,4,17,)		(21,22,18,)		(21,15,24,19,)(21,16,2,20,)		(21,)		(21,22,)		(21,22,23,)		(21,15,24,)		(21,22,25,)		(21,16,2,8,26,)		(21,4,27,)		(21,4,28,)		(21,16,2,20,29,)	(21,15,5,30,)		(21,15,32,31,)		(21,15,32,)		(21,22,33,)		(21,22,23,34,)		(21,22,23,35,)		|
|	(22,18,13,1,)		(22,23,2,)		(22,23,11,3,)		(22,33,4,)		(22,23,5,)		(22,23,35,6,)		(22,23,34,7,)		(22,23,2,8,)		(22,33,9,)		(22,23,34,10,)		(22,23,11,)		(22,33,16,12,)		(22,18,13,)		(22,23,14,)		(22,33,15,)		(22,33,16,)		(22,33,4,17,)		(22,18,)		(22,33,15,24,19,)	(22,23,2,20,)		(22,33,16,21,)		(22,)		(22,23,)		(22,33,15,24,)		(22,25,)		(22,23,2,8,26,)		(22,33,4,27,)		(22,33,4,28,)		(22,23,2,20,29,)	(22,23,5,30,)		(22,33,15,32,31,)		(22,33,15,32,)		(22,33,)		(22,23,34,)		(22,23,35,)		|
|	(23,2,1,)		(23,2,)		(23,11,3,)		(23,34,18,4,)		(23,5,)		(23,35,6,)		(23,34,7,)		(23,2,8,)		(23,5,33,9,)		(23,34,10,)		(23,11,)		(23,2,1,12,)		(23,2,13,)		(23,14,)		(23,5,33,15,)		(23,5,33,16,)		(23,34,18,4,17,)		(23,34,18,)		(23,2,20,19,)		(23,2,20,)	(23,2,8,21,)		(23,34,18,22,)		(23,)		(23,5,33,15,24,)		(23,14,25,)		(23,2,8,26,)		(23,34,18,4,27,)		(23,5,28,)		(23,2,20,29,)		(23,5,30,)		(23,2,20,31,)		(23,34,18,4,27,32,)		(23,5,33,)		(23,34,)		(23,35,)		|
|	(24,4,17,1,)		(24,4,17,23,2,)		(24,3,)		(24,4,)		(24,14,5,)		(24,35,6,)		(24,3,7,)		(24,4,17,23,2,8,)		(24,3,33,9,)		(24,4,17,23,34,10,)		(24,35,6,11,)		(24,4,17,1,12,)		(24,4,17,23,2,13,)		(24,14,)		(24,20,29,15,)		(24,20,29,16,)		(24,4,17,)		(24,4,17,23,34,18,)		(24,19,)		(24,20,)		(24,4,17,23,2,8,21,)		(24,20,29,22,)		(24,4,17,23,)		(24,)		(24,14,25,)		(24,4,17,23,2,8,26,)		(24,4,27,)		(24,4,28,)	(24,20,29,)		(24,19,30,)		(24,20,31,)		(24,4,27,32,)		(24,3,33,)		(24,4,17,23,34,)		(24,35,)		|
|	(25,13,1,)		(25,4,17,23,2,)		(25,35,6,11,3,)		(25,4,)		(25,5,)		(25,35,6,)		(25,34,7,)		(25,4,17,23,2,8,)		(25,5,33,9,)		(25,34,10,)	(25,35,6,11,)		(25,13,1,12,)		(25,13,)		(25,13,14,)		(25,15,)		(25,21,16,)		(25,4,17,)		(25,34,18,)		(25,24,19,)		(25,31,20,)	(25,21,)		(25,34,18,22,)		(25,4,17,23,)		(25,24,)		(25,)		(25,4,17,23,2,8,26,)		(25,4,27,)		(25,4,28,)		(25,31,20,29,)		(25,5,30,)		(25,31,)		(25,4,27,32,)		(25,5,33,)		(25,34,)		(25,35,)		|
|	(26,2,1,)		(26,2,)		(26,11,3,)		(26,7,4,)		(26,15,5,)		(26,7,35,6,)		(26,7,)		(26,2,8,)		(26,11,3,33,9,)		(26,2,10,)		(26,11,)		(26,2,1,12,)		(26,2,13,)		(26,11,14,)		(26,15,)		(26,2,8,21,16,)		(26,7,4,17,)		(26,23,34,18,)		(26,2,20,19,)		(26,2,20,)		(26,2,8,21,)		(26,2,8,21,22,)		(26,23,)		(26,15,24,)		(26,11,14,25,)		(26,)		(26,7,4,27,)		(26,28,)		(26,2,20,29,)		(26,30,)		(26,2,20,31,)		(26,15,32,)		(26,11,3,33,)		(26,23,34,)		(26,7,35,)		|
|	(27,4,17,1,)		(27,4,17,23,2,)		(27,4,17,23,11,3,)		(27,4,)		(27,4,17,23,5,)		(27,4,17,23,35,6,)		(27,4,17,1,7,)		(27,4,17,23,2,8,)		(27,4,17,23,5,33,9,)		(27,4,17,23,34,10,)		(27,4,17,23,11,)		(27,4,17,1,12,)		(27,4,17,23,2,13,)		(27,4,17,23,14,)		(27,4,17,23,5,33,15,)		(27,4,17,23,5,33,16,)		(27,4,17,)		(27,32,18,)		(27,4,17,23,2,20,19,)		(27,4,17,23,2,20,)		(27,4,17,23,2,8,21,)		(27,32,18,22,)		(27,4,17,23,)		(27,4,17,23,5,33,15,24,)		(27,4,17,23,14,25,)		(27,4,17,23,2,8,26,)		(27,)		(27,4,28,)		(27,4,17,23,2,20,29,)		(27,32,30,)		(27,32,31,)		(27,32,)		(27,4,17,23,5,33,)	(27,4,17,23,34,)		(27,4,17,23,35,)		|
|	(28,23,2,1,)		(28,23,2,)		(28,23,11,3,)		(28,23,34,18,4,)		(28,23,5,)		(28,23,35,6,)		(28,23,34,7,)		(28,23,2,8,)		(28,23,5,33,9,)		(28,23,34,10,)		(28,23,11,)		(28,23,2,1,12,)		(28,23,2,13,)		(28,23,14,)		(28,23,5,33,15,)		(28,23,5,33,16,)		(28,23,34,18,4,17,)		(28,23,34,18,)(28,23,2,20,19,)		(28,23,2,20,)		(28,23,2,8,21,)		(28,23,34,18,22,)		(28,23,)		(28,23,5,33,15,24,)		(28,23,14,25,)		(28,23,2,8,26,)		(28,23,34,18,4,27,)	(28,)		(28,23,2,20,29,)		(28,23,5,30,)		(28,23,2,20,31,)		(28,23,34,18,4,27,32,)		(28,23,5,33,)		(28,23,34,)		(28,23,35,)		|
|	(29,16,2,1,)		(29,16,2,)		(29,22,23,11,3,)		(29,22,33,4,)		(29,15,5,)		(29,22,23,35,6,)		(29,22,23,34,7,)		(29,16,2,8,)		(29,22,33,9,)		(29,16,10,)		(29,22,23,11,)		(29,16,12,)		(29,16,2,13,)		(29,22,23,14,)		(29,15,)		(29,16,)		(29,22,33,4,17,)		(29,22,18,)	(29,15,24,19,)		(29,16,2,20,)		(29,16,21,)		(29,22,)		(29,22,23,)		(29,15,24,)		(29,22,25,)		(29,16,2,8,26,)		(29,22,33,4,27,)		(29,22,33,4,28,)		(29,)		(29,15,5,30,)		(29,15,32,31,)		(29,15,32,)		(29,22,33,)		(29,22,23,34,)		(29,22,23,35,)		|
|	(30,11,3,7,4,17,1,)		(30,11,3,33,16,2,)		(30,11,3,)		(30,11,3,7,4,)		(30,11,14,5,)		(30,11,3,7,35,6,)		(30,11,3,7,)		(30,11,3,33,16,2,8,)		(30,11,3,33,9,)		(30,11,3,33,16,10,)		(30,11,)		(30,11,3,33,16,12,)		(30,11,3,33,16,2,13,)		(30,11,14,)		(30,11,3,33,15,)		(30,11,3,33,16,)		(30,11,3,7,4,17,)		(30,11,3,7,4,17,23,34,18,)		(30,11,3,33,15,24,19,)		(30,11,3,33,16,2,20,)		(30,11,3,33,16,21,)		(30,11,3,33,16,21,22,)		(30,11,3,7,4,17,23,)		(30,11,3,33,15,24,)		(30,11,14,25,)		(30,11,3,33,16,2,8,26,)		(30,11,3,7,4,27,)		(30,11,14,5,28,)		(30,11,3,33,16,2,20,29,)		(30,)		(30,11,3,33,15,32,31,)(30,11,3,33,15,32,)		(30,11,3,33,)		(30,11,3,7,4,17,23,34,)		(30,11,3,7,35,)		|
|	(31,10,1,)		(31,10,23,2,)		(31,10,23,11,3,)		(31,10,33,4,)		(31,10,1,14,5,)		(31,10,23,35,6,)		(31,10,1,7,)		(31,10,23,2,8,)		(31,10,33,9,)	(31,10,)		(31,10,23,11,)		(31,10,1,12,)		(31,10,23,2,13,)		(31,10,1,14,)		(31,10,33,15,)		(31,10,33,16,)		(31,20,17,)		(31,10,23,34,18,)		(31,20,19,)		(31,20,)		(31,10,23,2,8,21,)		(31,20,29,22,)		(31,10,23,)		(31,10,33,15,24,)		(31,20,29,22,25,)		(31,10,23,2,8,26,)		(31,10,33,4,27,)		(31,10,33,4,28,)		(31,20,29,)		(31,10,30,)		(31,)		(31,10,33,15,32,)		(31,10,33,)		(31,10,23,34,)		(31,10,23,35,)		|
|	(32,18,13,1,)		(32,18,4,17,23,2,)		(32,30,11,3,)		(32,18,4,)		(32,18,13,14,5,)		(32,18,4,17,23,35,6,)		(32,30,11,3,7,)		(32,18,4,17,23,2,8,)		(32,18,22,33,9,)		(32,31,10,)		(32,30,11,)		(32,18,13,1,12,)		(32,18,13,)		(32,18,13,14,)		(32,18,22,33,15,)		(32,18,22,33,16,)		(32,18,4,17,)	(32,18,)		(32,31,20,19,)		(32,31,20,)		(32,18,22,33,16,21,)		(32,18,22,)		(32,18,4,17,23,)		(32,18,22,33,15,24,)		(32,18,22,25,)		(32,18,4,17,23,2,8,26,)(32,18,4,27,)		(32,18,4,28,)		(32,31,20,29,)		(32,30,)		(32,31,)		(32,)		(32,18,22,33,)		(32,18,4,17,23,34,)		(32,18,4,17,23,35,)		|
|	(33,4,17,1,)		(33,16,2,)		(33,9,23,11,3,)		(33,4,)		(33,15,5,)		(33,9,23,35,6,)		(33,4,17,1,7,)		(33,16,2,8,)		(33,9,)		(33,16,10,)		(33,9,23,11,)		(33,16,12,)		(33,16,2,13,)		(33,9,23,14,)		(33,15,)		(33,16,)		(33,4,17,)		(33,9,23,34,18,)		(33,15,24,19,)		(33,16,2,20,)		(33,16,21,)		(33,16,21,22,)		(33,9,23,)		(33,15,24,)		(33,9,25,)		(33,16,2,8,26,)		(33,4,27,)		(33,4,28,)		(33,16,2,20,29,)	(33,15,5,30,)		(33,15,32,31,)		(33,15,32,)		(33,)		(33,9,23,34,)		(33,9,23,35,)		|
|	(34,10,1,)		(34,10,23,2,)		(34,10,23,11,3,)		(34,18,4,)		(34,10,1,14,5,)		(34,7,35,6,)		(34,7,)		(34,10,23,2,8,)		(34,10,33,9,)		(34,10,)		(34,10,23,11,)		(34,10,1,12,)		(34,18,13,)		(34,10,1,14,)		(34,10,33,15,)		(34,10,33,16,)		(34,18,4,17,)		(34,18,)		(34,10,23,2,20,19,)	(34,10,23,2,20,)		(34,10,23,2,8,21,)		(34,18,22,)		(34,10,23,)		(34,10,33,15,24,)		(34,18,22,25,)		(34,10,23,2,8,26,)		(34,18,4,27,)		(34,18,4,28,)	(34,10,23,2,20,29,)		(34,10,30,)		(34,10,23,2,20,31,)		(34,18,4,27,32,)		(34,10,33,)		(34,)		(34,7,35,)		|
|	(35,6,23,2,1,)		(35,6,23,2,)		(35,6,11,3,)		(35,6,11,3,7,4,)		(35,6,11,14,5,)		(35,6,)		(35,6,11,3,7,)		(35,6,23,2,8,)		(35,6,11,3,33,9,)		(35,6,23,34,10,)		(35,6,11,)		(35,6,23,2,1,12,)		(35,6,23,2,13,)		(35,6,11,14,)		(35,6,11,3,33,15,)		(35,6,11,3,33,16,)		(35,6,11,3,7,4,17,)		(35,6,23,34,18,)		(35,6,23,2,20,19,)		(35,6,23,2,20,)		(35,6,23,2,8,21,)		(35,6,23,34,18,22,)		(35,6,23,)		(35,6,11,3,33,15,24,)		(35,6,11,14,25,)		(35,6,23,2,8,26,)		(35,6,11,3,7,4,27,)		(35,6,11,14,5,28,)		(35,6,23,2,20,29,)		(35,6,30,)		(35,6,23,2,20,31,)		(35,6,11,3,33,15,32,)		(35,6,11,3,33,)(35,6,23,34,)		(35,)		|
Hop Count Matrix :
|0	5	5	2	2	3	1	6	4	6	4	1	6	1	4	4	3	6	6	6	5	7	4	5	2	7	3	3	7	35	4	3	5	2		|
|1	0	4	3	3	3	2	1	3	1	3	2	1	2	3	3	2	4	2	1	2	3	2	4	3	2	4	3	2	22	4	2	3	2		|
|4	3	0	2	3	3	1	4	2	3	4	3	4	5	2	2	3	6	4	4	3	4	4	3	3	5	3	3	5	44	3	1	5	2		|
|2	3	4	0	3	4	3	4	5	4	3	3	4	3	5	5	1	4	5	4	5	5	2	6	4	5	1	1	5	43	2	4	3	3		|
|4	3	3	2	0	4	4	4	2	3	2	3	4	3	2	2	3	4	4	4	3	4	2	3	3	5	3	1	5	14	3	1	3	3		|
|3	2	2	4	3	0	3	3	4	3	1	4	3	2	4	4	5	3	4	3	4	4	1	5	3	4	5	4	4	14	5	3	2	2		|
|3	4	4	1	4	2	0	5	6	5	3	4	5	4	6	6	2	5	6	5	6	6	3	7	5	6	2	2	6	34	3	5	4	1		|
|3	2	3	2	3	2	2	0	4	3	2	3	3	3	2	2	3	3	4	3	1	2	2	3	3	1	3	2	4	24	3	3	3	1		|
|3	2	3	2	2	3	3	3	0	3	2	4	3	2	4	4	3	3	4	3	4	4	1	5	1	4	1	3	4	34	2	3	2	2		|
|1	2	3	2	3	3	2	3	2	0	2	2	3	2	2	2	3	3	4	3	4	4	1	3	3	4	3	3	4	14	3	1	2	2		|
|5	4	1	3	2	4	2	5	3	4	0	4	5	1	3	3	4	7	5	5	4	5	5	4	2	6	4	3	6	35	4	2	6	3		|
|2	1	4	2	4	2	3	2	2	1	3	0	2	3	2	2	3	4	3	2	3	5	2	3	3	3	3	3	3	23	3	1	3	1		|
|1	3	4	3	2	4	2	4	4	4	3	2	0	1	4	4	1	4	5	4	5	5	2	5	2	5	4	3	5	35	5	3	3	3		|
|5	4	4	3	1	5	5	5	3	4	3	4	5	0	3	3	4	5	5	5	4	5	3	4	1	6	4	2	6	25	4	2	4	4		|
|4	4	2	2	1	3	3	5	3	3	3	4	3	2	0	3	3	2	2	2	4	3	3	1	4	6	3	2	3	22	1	2	4	2		|
|2	1	3	2	4	4	3	2	2	1	2	1	2	3	2	0	3	3	3	2	1	2	2	3	3	3	3	3	3	13	3	1	3	3		|
|1	2	3	4	2	3	2	3	4	3	2	2	3	2	4	4	0	3	4	3	4	4	1	5	3	4	5	3	4	34	6	3	2	2		|
|2	4	5	1	3	5	3	5	3	5	4	3	1	2	3	3	2	0	5	5	4	1	3	4	2	6	2	2	6	44	3	2	4	4		|
|7	6	3	5	4	6	4	7	5	6	2	6	7	3	5	5	6	9	0	7	6	7	7	6	4	8	6	5	8	17	6	4	8	5		|
|2	3	4	4	3	4	3	4	4	2	3	3	4	3	2	2	1	4	1	0	3	2	2	3	3	5	5	4	1	21	3	3	3	3		|
|3	2	4	1	2	4	4	3	3	2	3	2	3	3	1	1	2	2	3	3	0	1	2	2	2	4	2	2	4	33	2	2	3	3		|
|3	2	3	2	2	3	3	3	2	3	2	3	2	2	2	2	3	1	4	3	3	0	1	3	1	4	3	3	4	34	3	1	2	2		|
|2	1	2	3	1	2	2	2	3	2	1	3	2	1	3	3	4	2	3	2	3	3	0	4	2	3	4	2	3	23	5	2	1	1		|
|3	4	1	1	2	2	2	5	3	5	3	4	5	1	3	3	2	5	1	1	6	3	3	0	2	6	2	2	2	22	3	2	4	1		|
|2	4	4	1	1	2	2	5	3	2	3	3	1	2	1	2	2	2	2	2	1	3	3	1	0	6	2	2	3	21	3	2	1	1		|
|2	1	2	2	2	3	1	2	4	2	1	3	2	2	1	4	3	3	3	2	3	4	1	2	3	0	3	1	3	13	2	3	2	2		|
|3	4	5	1	4	5	4	5	6	5	4	4	5	4	6	6	2	2	6	5	6	3	3	7	5	6	0	2	6	22	1	5	4	4		|
|3	2	3	4	2	3	3	3	4	3	2	4	3	2	4	4	5	3	4	3	4	4	1	5	3	4	5	0	4	34	6	3	2	2		|
|3	2	4	3	2	4	4	3	3	2	3	2	3	3	1	1	4	2	3	3	2	1	2	2	2	4	4	4	0	33	2	2	3	3		|
|6	5	2	4	3	5	3	6	4	5	1	5	6	2	4	4	5	8	6	6	5	6	6	5	3	7	5	4	7	06	5	3	7	4		|
|2	3	4	3	4	4	3	4	3	1	3	3	4	3	3	3	2	4	2	1	5	3	2	4	4	5	4	4	2	20	4	2	3	3		|
|3	5	3	2	4	6	4	6	4	2	2	4	2	3	4	4	3	1	3	2	5	2	4	5	3	7	3	3	3	11	0	3	5	5		|
|3	2	4	1	2	4	4	3	1	2	3	2	3	3	1	1	2	4	3	3	2	3	2	2	2	4	2	2	4	33	2	0	3	3		|
|2	3	4	2	4	3	1	4	3	1	3	3	2	3	3	3	3	1	5	4	5	2	2	4	3	5	3	3	5	25	4	2	0	2		|
|4	3	3	5	4	1	4	4	5	4	2	5	4	3	5	5	6	4	5	4	5	5	2	6	4	5	6	5	5	25	6	4	3	0		|

Congestion Edge Matrix :
|0.00	na	na	na	na	na	789.00	na	na	na	na	796.00	na	426.00	na	na	na	na	na	na	na	na	na	na	na	na	na	na	na	na	na	na	na	na	na		|
|2400.00	0.00	na	na	na	na	na	3690.00	na	576.00	na	na	496.00	na	na	na	na	na	na	737.00	na	na	na	na	na	na	na	na	na	na	na	na	na	na	na		|
|na	na	0.00	na	na	na	1236.00	na	na	na	na	na	na	na	na	na	na	na	na	na	na	na	na	na	na	na	na	na	na	na	na	na	4386.00	na	na		|
|na	na	na	0.00	na	na	na	na	na	na	na	na	na	na	na	na	2279.33	na	na	na	na	na	na	na	na	na	867.00	22.22	na	na	na	na	na	na	na		|
|na	na	na	na	0.00	na	na	na	na	na	na	na	na	na	na	na	na	na	na	na	na	na	na	na	na	na	na	772.00	na	616.00	na	na	116.82	na	na		|
|na	na	na	na	na	0.00	na	na	na	na	1728.00	na	na	na	na	na	na	na	na	na	na	na	36.98	na	na	na	na	na	na	4.33	na	na	na	na	na		|
|na	na	na	51.51	na	na	0.00	na	na	na	na	na	na	na	na	na	na	na	na	na	na	na	na	na	na	na	na	na	na	na	na	na	na	na	1174.00		|
|na	na	na	na	na	na	na	0.00	na	na	na	na	na	na	na	na	na	na	na	na	585.00	na	na	na	na	1064.00	na	na	na	na	na	na	na	na	455.00		|
|na	na	na	na	na	na	na	na	0.00	na	na	na	na	na	na	na	na	na	na	na	na	na	391.33	na	99.50	na	7.50	na	na	na	na	na	na	na	na		|
|294.67	na	na	na	na	na	na	na	na	0.00	na	na	na	na	na	na	na	na	na	na	na	na	63.67	na	na	na	na	na	na	121.25	na	na	40.00	na	na		|
|na	na	3408.00	na	na	na	na	na	na	na	0.00	na	na	232.50	na	na	na	na	na	na	na	na	na	na	na	na	na	na	na	na	na	na	na	na	na		|
|na	512.00	na	na	na	na	na	na	na	18360.00	na	0.00	na	na	na	na	na	na	na	na	na	na	na	na	na	na	na	na	na	na	na	na	36248.00	na	190.00		|
|205.00	na	na	na	na	na	na	na	na	na	na	na	0.00	60.00	na	na	745.00	na	na	na	na	na	na	na	na	na	na	na	na	na	na	na	na	na	na		|
|na	na	na	na	808.00	na	na	na	na	na	na	na	na	0.00	na	na	na	na	na	na	na	na	na	na	1575.00	na	na	na	na	na	na	na	na	na	na		|
|na	na	na	na	855.00	na	na	na	na	na	na	na	na	na	0.00	na	na	na	na	na	na	na	na	2247.50	na	na	na	na	na	na	na	1356.00	na	na	na		|
|na	1369.00	na	na	na	na	na	na	na	580.00	na	9.67	na	na	na	0.00	na	na	na	na	478.75	na	na	na	na	na	na	na	na	515.00	na	na	772.00	na	na		|
|1406.67	na	na	na	na	na	na	na	na	na	na	na	na	na	na	na	0.00	na	na	na	na	na	3511.00	na	na	na	na	na	na	na	na	na	na	na	na		|
|na	na	na	3159.00	na	na	na	na	na	na	na	na	34.90	na	na	na	na	0.00	na	na	na	52.41	na	na	na	na	na	na	na	na	na	na	na	na	na		|
|na	na	na	na	na	na	na	na	na	na	na	na	na	na	na	na	na	na	0.00	na	na	na	na	na	na	na	na	na	na	2025.00	na	na	na	na	na		|
|na	na	na	na	na	na	na	na	na	na	na	na	na	na	na	na	694.50	na	492.00	0.00	na	na	na	na	na	na	na	na	2084.00na	990.00	na	na	na	na		|
|na	na	na	268.00	na	na	na	na	na	na	na	na	na	na	12.10	24.00	na	na	na	na	0.00	1356.00	na	na	na	na	na	na	na	na	na	na	na	na	na		|
|na	na	na	na	na	na	na	na	na	na	na	na	na	na	na	na	na	279.00	na	na	na	0.00	2800.00	na	1398.00	na	na	na	na	na	na	na	1386.00	na	na		|
|na	208.57	na	na	115.61	na	na	na	na	na	2670.00	na	na	2313.00	na	na	na	na	na	na	na	na	0.00	na	na	na	na	na	na	na	na	na	na	1782.00	1129.50		|
|na	na	12.24	321.33	na	na	na	na	na	na	na	na	na	4.41	na	na	na	na	9.80	26.69	na	na	na	0.00	na	na	na	na	na	na	na	na	na	na	101.50		|
|na	na	na	300.30	2664.00	na	na	na	na	na	na	na	276.00	na	na	na	na	na	na	na	na	na	na	292.96	0.00	na	na	na	na	na	na	na	na	9207.00	240.00		|
|na	626.00	na	na	na	na	952.00	na	na	na	796.00	na	na	na	na	na	na	na	na	na	na	na	465.00	na	na	0.00	na	465.00	na	11.84	na	na	na	na	na		|
|na	na	na	447.33	na	na	na	na	na	na	na	na	na	na	na	na	na	na	na	na	na	na	na	na	na	na	0.00	na	na	na	na	24.80	na	na	na		|
|na	na	na	na	na	na	na	na	na	na	na	na	na	na	na	na	na	na	na	na	na	na	1917.00	na	na	na	na	0.00	na	na	na	na	na	na	na		|
|na	na	na	na	na	na	na	na	na	na	na	na	na	na	424.00	385.33	na	na	na	na	na	673.00	na	na	na	na	na	na	0.00	na	na	na	na	na	na		|
|na	na	na	na	na	na	na	na	na	na	1332.00	na	na	na	na	na	na	na	na	na	na	na	na	na	na	na	na	na	na	0.00	na	na	na	na	na		|
|na	na	na	na	na	na	na	na	na	286.67	na	na	na	na	na	na	na	na	na	752.50	na	na	na	na	na	na	na	na	na	na	0.00	na	na	na	na		|
|na	na	na	na	na	na	na	na	na	na	na	na	na	na	na	na	na	772.00	na	na	na	na	na	na	na	na	na	na	na	11.51	1227.50	0.00	na	na	na		|
|na	na	na	39.80	na	na	na	na	78.16	na	na	na	na	na	116.49	3340.00	na	na	na	na	na	na	na	na	na	na	na	na	na	na	na	na	0.00	na	na		|
|na	na	na	na	na	na	40.00	na	na	382.50	na	na	na	na	na	na	na	2348.00	na	na	na	na	na	na	na	na	na	na	na	na	na	na	na	0.00	na		|
|na	na	na	na	na	1324.00	na	na	na	na	na	na	na	na	na	na	na	na	na	na	na	na	na	na	na	na	na	na	na	na	na	na	na	na	0.00		|

Predicted Path Delay Matrix :
|0	14	13	5	4	9	3	16	12	14	10	2	17	2	11	11	7	13	18	16	16	17	9	16	7	18	8	8	20	618	13	7	11	5		|
|4	0	11	9	7	11	7	2	12	3	8	6	3	5	8	8	5	10	6	2	5	7	6	13	10	4	12	9	6	87	12	7	8	7		|
|11	11	0	4	10	8	2	13	8	11	10	10	14	11	7	7	6	12	14	13	12	14	8	12	10	15	7	7	17	12	16	11	3	10	4		|
|7	9	10	0	9	11	10	11	17	9	7	9	12	7	16	16	2	8	15	11	14	12	4	21	12	13	3	3	15	11	13	8	12	6	7		|
|13	11	9	6	0	14	11	13	8	11	6	10	14	9	7	7	8	11	14	13	12	14	7	12	10	15	9	4	17	216	11	3	9	10		|
|13	9	5	9	7	0	7	11	13	9	2	15	12	5	12	12	11	8	15	11	14	12	4	17	10	13	12	11	15	416	16	8	6	7		|
|9	11	11	2	11	6	0	13	19	11	8	11	14	9	18	18	4	10	17	13	16	14	6	23	14	15	5	5	17	10	15	10	14	8	2		|
|10	6	9	7	9	9	6	0	12	9	6	9	9	9	6	6	9	9	12	8	3	5	7	11	8	2	10	7	12	613	10	7	9	5		|
|11	7	8	7	7	9	8	9	0	7	5	13	10	5	14	14	9	6	13	9	12	10	2	19	2	11	5	10	13	914	10	10	4	5		|
|4	8	9	7	8	10	7	10	9	0	6	6	11	6	8	8	9	7	14	10	13	11	3	13	11	12	10	10	14	515	12	4	5	6		|
|14	14	3	7	5	11	5	16	11	14	0	13	17	3	10	10	9	15	17	16	15	17	11	15	8	18	10	9	20	719	14	6	13	7		|
|94	96	99	95	98	99	97	98	97	90	96	0	99	96	96	96	97	97	102	98	101	101	93	101	99	100	98	98	102	95	103	100	92	95	95		|
|3	12	13	8	4	12	6	14	12	12	10	5	0	2	11	11	5	11	18	14	16	15	7	16	7	16	11	8	18	619	15	7	9	8		|
|15	13	11	8	2	16	13	15	10	13	8	12	16	0	9	9	10	13	16	15	14	16	9	14	5	17	11	6	19	418	13	5	11	12		|
|14	14	9	7	3	11	11	16	11	13	9	13	13	9	0	10	9	8	7	8	15	12	10	5	13	18	10	7	12	59	4	6	12	7		|
|8	4	12	7	11	14	11	6	9	4	9	3	7	9	8	0	9	11	10	6	5	7	7	13	10	8	10	10	10	511	12	4	9	10		|
|5	7	8	9	7	9	8	9	15	7	5	7	10	5	14	14	0	6	13	9	12	10	2	19	10	11	12	11	13	914	17	10	4	5		|
|8	12	13	3	9	14	11	14	11	12	10	10	5	7	10	10	5	0	17	14	15	4	7	15	7	16	6	6	18	11	16	11	6	9	10		|
|23	23	12	16	14	20	14	25	20	23	9	22	26	12	19	19	18	24	0	25	24	26	20	24	17	27	19	18	29	528	23	15	22	16		|
|8	10	11	11	10	12	11	12	13	9	8	10	13	8	8	8	3	9	4	0	13	6	5	13	9	14	14	14	4	95	12	8	7	8		|
|11	7	12	4	6	13	12	9	9	7	9	6	10	9	3	3	6	6	10	9	0	2	6	8	5	11	7	7	13	812	7	4	8	9		|
|12	9	10	5	9	11	10	11	7	9	7	9	9	7	6	6	7	4	13	11	11	0	4	11	3	13	8	8	15	11	15	10	2	6	7		|
|9	5	6	7	5	7	6	7	13	5	3	11	8	3	12	12	9	4	11	7	10	8	0	17	8	9	10	9	11	712	15	8	2	3		|
|9	11	4	2	6	6	6	13	12	11	8	11	14	4	11	11	4	10	2	3	16	9	6	0	9	15	5	5	7	78	10	7	8	2		|
|95	100	99	91	96	94	97	102	104	96	96	97	92	94	97	102	93	95	101	101	99	99	95	99	0	104	94	94	105	98	96	99	99	93	90		|
|8	4	7	6	7	10	4	6	15	7	4	10	7	7	4	12	8	9	10	6	9	11	5	9	12	0	9	5	10	411	8	10	7	6		|
|9	11	12	2	11	13	12	13	19	11	9	11	14	9	18	18	4	9	17	13	16	13	6	23	14	15	0	5	17	910	5	14	8	9		|
|12	8	9	10	8	10	9	10	16	8	6	14	11	6	15	15	12	7	14	10	13	11	3	20	11	12	13	0	14	10	15	18	11	5	6		|
|12	8	12	7	7	13	12	10	9	8	9	7	11	9	4	4	9	6	11	10	9	2	6	9	5	12	10	10	0	913	8	4	8	9		|
|18	18	7	11	9	15	9	20	15	18	4	17	21	7	14	14	13	19	21	20	19	21	15	19	12	22	14	13	24	023	18	10	17	11		|
|8	12	13	11	12	14	11	14	13	4	10	10	15	10	12	12	8	11	9	5	17	11	7	17	14	16	14	14	9	90	16	8	9	10		|
|12	16	11	7	13	18	13	18	15	9	8	14	9	11	14	14	9	4	14	10	19	8	11	19	11	20	10	10	14	45	0	10	13	14		|
|10	8	13	3	7	14	13	10	5	8	10	7	11	10	4	4	5	11	11	10	9	11	7	9	7	12	6	6	14	913	8	0	9	10		|
|7	11	12	5	11	10	4	13	12	3	9	9	7	9	11	11	7	2	17	13	16	6	6	16	9	15	8	8	17	818	13	7	0	6		|
|17	13	9	13	11	4	11	15	17	13	6	19	16	9	16	16	15	12	19	15	18	16	8	21	14	17	16	15	19	820	20	12	10	0		|

Congestion Actual Delay Matrix :
|0.00	6839.42	6590.00	840.51	1234.00	3287.00	789.00	10529.42	1428.98	8795.34	3182.00	796.00	7335.42	426.00	1467.31	4690.82	3119.84	10760.84	3724.60	7576.42	5169.57	10813.25	6630.84	3714.81	2001.00	11593.42	1707.51	862.73	9660.42	1850.00	2959.81	1732.31	1350.82	8412.84	1963.00		|
|2400.00	0.00	8958.00	3240.51	1364.00	5469.00	3189.00	3690.00	694.16	576.00	5550.00	3196.00	496.00	556.00	4287.10	4299.00	1431.50	4769.67	1229.00	737.00	4275.00	5631.00	639.67	6534.60	2131.00	4754.00	4107.51	5219.002821.00	697.25	1727.00	5643.10	616.00	2421.67	4145.00		|
|4973.51	9095.00	0.00	1287.51	5357.49	3734.00	1236.00	12785.00	4464.16	8306.00	5462.00	7735.67	9591.00	9390.84	4502.49	7726.00	3566.84	11207.84	6759.79	9832.00	8204.75	9560.75	7077.84	6749.99	4563.66	13849.00	2154.51	1309.73	11916.00	5973.49	7085.99	5858.49	4386.00	8859.84	2410.00		|
|3686.00	5998.90	11868.33	0.00	5905.95	8243.83	4475.00	9688.90	6100.92	7954.83	8460.33	4482.00	6494.90	8103.33	6139.25	9362.76	2279.33	9920.33	7227.90	6735.90	10273.90	9972.74	5790.33	8386.75	9678.33	10752.90	867.00	22.22	8819.90	6521.95	2119.30	891.80	6022.76	7572.33	6919.83		|
|3842.61	4825.82	5356.00	156.61	0.00	5142.50	6592.00	8515.82	194.98	4036.82	1948.00	3466.49	5321.82	2180.50	233.31	3456.82	2435.95	6819.00	2490.60	5562.82	3935.57	5291.57	2689.00	2480.81	294.48	9579.82	1023.61	772.007646.82	616.00	2816.81	1589.31	116.82	4471.00	3818.50		|
|2645.55	245.55	5136.00	6423.51	2768.50	0.00	6372.00	3935.55	9600.16	2201.48	1728.00	3441.55	741.55	1960.50	9638.49	12862.00	8702.84	4166.98	1474.55	982.55	4520.55	4219.39	36.98	11885.99	3535.50	4999.557290.51	3540.50	3066.55	4.33	1972.55	10994.49	9522.00	1818.98	1166.48		|
|3737.51	6050.42	7634.00	51.51	5957.46	2498.00	0.00	9740.42	6152.44	8006.34	4226.00	4533.51	6546.42	8154.84	6190.76	9414.27	2330.84	9971.84	7279.42	6787.42	10325.42	10024.25	5841.84	8438.26	9729.84	10804.42	918.51	73.73	8871.42	2502.33	2170.81	943.31	6074.27	7623.84	1174.00		|
|4090.00	1690.00	5268.00	853.00	1452.10	1779.00	2016.00	0.00	3405.16	2266.00	1860.00	618.67	2186.00	2092.50	597.10	609.00	3132.33	2220.00	2919.00	2427.00	585.00	1941.00	1529.00	2844.60	3339.00	1064.00	1720.00	1529.004511.00	1075.84	3417.00	1953.10	3327.00	3311.00	455.00		|
|2999.90	599.90	6469.33	454.83	506.95	2844.83	2213.33	4289.90	0.00	2555.83	3061.33	3795.90	1095.90	2704.33	740.25	3963.76	2734.17	4521.33	1828.90	1336.90	4874.90	4573.74	391.33	2987.75	99.50	5353.90	7.50	477.063420.90	1122.95	2326.90	32.30	623.76	2173.33	1520.83		|
|294.67	272.24	6141.67	79.80	1528.67	2517.17	1083.67	3962.24	118.16	0.00	2733.67	1090.67	768.24	720.67	156.49	3380.00	2359.13	4193.67	1501.24	1009.24	4547.25	4246.08	63.67	2403.99	2295.67	5026.25	946.80	102.02	3093.24121.25	1999.24	1512.49	40.00	1845.67	1193.17		|
|8381.51	12503.00	3408.00	4695.51	1040.50	7142.00	4644.00	16193.00	7872.16	11714.00	0.00	11143.67	12999.00	232.50	7910.49	11134.00	6974.84	14615.84	10167.79	13240.00	11612.75	12968.75	10485.84	10157.99	1807.50	17257.00	5562.51	1812.50	15324.00	1656.50	10493.99	9266.49	7794.00	12267.84	5818.00		|
|18654.67	512.00	24501.67	36287.80	19888.67	1514.00	19443.67	4202.00	36326.16	18360.00	21093.67	0.00	1008.00	19080.67	36364.49	39588.00	38567.13	22553.67	1741.00	1249.00	4787.00	22606.08	18423.67	38611.99	36425.66	5266.00	37154.80	36310.02	3333.00	18481.25	2239.00	37720.49	36248.00	20205.67	190.00		|
|205.00	4464.57	10334.00	1045.51	868.00	3492.00	994.00	8154.57	1062.98	6420.50	6926.00	1001.00	0.00	60.00	1101.31	4324.82	745.00	8386.00	5693.57	5201.57	4803.57	8438.41	4256.00	3348.81	1635.00	9218.57	1912.51	1640.007285.57	1484.00	6191.57	2457.31	984.82	6038.00	2168.00		|
|4650.61	5633.82	6164.00	964.61	808.00	5950.50	7400.00	9323.82	1002.98	4844.82	2756.00	4274.49	6129.82	0.00	1041.31	4264.82	3243.95	7627.00	3298.60	6370.82	4743.57	6099.57	3497.00	3288.81	1575.00	10387.82	1831.611580.00	8454.82	1424.00	3624.81	2397.31	924.82	5279.00	4626.50		|
|6254.83	5680.82	2259.74	2568.83	855.00	3673.00	3495.74	9370.82	1049.98	2870.17	2803.00	4321.49	2162.90	2251.91	0.00	4311.82	4848.17	2128.00	2257.30	2274.19	4790.57	2180.41	3544.00	2247.50	1149.48	10434.82	3435.831627.00	4358.19	1471.00	2583.50	1356.00	971.82	5326.00	2349.00		|
|3769.00	1369.00	5255.00	811.80	2733.00	3097.17	4558.00	5059.00	850.16	580.00	1847.00	9.67	1865.00	1925.00	490.85	0.00	2800.50	2113.75	2598.00	2106.00	478.75	1834.75	643.67	2738.35	3232.75	6123.00	1678.80	834.024190.00	515.00	3096.00	1846.85	772.00	2425.67	1773.17		|
|1406.67	3719.57	9589.00	10800.00	3626.61	5964.50	2195.67	7409.57	3821.59	5675.50	6181.00	2202.67	4215.57	5824.00	3859.92	7083.43	0.00	7641.00	4948.57	4456.57	7994.57	7693.41	3511.00	6107.42	7399.00	8473.57	11667.00	4398.61	6540.57	4242.61	5446.57	11691.80	3743.43	5293.00	4640.50		|
|239.90	9157.90	15027.33	3159.00	902.90	11402.83	1028.90	12847.90	1516.57	11113.83	11619.33	1035.90	34.90	94.90	1554.90	4778.41	5438.33	0.00	3812.19	9894.90	5257.16	52.41	8949.33	3802.401450.41	13911.90	4026.00	3181.22	11978.90	1518.90	5278.30	4050.80	1438.41	10731.33	10078.83		|
|11738.51	15860.00	6765.00	8052.51	4397.50	10499.00	8001.00	19550.00	11229.16	15071.00	3357.00	14500.67	16356.00	3589.50	11267.49	14491.00	10331.84	17972.84	0.00	16597.00	14969.75	16325.75	13842.84	13514.99	5164.50	20614.00	8919.51	5169.50	18681.00	2025.00	13850.99	12623.49	11151.00	15624.84	9175.00|
|2101.17	4414.07	10283.50	4182.80	4321.11	6659.00	2890.17	8104.07	4221.16	1276.67	6875.50	2897.17	4910.07	6518.50	2508.00	2469.33	694.50	8335.50	492.00	0.00	2948.08	2757.00	4205.50	4755.50	4155.00	9168.07	5049.805093.11	2084.00	2517.00	990.00	3864.00	4143.00	5987.50	5335.00		|
|3793.00	1393.00	10234.00	268.00	867.10	6609.50	5978.00	5083.00	2820.16	604.00	6826.00	33.67	1889.00	6469.00	12.10	24.00	2547.33	1635.00	2269.39	2130.00	0.00	1356.00	4156.00	2259.60	2754.00	6147.00	1135.00290.22	4214.00	1483.10	2595.60	1368.10	2742.00	5938.00	5285.50		|
|518.90	3008.57	8878.00	1425.80	2915.61	5253.50	4622.00	6698.57	1464.16	4964.50	5470.00	4735.67	313.90	5113.00	1502.49	4726.00	3705.13	279.00	3759.79	3745.57	5204.75	0.00	2800.00	3749.99	1398.00	7762.57	2292.80	1448.02	5829.573531.61	4085.99	2858.49	1386.00	4582.00	3929.50		|
|2608.57	208.57	6078.00	7289.00	115.61	2453.50	1822.00	3898.57	310.59	2164.50	2670.00	3404.57	704.57	2313.00	348.92	3572.43	9568.33	4130.00	1437.57	945.57	4483.57	4182.41	0.00	2596.42	3888.00	4962.57	8156.00	887.613029.57	731.61	1935.57	8180.80	232.43	1782.00	1129.50		|
|4007.33	6320.24	12.24	321.33	812.41	1425.50	1248.24	10010.24	4476.41	8276.17	3153.50	4803.33	6816.24	4.41	2534.69	2496.03	2600.67	10241.67	9.80	26.69	10595.24	2783.69	6111.67	0.00	1579.4111074.24	1188.33	343.56	2110.69	2034.80	1016.69	1213.13	4398.25	7893.67	101.50		|
|481.00	6299.20	6700.00	300.30	2664.00	1564.00	9247.00	9989.21	2858.98	9589.50	3292.00	1277.00	276.00	336.00	0.00	123.00	2579.63	11555.00	302.76	848.50	0.00	11607.41	6090.63	292.96	0.00	11053.21	1167.30	322.52	2932.50	3280.00	0.00	1192.10	2780.82	9207.00	240.00		|
|3026.00	626.00	4204.00	1003.51	859.00	3450.00	952.00	4316.00	8668.16	1202.00	796.00	3822.00	1122.00	1028.50	0.00	4925.00	3282.84	4595.00	1855.00	1363.00	4901.00	6257.00	465.00	2251.50	2603.50	0.00	1870.51	465.003447.00	11.84	2353.00	1360.00	8590.00	2247.00	2126.00		|
|4133.33	6446.24	12315.67	447.33	6353.28	8691.17	4922.33	10136.24	6548.26	8402.17	8907.67	4929.33	6942.24	8550.67	6586.58	9810.10	2726.67	796.80	7675.24	7183.24	10721.24	849.20	6237.67	8834.08	10125.67	11200.24	0.00	469.56	9267.24	36.31	1252.30	24.80	6470.10	8019.67	7367.17		|
|4525.57	2125.57	7995.00	9206.00	2032.61	4370.50	3739.00	5815.57	2227.59	4081.50	4587.00	5321.57	2621.57	4230.00	2265.92	5489.43	11485.33	6047.00	3354.57	2862.57	6400.57	6099.41	1917.00	4513.42	5805.00	6879.57	10073.00	0.00	4946.57	2648.61	3852.57	10097.80	2149.43	3699.00	3046.50		|
|4154.33	1754.33	9551.00	2098.80	1279.00	5926.50	5295.00	5444.33	2137.16	965.33	6143.00	395.01	2250.33	5786.00	424.00	385.33	4378.13	952.00	2681.30	2491.33	864.08	673.00	3473.00	2671.50	2071.00	6508.33	2965.80	2121.020.00	1895.00	3007.50	1780.00	2059.00	5255.00	4602.50		|
|9713.51	13835.00	4740.00	6027.51	2372.50	8474.00	5976.00	17525.00	9204.16	13046.00	1332.00	12475.67	14331.00	1564.50	9242.49	12466.00	8306.84	15947.84	11499.79	14572.00	12944.75	14300.75	11817.84	11489.99	3139.50	18589.00	6894.51	3144.50	16656.00	0.00	11825.99	10598.49	9126.00	13599.84	7150.00		|
|581.33	558.91	6428.34	366.46	1815.33	2803.84	1370.33	4248.91	404.83	286.67	3020.34	1377.33	1054.91	1007.33	443.16	3666.67	1447.00	4480.34	1244.50	752.50	4833.91	3509.50	350.34	2690.66	4907.50	5312.91	1233.46	388.69	2836.50407.92	0.00	1799.16	326.67	2132.34	1479.84		|
|1011.90	9929.90	4751.51	3931.00	1674.90	12174.83	5987.51	13619.90	2288.57	1514.17	1343.51	1807.90	806.90	866.90	2326.90	5550.41	6210.33	772.00	2472.00	1980.00	6029.16	824.41	9721.33	4574.40	2222.41	14683.90	4798.00	3953.22	4064.00	11.51	1227.50	0.00	2210.41	11503.33	10850.83		|
|3725.80	4709.00	6547.50	39.80	971.49	2923.00	4514.80	8399.00	78.16	3920.00	3139.50	3349.67	5205.00	2782.50	116.49	3340.00	2319.13	4599.50	2373.79	5446.00	3818.75	5174.75	469.50	2363.99	177.66	9463.00	906.80	62.02	7530.00	1587.49	2699.99	1472.49	0.00	2251.50	1599.00		|
|677.17	654.74	6524.17	5507.00	1911.17	2538.00	40.00	4344.75	500.66	382.50	3116.17	1473.17	2382.90	1103.17	538.99	3762.50	7786.33	2348.00	1883.74	1391.74	4929.75	2400.41	446.17	2786.49	3798.41	5408.75	6374.00	5529.22	3475.74503.75	2381.74	6398.80	422.50	0.00	1214.00		|
|3969.55	1569.55	6460.00	7747.51	4092.50	1324.00	7696.00	5259.55	10924.16	3525.48	3052.00	4765.55	2065.55	3284.50	10962.49	14186.00	10026.84	5490.98	2798.55	2306.55	5844.55	5543.39	1360.98	13209.99	4859.50	6323.55	8614.51	4864.50	4390.55	1328.33	3296.55	12318.49	10846.00	3142.98	0.00		|
*****************Final Output :*****************

Shorest Path between source 33 and destination 23 is: 7.


Shorest Path between source 33 and destination 23 is: 469.50.


Hop Count for source 33 and destination 23 is: 2.

Total Running Time of the Algorithm in Seconds is 0.0113820


Total no.of Key-Basic Operations are : 16411

***********************************

