****************************************************

SingleNodeAtATime

Size of Given input Graph is : 15
Path Matrix :
|	(1,)		(1,12,2,)		(1,4,3,)		(1,4,)		(1,12,5,)		(1,6,)		(1,12,2,7,)		(1,14,13,8,)		(1,4,9,)		(1,6,10,)		(1,14,11,)		(1,12,)		(1,14,13,)		(1,14,)		(1,14,11,15,)		|
|	(2,7,1,)		(2,)		(2,7,13,3,)		(2,7,1,4,)		(2,7,5,)		(2,7,1,6,)		(2,7,)		(2,7,13,8,)		(2,7,13,9,)		(2,7,13,8,10,)		(2,7,11,)		(2,7,1,12,)		(2,7,13,)		(2,7,1,14,)		(2,7,11,15,)		|
|	(3,2,7,1,)		(3,2,)		(3,)		(3,13,4,)		(3,2,7,5,)		(3,2,7,1,6,)		(3,2,7,)		(3,13,8,)		(3,13,9,)		(3,13,8,10,)		(3,13,8,10,11,)		(3,2,7,1,12,)		(3,13,)		(3,14,)		(3,13,8,10,11,15,)		|
|	(4,3,2,7,1,)		(4,3,2,)		(4,3,)		(4,)		(4,9,5,)		(4,3,2,7,1,6,)		(4,3,2,7,)		(4,9,8,)		(4,9,)		(4,9,8,10,)		(4,9,8,10,11,)		(4,3,2,7,1,12,)		(4,3,13,)		(4,3,14,)		(4,9,8,10,11,15,)		|
|	(5,7,1,)		(5,3,2,)		(5,3,)		(5,7,1,4,)		(5,)		(5,7,1,6,)		(5,7,)		(5,7,13,8,)		(5,7,13,9,)		(5,7,13,8,10,)		(5,7,11,)		(5,7,1,12,)		(5,7,13,)		(5,3,14,)		(5,7,11,15,)		|
|	(6,2,7,1,)		(6,2,)		(6,10,13,3,)		(6,10,9,4,)		(6,10,9,5,)		(6,)		(6,2,7,)		(6,10,13,8,)		(6,10,9,)		(6,10,)		(6,10,11,)		(6,2,7,1,12,)		(6,10,13,)		(6,2,7,1,14,)		(6,10,11,15,)		|
|	(7,1,)		(7,2,)		(7,13,3,)		(7,1,4,)		(7,5,)		(7,1,6,)		(7,)		(7,13,8,)		(7,13,9,)		(7,13,8,10,)		(7,11,)		(7,1,12,)		(7,13,)		(7,1,14,)		(7,11,15,)		|
|	(8,1,)		(8,10,2,)		(8,7,13,3,)		(8,9,4,)		(8,9,5,)		(8,1,6,)		(8,7,)		(8,)		(8,9,)		(8,10,)		(8,10,11,)		(8,1,12,)		(8,7,13,)		(8,1,14,)		(8,10,11,15,)		|
|	(9,8,1,)		(9,4,3,2,)		(9,4,3,)		(9,4,)		(9,5,)		(9,8,1,6,)		(9,8,7,)		(9,8,)		(9,)		(9,8,10,)		(9,8,10,11,)	(9,8,1,12,)		(9,8,7,13,)		(9,4,3,14,)		(9,8,10,11,15,)		|
|	(10,7,1,)		(10,2,)		(10,13,3,)		(10,9,4,)		(10,9,5,)		(10,7,1,6,)		(10,7,)		(10,13,8,)		(10,9,)		(10,)		(10,11,)	(10,7,1,12,)		(10,13,)		(10,11,15,14,)		(10,11,15,)		|
|	(11,1,)		(11,1,12,2,)		(11,15,14,3,)		(11,1,4,)		(11,8,9,5,)		(11,6,)		(11,8,7,)		(11,8,)		(11,8,9,)		(11,8,10,)		(11,)	(11,1,12,)		(11,15,13,)		(11,15,14,)		(11,15,)		|
|	(12,2,7,1,)		(12,2,)		(12,5,3,)		(12,13,4,)		(12,5,)		(12,2,7,1,6,)		(12,2,7,)		(12,13,8,)		(12,13,9,)		(12,13,8,10,)		(12,2,7,11,)		(12,)		(12,13,)		(12,2,7,1,14,)		(12,2,7,11,15,)		|
|	(13,8,1,)		(13,3,2,)		(13,3,)		(13,4,)		(13,9,5,)		(13,8,1,6,)		(13,8,7,)		(13,8,)		(13,9,)		(13,8,10,)		(13,8,10,11,)	(13,8,1,12,)		(13,)		(13,3,14,)		(13,8,10,11,15,)		|
|	(14,13,8,1,)		(14,2,)		(14,3,)		(14,13,4,)		(14,13,9,5,)		(14,13,8,1,6,)		(14,13,8,7,)		(14,13,8,)		(14,13,9,)		(14,13,8,10,)		(14,11,)		(14,13,8,1,12,)		(14,13,)		(14,)		(14,11,15,)		|
|	(15,13,8,1,)		(15,12,2,)		(15,14,3,)		(15,4,)		(15,9,5,)		(15,6,)		(15,13,8,7,)		(15,13,8,)		(15,9,)		(15,13,8,10,)		(15,14,11,)		(15,12,)		(15,13,)		(15,14,)		(15,)		|
Hop Count Matrix :
|0	2	2	1	2	1	3	3	2	2	2	1	2	1	3		|
|2	0	3	3	2	3	1	3	3	4	2	3	2	3	3		|
|3	1	0	2	3	4	2	2	2	3	4	4	1	1	5		|
|4	2	1	0	2	5	3	2	1	3	4	5	2	2	5		|
|2	2	1	3	0	3	1	3	3	4	2	3	2	2	3		|
|3	1	3	3	3	0	2	3	2	1	2	4	2	4	3		|
|1	1	2	2	1	2	0	2	2	3	1	2	1	2	2		|
|1	2	3	2	2	2	1	0	1	1	2	2	2	2	3		|
|2	3	2	1	1	3	2	1	0	2	3	3	3	3	4		|
|2	1	2	2	2	3	1	2	1	0	1	3	1	3	2		|
|1	3	3	2	3	1	2	1	2	2	0	2	2	2	1		|
|3	1	2	2	1	4	2	2	2	3	3	0	1	4	4		|
|2	2	1	1	2	3	2	1	1	2	3	3	0	2	4		|
|3	1	1	2	3	4	3	2	2	3	1	4	1	0	2		|
|3	2	2	1	2	1	3	2	1	3	2	1	1	1	0		|
Congestion Edge Matrix :
|0.00	-nan	-nan	258.89	-nan	26.45	-nan	-nan	-nan	-nan	-nan	254.30	-nan	272.90	-nan		|
|-nan	0.00	-nan	-nan	-nan	-nan	214.19	-nan	-nan	-nan	-nan	-nan	-nan	-nan	-nan		|
|-nan	19.17	0.00	-nan	-nan	-nan	-nan	-nan	-nan	-nan	-nan	-nan	243.62	203.17	-nan		|
|-nan	-nan	250.66	0.00	-nan	-nan	-nan	-nan	187.82	-nan	-nan	-nan	-nan	-nan	-nan		|
|-nan	-nan	182.75	-nan	0.00	-nan	267.23	-nan	-nan	-nan	-nan	-nan	-nan	-nan	-nan		|
|-nan	117.97	-nan	-nan	-nan	0.00	-nan	-nan	-nan	219.08	-nan	-nan	-nan	-nan	-nan		|
|4.69	172.29	-nan	-nan	174.06	-nan	0.00	-nan	-nan	-nan	223.63	-nan	11.03	-nan	-nan		|
|255.37	-nan	-nan	-nan	-nan	-nan	242.39	0.00	222.08	15.27	-nan	-nan	-nan	-nan	-nan		|
|-nan	-nan	-nan	20.50	157.10	-nan	-nan	257.99	0.00	-nan	-nan	-nan	-nan	-nan	-nan		|
|-nan	194.81	-nan	-nan	-nan	-nan	170.29	-nan	207.33	0.00	242.83	-nan	262.17	-nan	-nan		|
|243.74	-nan	-nan	-nan	-nan	100.10	-nan	229.10	-nan	-nan	0.00	-nan	-nan	-nan	268.67		|
|-nan	2.14	-nan	-nan	257.77	-nan	-nan	-nan	-nan	-nan	-nan	0.00	260.33	-nan	-nan		|
|-nan	-nan	253.09	176.39	-nan	-nan	-nan	15.45	163.32	-nan	-nan	-nan	0.00	-nan	-nan		|
|-nan	148.72	207.81	-nan	-nan	-nan	-nan	-nan	-nan	-nan	271.88	-nan	13.24	0.00	-nan		|
|-nan	-nan	-nan	143.51	-nan	144.87	-nan	-nan	211.57	-nan	-nan	104.46	10.36	13.14	0.00		|

Predicted Path Delay Matrix :
|0	92	188	93	189	10	186	109	184	109	196	91	103	98	294		|
|96	0	193	189	187	106	94	104	193	110	191	187	98	194	289		|
|103	7	0	182	194	113	101	96	185	102	192	194	90	94	290		|
|198	102	95	0	182	208	196	184	91	190	280	289	185	189	378		|
|101	97	90	194	0	111	99	109	198	115	196	192	103	184	294		|
|194	98	287	201	282	0	192	198	191	99	189	285	192	292	287		|
|2	93	99	95	93	12	0	10	99	16	97	93	4	100	195		|
|94	103	191	102	183	104	92	0	92	6	96	185	96	192	194		|
|187	112	105	10	91	197	185	93	0	99	189	278	189	199	287		|
|98	97	188	102	183	108	96	99	92	0	90	189	93	193	188		|
|92	184	197	185	281	91	190	98	190	104	0	183	105	103	98		|
|97	1	188	189	98	107	95	103	192	109	192	0	97	195	290		|
|100	102	95	92	186	110	98	6	95	12	102	191	0	189	200		|
|105	92	94	97	191	115	103	11	100	17	98	196	5	0	196		|
|107	92	99	92	186	94	105	13	95	19	103	91	7	5	0		|

Final Congestion Actual Delay Matrix :
|0.00	256.44	509.55	258.89	512.07	26.45	470.63	301.59	446.71	245.53	544.79	254.30	286.14	272.90	813.46		|
|218.89	0.00	478.31	477.78	388.25	245.34	214.19	240.67	388.54	255.94	437.83	473.18	225.22	491.79	706.49		|
|238.05	19.17	0.00	420.01	407.42	264.50	233.36	259.07	406.94	274.34	517.17	492.35	243.62	203.17	785.84		|
|488.72	269.83	250.66	0.00	344.92	515.16	484.02	445.82	187.82	461.09	703.92	743.01	494.28	453.83	972.58		|
|271.92	201.92	182.75	530.81	0.00	298.37	267.23	293.70	441.58	308.97	490.86	526.22	278.25	385.92	759.53		|
|336.86	117.97	734.34	446.91	583.51	0.00	332.16	496.70	426.41	219.08	461.90	591.15	481.25	609.76	730.57		|
|4.69	172.29	264.11	263.59	174.06	31.14	0.00	26.47	174.35	41.74	223.63	258.99	11.03	277.60	492.30		|
|255.37	210.08	506.50	242.58	379.18	281.82	242.39	0.00	222.08	15.27	258.10	509.67	253.42	528.28	526.77		|
|513.37	290.33	271.17	20.50	157.10	539.82	500.39	257.99	0.00	273.27	516.09	767.66	511.41	474.34	784.76		|
|174.99	194.81	515.26	227.84	364.43	201.43	170.29	277.62	207.33	0.00	242.83	429.28	262.17	524.64	511.50		|
|243.74	500.18	489.61	502.63	608.28	100.10	471.49	229.10	451.18	244.37	0.00	498.04	279.03	281.81	268.67		|
|221.03	2.14	440.52	436.72	257.77	247.48	216.34	275.78	423.65	291.05	439.97	0.00	260.33	493.93	708.64		|
|270.82	272.25	253.09	176.39	320.42	297.27	257.84	15.45	163.32	30.72	273.55	525.11	0.00	456.26	542.21		|
|284.05	148.72	207.81	189.62	333.66	310.50	271.07	28.68	176.56	43.95	271.88	538.35	13.24	0.00	540.55		|
|281.18	106.60	220.95	143.51	368.67	144.87	268.20	25.81	211.57	41.08	285.02	104.46	10.36	13.14	0.00		|
*****************Final Output :*****************

Shorest Path between source 3 and destination 15 is: 290.


Shorest Path between source 3 and destination 15 is: 785.84.

Hop Count for source 3 and destination 15 is: 5.

Total Running Time of the Algorithm in Seconds is 0.0024330


Total no.of Key-Basic Operations are : 8112

*********************************************
****************************************************

GivenExampleStrategy

Size of Given input Graph is : 15
Path Matrix :
|	(1,)		(1,12,2,)		(1,4,3,)		(1,4,)		(1,12,5,)		(1,6,)		(1,12,2,7,)		(1,14,13,8,)		(1,4,9,)		(1,6,10,)		(1,14,11,)		(1,12,)		(1,14,13,)		(1,14,)		(1,14,11,15,)		|
|	(2,7,1,)		(2,)		(2,7,13,3,)		(2,7,1,4,)		(2,7,5,)		(2,7,1,6,)		(2,7,)		(2,7,13,8,)		(2,7,13,9,)		(2,7,13,8,10,)		(2,7,11,)		(2,7,1,12,)		(2,7,13,)		(2,7,1,14,)		(2,7,11,15,)		|
|	(3,2,7,1,)		(3,2,)		(3,)		(3,13,4,)		(3,2,7,5,)		(3,2,7,1,6,)		(3,2,7,)		(3,13,8,)		(3,13,9,)		(3,13,8,10,)		(3,13,8,10,11,)		(3,2,7,1,12,)		(3,13,)		(3,14,)		(3,13,8,10,11,15,)		|
|	(4,3,2,7,1,)		(4,3,2,)		(4,3,)		(4,)		(4,9,5,)		(4,3,2,7,1,6,)		(4,3,2,7,)		(4,9,8,)		(4,9,)		(4,9,8,10,)		(4,9,8,10,11,)		(4,3,2,7,1,12,)		(4,3,13,)		(4,3,14,)		(4,9,8,10,11,15,)		|
|	(5,7,1,)		(5,3,2,)		(5,3,)		(5,7,1,4,)		(5,)		(5,7,1,6,)		(5,7,)		(5,7,13,8,)		(5,7,13,9,)		(5,7,13,8,10,)		(5,7,11,)		(5,7,1,12,)		(5,7,13,)		(5,3,14,)		(5,7,11,15,)		|
|	(6,2,7,1,)		(6,2,)		(6,10,13,3,)		(6,10,9,4,)		(6,10,9,5,)		(6,)		(6,2,7,)		(6,10,13,8,)		(6,10,9,)		(6,10,)		(6,10,11,)		(6,2,7,1,12,)		(6,10,13,)		(6,2,7,1,14,)		(6,10,11,15,)		|
|	(7,1,)		(7,2,)		(7,13,3,)		(7,1,4,)		(7,5,)		(7,1,6,)		(7,)		(7,13,8,)		(7,13,9,)		(7,13,8,10,)		(7,11,)		(7,1,12,)		(7,13,)		(7,1,14,)		(7,11,15,)		|
|	(8,1,)		(8,10,2,)		(8,7,13,3,)		(8,9,4,)		(8,9,5,)		(8,1,6,)		(8,7,)		(8,)		(8,9,)		(8,10,)		(8,10,11,)		(8,1,12,)		(8,7,13,)		(8,1,14,)		(8,10,11,15,)		|
|	(9,8,1,)		(9,4,3,2,)		(9,4,3,)		(9,4,)		(9,5,)		(9,8,1,6,)		(9,8,7,)		(9,8,)		(9,)		(9,8,10,)		(9,8,10,11,)	(9,8,1,12,)		(9,8,7,13,)		(9,4,3,14,)		(9,8,10,11,15,)		|
|	(10,7,1,)		(10,2,)		(10,13,3,)		(10,9,4,)		(10,9,5,)		(10,7,1,6,)		(10,7,)		(10,13,8,)		(10,9,)		(10,)		(10,11,)	(10,7,1,12,)		(10,13,)		(10,11,15,14,)		(10,11,15,)		|
|	(11,1,)		(11,1,12,2,)		(11,15,14,3,)		(11,1,4,)		(11,8,9,5,)		(11,6,)		(11,8,7,)		(11,8,)		(11,8,9,)		(11,8,10,)		(11,)	(11,1,12,)		(11,15,13,)		(11,15,14,)		(11,15,)		|
|	(12,2,7,1,)		(12,2,)		(12,5,3,)		(12,13,4,)		(12,5,)		(12,2,7,1,6,)		(12,2,7,)		(12,13,8,)		(12,13,9,)		(12,13,8,10,)		(12,2,7,11,)		(12,)		(12,13,)		(12,2,7,1,14,)		(12,2,7,11,15,)		|
|	(13,8,1,)		(13,3,2,)		(13,3,)		(13,4,)		(13,9,5,)		(13,8,1,6,)		(13,8,7,)		(13,8,)		(13,9,)		(13,8,10,)		(13,8,10,11,)	(13,8,1,12,)		(13,)		(13,3,14,)		(13,8,10,11,15,)		|
|	(14,13,8,1,)		(14,2,)		(14,3,)		(14,13,4,)		(14,13,9,5,)		(14,13,8,1,6,)		(14,13,8,7,)		(14,13,8,)		(14,13,9,)		(14,13,8,10,)		(14,11,)		(14,13,8,1,12,)		(14,13,)		(14,)		(14,11,15,)		|
|	(15,13,8,1,)		(15,12,2,)		(15,14,3,)		(15,4,)		(15,9,5,)		(15,6,)		(15,13,8,7,)		(15,13,8,)		(15,9,)		(15,13,8,10,)		(15,14,11,)		(15,12,)		(15,13,)		(15,14,)		(15,)		|
Hop Count Matrix :
|0	2	2	1	2	1	3	3	2	2	2	1	2	1	3		|
|2	0	3	3	2	3	1	3	3	4	2	3	2	3	3		|
|3	1	0	2	3	4	2	2	2	3	4	4	1	1	5		|
|4	2	1	0	2	5	3	2	1	3	4	5	2	2	5		|
|2	2	1	3	0	3	1	3	3	4	2	3	2	2	3		|
|3	1	3	3	3	0	2	3	2	1	2	4	2	4	3		|
|1	1	2	2	1	2	0	2	2	3	1	2	1	2	2		|
|1	2	3	2	2	2	1	0	1	1	2	2	2	2	3		|
|2	3	2	1	1	3	2	1	0	2	3	3	3	3	4		|
|2	1	2	2	2	3	1	2	1	0	1	3	1	3	2		|
|1	3	3	2	3	1	2	1	2	2	0	2	2	2	1		|
|3	1	2	2	1	4	2	2	2	3	3	0	1	4	4		|
|2	2	1	1	2	3	2	1	1	2	3	3	0	2	4		|
|3	1	1	2	3	4	3	2	2	3	1	4	1	0	2		|
|3	2	2	1	2	1	3	2	1	3	2	1	1	1	0		|

Congestion Edge Matrix :
|0.00	na	na	682.00	na	81.25	na	na	na	na	na	3981.25	na	6468.00	na		|
|na	0.00	na	na	na	na	388.90	na	na	na	na	na	na	na	na		|
|na	186.67	0.00	na	na	na	na	na	na	na	na	na	4266.00	329.00	na		|
|na	na	1330.00	0.00	na	na	na	na	314.04	na	na	na	na	na	na		|
|na	na	300.00	na	0.00	na	1221.00	na	na	na	na	na	na	na	na		|
|na	119.78	na	na	na	0.00	na	na	na	315.00	na	na	na	na	na		|
|10.35	217.00	na	na	220.88	na	0.00	na	na	na	414.45	na	122.00	na	na		|
|1087.71	na	na	na	na	na	828.00	0.00	490.67	72.12	na	na	na	na	na		|
|na	na	na	33.73	190.92	na	na	5487.00	0.00	na	na	na	na	na	na		|
|na	266.75	na	na	na	na	200.73	na	345.00	0.00	3096.00	na	1348.50	na	na		|
|2189.60	na	na	na	na	100.10	na	477.75	na	na	0.00	na	na	na	5929.00		|
|na	3.86	na	na	2116.80	na	na	na	na	na	na	0.00	2910.00	na	na		|
|na	na	988.00	230.00	na	na	na	76.47	197.45	na	na	na	0.00	na	na		|
|na	170.86	444.20	na	na	na	na	na	na	na	1225.00	na	77.00	0.00	na		|
|na	na	na	161.00	na	162.36	na	na	399.00	na	na	105.27	11.25	105.00	0.00		|

Predicted Path Delay Matrix :
|0	92	188	93	189	10	186	109	184	109	196	91	103	98	294		|
|96	0	193	189	187	106	94	104	193	110	191	187	98	194	289		|
|103	7	0	182	194	113	101	96	185	102	192	194	90	94	290		|
|198	102	95	0	182	208	196	184	91	190	280	289	185	189	378		|
|101	97	90	194	0	111	99	109	198	115	196	192	103	184	294		|
|194	98	287	201	282	0	192	198	191	99	189	285	192	292	287		|
|2	93	99	95	93	12	0	10	99	16	97	93	4	100	195		|
|94	103	191	102	183	104	92	0	92	6	96	185	96	192	194		|
|187	112	105	10	91	197	185	93	0	99	189	278	189	199	287		|
|98	97	188	102	183	108	96	99	92	0	90	189	93	193	188		|
|92	184	197	185	281	91	190	98	190	104	0	183	105	103	98		|
|97	1	188	189	98	107	95	103	192	109	192	0	97	195	290		|
|100	102	95	92	186	110	98	6	95	12	102	191	0	189	200		|
|105	92	94	97	191	115	103	11	100	17	98	196	5	0	196		|
|107	92	99	92	186	94	105	13	95	19	103	91	7	5	0		|

Congestion Actual Delay Matrix :
|0.00	3985.11	2012.00	682.00	6098.05	81.25	4374.01	6621.47	996.04	396.25	7693.00	3981.25	6545.00	6468.00	13622.00		|
|399.25	0.00	1498.90	1081.25	609.78	480.50	388.90	587.37	708.35	659.49	803.36	4380.50	510.90	6867.25	6732.36		|
|585.92	186.67	0.00	4496.00	796.44	667.17	575.57	4342.47	4463.45	4414.59	7510.59	4567.17	4266.00	329.00	13439.59		|
|1915.92	1516.67	1330.00	0.00	504.96	1997.17	1905.57	5801.04	314.04	5873.16	8969.16	5897.17	5596.00	1659.00	14898.16		|
|1231.35	486.67	300.00	1913.35	0.00	1312.60	1221.00	1419.47	1540.45	1491.59	1635.45	5212.60	1343.00	629.00	7564.45		|
|519.03	119.78	2651.50	693.73	850.92	0.00	508.68	1739.97	660.00	315.00	3411.00	4500.28	1663.50	6987.03	9340.00		|
|10.35	217.00	1110.00	692.35	220.88	91.60	0.00	198.47	319.45	270.59	414.45	3991.60	122.00	6478.35	6343.45		|
|1087.71	338.87	1938.00	524.39	681.59	1168.96	828.00	0.00	490.67	72.12	3168.12	5068.96	950.00	7555.71	9097.12		|
|6574.71	1550.39	1363.73	33.73	190.92	6655.96	6315.00	5487.00	0.00	5559.12	8655.12	10555.96	6437.00	1692.73	14584.12		|
|211.08	266.75	2336.50	378.73	535.92	292.33	200.73	1424.97	345.00	0.00	3096.00	4192.33	1348.50	9130.00	9025.00		|
|2189.60	6174.71	6478.20	2871.60	1159.34	100.10	1305.75	477.75	968.42	549.87	0.00	6170.85	5940.25	6034.00	5929.00		|
|403.12	3.86	2416.80	3140.00	2116.80	484.37	392.76	2986.47	3107.45	3058.59	807.22	0.00	2910.00	6871.12	6736.22		|
|1164.18	1174.67	988.00	230.00	388.37	1245.43	904.47	76.47	197.45	148.59	3244.59	5145.43	0.00	1317.00	9173.59		|
|1241.18	170.86	444.20	307.00	465.37	1322.43	981.47	153.47	274.45	225.59	1225.00	5222.43	77.00	0.00	7154.00		|
|1175.44	109.14	549.20	161.00	589.92	162.36	915.73	87.73	399.00	159.84	1330.00	105.27	11.25	105.00	0.00		|
*****************Final Output :*****************

Shorest Path between source 3 and destination 15 is: 290.


Shorest Path between source 3 and destination 15 is: 13439.59.


Hop Count for source 3 and destination 15 is: 5.

Total Running Time of the Algorithm in Seconds is 0.0024530


Total no.of Key-Basic Operations are : 1914

***********************************


