****************************************************

SingleNodeAtATime

Size of Given input Graph is : 10
Path Matrix :
|	(1,)		(1,4,2,)		(2,0,0,0,0,0,0,0,0,0,3,)		(1,4,)		(2,0,0,0,0,0,0,0,0,0,5,)		(1,6,)		(11,0,0,0,0,0,0,0,0,0,7,)		(11,0,0,0,0,0,0,0,0,0,8,)	(11,0,0,0,0,0,0,0,0,0,9,)		(1,0,0,0,0,0,0,0,0,0,10,)		|
|	(2,0,0,0,0,0,0,0,0,0,1,)		(2,0,)		(3,0,0,0,0,0,0,0,0,0,3,)		(2,4,0,)		(12,0,0,0,0,0,0,0,0,0,5,)		(2,17,0,0,0,0,0,0,0,0,6,0,)		(2,0,0,0,0,0,18,0,0,0,0,0,0,0,0,0,2,)		(2,0,0,0,0,0,0,19,0,0,0,0,2,0,0,0,0,0,)		(2,0,0,0,0,0,0,0,20,0,0,0,2,0,0,0,0,0,0,)		(2,0,0,0,0,0,0,0,0,0,0,0,2,0,0,0,0,0,0,0,)		|
|	(4,0,0,0,0,0,0,0,0,0,1,)		(3,2,0,0,)		(3,)		(3,2,4,)		(13,0,0,0,0,0,0,0,0,0,5,)		(3,0,17,0,0,0,0,0,0,0,6,0,0,)		(3,0,0,0,0,0,18,0,0,0,0,0,0,0,0,3,0,)	(3,0,0,0,0,0,0,19,0,0,0,0,3,0,0,0,0,0,)		(3,0,0,0,0,0,0,0,20,0,0,0,3,0,0,0,0,0,0,)		(3,0,0,0,0,0,0,0,0,0,0,0,3,0,0,0,0,0,0,0,)		|
|	(5,0,0,0,0,0,0,0,0,0,1,)		(4,2,0,0,0,)		(4,0,0,0,0,0,0,0,0,0,3,)		(4,0,0,0,)		(14,0,0,0,0,0,0,0,0,0,5,)		(4,0,0,17,0,0,0,0,0,0,6,0,0,0,)		(4,0,0,0,0,0,18,0,0,0,0,0,0,0,4,0,0,)		(4,0,0,0,0,0,0,19,0,0,0,0,4,0,0,0,0,0,)		(4,0,0,0,0,0,0,0,20,0,0,0,4,0,0,0,0,0,0,)		(4,0,0,0,0,0,0,0,0,0,0,0,4,0,0,0,0,0,0,0,)		|
|	(7,0,0,0,0,0,0,0,0,0,1,)		(5,4,2,0,0,0,0,)		(5,3,)		(5,4,)		(5,)		(7,0,0,0,0,0,0,0,0,0,6,)		(5,8,7,0,0,0,0,)		(5,8,)		(15,0,0,0,0,0,0,0,0,0,9,)		(5,0,0,0,0,0,0,0,0,0,10,0,0,0,0,)		|
|	(8,0,0,0,0,0,0,0,0,0,1,)		(6,4,2,0,0,0,0,0,)		(7,0,0,0,0,0,0,0,0,0,3,)		(6,4,0,0,0,0,0,)		(6,0,0,0,0,0,0,0,0,0,5,)		(6,0,0,0,0,0,)		(16,0,0,0,0,0,0,0,0,0,7,)		(6,0,0,0,0,19,0,0,0,0,8,0,0,0,0,0,)		(6,0,0,0,0,0,0,0,20,0,0,0,0,0,6,0,0,0,0,)		(6,0,0,0,0,0,0,0,0,0,0,0,6,0,0,0,0,0,0,0,)		|
|	(9,0,0,0,0,0,0,0,0,0,1,)		(7,3,2,0,0,0,0,0,0,)		(7,3,)		(7,3,2,4,)		(17,0,0,0,0,0,0,0,0,0,5,)		(7,0,0,0,0,0,7,0,0,0,6,0,0,0,0,0,0,)		(0,7,0,0,0,0,0,)	(17,0,0,0,0,0,0,0,0,0,8,)		(7,0,0,0,0,0,20,0,0,0,9,0,0,0,0,0,0,)		(7,0,0,0,0,0,0,0,0,0,0,0,0,0,7,0,0,0,0,0,)		|
|	(11,0,0,0,0,0,0,0,0,0,1,)		(10,7,3,2,0,0,0,0,0,0,0,)		(8,7,3,0,0,0,0,0,0,0,)		(8,7,3,2,4,)		(18,0,0,0,0,0,0,0,0,0,5,)		(8,0,0,0,0,0,0,8,0,0,6,0,0,0,0,0,0,0,)		(8,8,0,0,0,0,0,0,)		(8,)		(18,0,0,0,0,0,0,0,0,0,9,)		(8,0,0,0,0,0,0,0,0,0,10,0,0,0,0,0,0,0,)		|
|	(12,0,0,0,0,0,0,0,0,0,1,)		(9,7,4,2,0,0,0,0,0,0,0,0,)		(9,5,3,0,0,0,9,)		(9,5,4,)		(9,5,)		(12,0,0,0,0,0,0,0,0,0,6,)		(9,7,8,7,0,0,0,0,0,0,0,0,)	(9,5,8,0,0,0,9,)		(9,)		(9,0,0,0,0,0,0,0,0,0,10,)		|
|	(10,1,)		(10,2,)		(10,5,3,)		(10,1,4,)		(10,5,)		(10,1,6,)		(10,7,)		(10,5,8,)		(10,0,0,0,0,0,0,0,0,0,9,)		(10,0,0,0,0,0,0,0,0,0,)|
Hop Count Matrix :
|0	2	10	1	10	1	10	10	10	10		|
|10	1	10	2	10	11	16	17	18	19		|
|10	3	0	2	10	12	16	17	18	19		|
|10	4	10	3	10	13	16	17	18	19		|
|10	6	1	1	0	10	6	1	10	14		|
|10	7	10	6	10	5	10	15	18	19		|
|10	8	1	3	10	16	6	10	16	19		|
|10	10	9	4	10	17	7	0	10	17		|
|10	11	6	2	1	10	11	6	0	10		|
|1	1	2	2	1	2	1	2	10	9		|
Congestion Edge Matrix :
|0.00	-nan	-nan	155.41	-nan	39.90	-nan	-nan	-nan	-nan		|
|-nan	0.00	-nan	244.76	-nan	-nan	-nan	-nan	-nan	-nan		|
|-nan	249.32	0.00	-nan	-nan	-nan	-nan	-nan	-nan	-nan		|
|-nan	16.48	-nan	0.00	-nan	-nan	-nan	-nan	-nan	-nan		|
|-nan	-nan	209.26	163.28	0.00	-nan	-nan	116.86	-nan	-nan		|
|-nan	-nan	-nan	149.78	-nan	0.00	-nan	-nan	-nan	-nan		|
|-nan	-nan	230.13	-nan	-nan	-nan	0.00	-nan	-nan	-nan		|
|-nan	-nan	-nan	-nan	-nan	-nan	203.21	0.00	-nan	-nan		|
|-nan	-nan	-nan	-nan	129.60	-nan	-nan	-nan	0.00	-nan		|
|5.06	122.56	-nan	-nan	218.04	-nan	224.19	-nan	-nan	0.00		|

Predicted Path Delay Matrix :
|0	100	10000000	93	10000000	10	10000000	10000000	10000000	10000000		|
|10000000	0	10000000	98	10000000	10000000	10000000	10000000	10000000	10000000		|
|10000000	94	0	192	10000000	10000000	10000000	10000000	10000000	10000000		|
|10000000	7	10000000	0	10000000	10000000	10000000	10000000	10000000	10000000		|
|10000000	101	90	94	0	10000000	193	95	10000000	10000000		|
|10000000	98	10000000	91	10000000	0	10000000	10000000	10000000	10000000		|
|10000000	184	90	282	10000000	10000000	0	10000000	10000000	10000000		|
|10000000	282	188	380	10000000	10000000	98	0	10000000	10000000		|
|10000000	200	189	193	99	10000000	292	194	0	10000000		|
|2	93	183	95	93	12	95	188	10000000	0		|

Final Congestion Actual Delay Matrix :
|0.00	171.89	0.00	155.41	0.00	39.90	-nan	-nan	-nan	0.00		|
|0.00	0.00	0.00	489.52	256216430123854526929787342255292416.00	-nan	-nan	-nan	-nan	0.00		|
|0.00	498.64	0.00	494.08	4.00	-nan	-nan	-nan	-nan	0.00		|
|0.00	32.95	0.00	0.00	0.00	43.90	-nan	-nan	-nan	0.00		|
|0.00	179.75	209.26	163.28	0.00	0.00	320.07	116.86	0.00	0.00		|
|0.00	166.25	0.00	299.56	0.00	0.00	0.00	-nan	-nan	0.00		|
|0.00	479.45	230.13	-nan	4.00	0.00	0.00	-nan	-nan	0.00		|
|0.00	703.64	433.34	927.42	0.00	0.00	203.21	0.00	0.00	0.00		|
|256216430123854526929787342255292416.00	-nan	338.86	292.88	129.60	256216430123854526929787342255292416.00	-nan	246.46	0.00	0.00		|
|5.06	122.56	427.29	160.47	218.04	44.96	224.19	334.90	0.00	0.00		|
*****************Final Output :*****************

Shorest Path between source 8 and destination 2 is: 282.


Shorest Path between source 8 and destination 2 is: 703.64.

Hop Count for source 8 and destination 2 is: 10.

Total Running Time of the Algorithm in Seconds is 0.0012560


Total no.of Key-Basic Operations are : 5659

*********************************************
****************************************************

GivenExampleStrategy

Size of Given input Graph is : 10
Path Matrix :
|	(1,)		(1,4,2,)		(2,0,0,0,0,0,0,0,0,0,3,)		(1,4,)		(2,0,0,0,0,0,0,0,0,0,5,)		(1,6,)		(11,0,0,0,0,0,0,0,0,0,7,)		(11,0,0,0,0,0,0,0,0,0,8,)	(11,0,0,0,0,0,0,0,0,0,9,)		(1,0,0,0,0,0,0,0,0,0,10,)		|
|	(2,0,0,0,0,0,0,0,0,0,1,)		(2,0,)		(3,0,0,0,0,0,0,0,0,0,3,)		(2,4,0,)		(12,0,0,0,0,0,0,0,0,0,5,)		(2,17,0,0,0,0,0,0,0,0,6,0,)		(2,0,0,0,0,0,18,0,0,0,0,0,0,0,0,0,2,)		(2,0,0,0,0,0,0,19,0,0,0,0,2,0,0,0,0,0,)		(2,0,0,0,0,0,0,0,20,0,0,0,2,0,0,0,0,0,0,)		(2,0,0,0,0,0,0,0,0,0,0,0,2,0,0,0,0,0,0,0,)		|
|	(4,0,0,0,0,0,0,0,0,0,1,)		(3,2,0,0,)		(3,)		(3,2,4,)		(13,0,0,0,0,0,0,0,0,0,5,)		(3,0,17,0,0,0,0,0,0,0,6,0,0,)		(3,0,0,0,0,0,18,0,0,0,0,0,0,0,0,3,0,)	(3,0,0,0,0,0,0,19,0,0,0,0,3,0,0,0,0,0,)		(3,0,0,0,0,0,0,0,20,0,0,0,3,0,0,0,0,0,0,)		(3,0,0,0,0,0,0,0,0,0,0,0,3,0,0,0,0,0,0,0,)		|
|	(5,0,0,0,0,0,0,0,0,0,1,)		(4,2,0,0,0,)		(4,0,0,0,0,0,0,0,0,0,3,)		(4,0,0,0,)		(14,0,0,0,0,0,0,0,0,0,5,)		(4,0,0,17,0,0,0,0,0,0,6,0,0,0,)		(4,0,0,0,0,0,18,0,0,0,0,0,0,0,4,0,0,)		(4,0,0,0,0,0,0,19,0,0,0,0,4,0,0,0,0,0,)		(4,0,0,0,0,0,0,0,20,0,0,0,4,0,0,0,0,0,0,)		(4,0,0,0,0,0,0,0,0,0,0,0,4,0,0,0,0,0,0,0,)		|
|	(7,0,0,0,0,0,0,0,0,0,1,)		(5,4,2,0,0,0,0,)		(5,3,)		(5,4,)		(5,)		(7,0,0,0,0,0,0,0,0,0,6,)		(5,8,7,0,0,0,0,)		(5,8,)		(15,0,0,0,0,0,0,0,0,0,9,)		(5,0,0,0,0,0,0,0,0,0,10,0,0,0,0,)		|
|	(8,0,0,0,0,0,0,0,0,0,1,)		(6,4,2,0,0,0,0,0,)		(7,0,0,0,0,0,0,0,0,0,3,)		(6,4,0,0,0,0,0,)		(6,0,0,0,0,0,0,0,0,0,5,)		(6,0,0,0,0,0,)		(16,0,0,0,0,0,0,0,0,0,7,)		(6,0,0,0,0,19,0,0,0,0,8,0,0,0,0,0,)		(6,0,0,0,0,0,0,0,20,0,0,0,0,0,6,0,0,0,0,)		(6,0,0,0,0,0,0,0,0,0,0,0,6,0,0,0,0,0,0,0,)		|
|	(9,0,0,0,0,0,0,0,0,0,1,)		(7,3,2,0,0,0,0,0,0,)		(7,3,)		(7,3,2,4,)		(17,0,0,0,0,0,0,0,0,0,5,)		(7,0,0,0,0,0,7,0,0,0,6,0,0,0,0,0,0,)		(0,7,0,0,0,0,0,)	(17,0,0,0,0,0,0,0,0,0,8,)		(7,0,0,0,0,0,20,0,0,0,9,0,0,0,0,0,0,)		(7,0,0,0,0,0,0,0,0,0,0,0,0,0,7,0,0,0,0,0,)		|
|	(11,0,0,0,0,0,0,0,0,0,1,)		(10,7,3,2,0,0,0,0,0,0,0,)		(8,7,3,0,0,0,0,0,0,0,)		(8,7,3,2,4,)		(18,0,0,0,0,0,0,0,0,0,5,)		(8,0,0,0,0,0,0,8,0,0,6,0,0,0,0,0,0,0,)		(8,8,0,0,0,0,0,0,)		(8,)		(18,0,0,0,0,0,0,0,0,0,9,)		(8,0,0,0,0,0,0,0,0,0,10,0,0,0,0,0,0,0,)		|
|	(12,0,0,0,0,0,0,0,0,0,1,)		(9,7,4,2,0,0,0,0,0,0,0,0,)		(9,5,3,0,0,0,9,)		(9,5,4,)		(9,5,)		(12,0,0,0,0,0,0,0,0,0,6,)		(9,7,8,7,0,0,0,0,0,0,0,0,)	(9,5,8,0,0,0,9,)		(9,)		(9,0,0,0,0,0,0,0,0,0,10,)		|
|	(10,1,)		(10,2,)		(10,5,3,)		(10,1,4,)		(10,5,)		(10,1,6,)		(10,7,)		(10,5,8,)		(10,0,0,0,0,0,0,0,0,0,9,)		(10,0,0,0,0,0,0,0,0,0,)|
Hop Count Matrix :
|0	2	10	1	10	1	10	10	10	10		|
|10	1	10	2	10	11	16	17	18	19		|
|10	3	0	2	10	12	16	17	18	19		|
|10	4	10	3	10	13	16	17	18	19		|
|10	6	1	1	0	10	6	1	10	14		|
|10	7	10	6	10	5	10	15	18	19		|
|10	8	1	3	10	16	6	10	16	19		|
|10	10	9	4	10	17	7	0	10	17		|
|10	11	6	2	1	10	11	6	0	10		|
|1	1	2	2	1	2	1	2	10	9		|

Congestion Edge Matrix :
|0.00	na	na	175.67	na	-nan	-nan	-nan	-nan	na		|
|na	0.00	na	637.00	na	na	na	na	na	na		|
|na	1958.33	0.00	na	na	-nan	na	na	na	na		|
|na	34.00	na	0.02	na	na	na	na	na	na		|
|na	na	432.00	195.83	0.00	na	na	113.00	na	na		|
|na	na	na	170.62	na	0.00	na	na	na	na		|
|na	na	1096.36	-nan	na	na	0.03	-nan	na	na		|
|na	na	na	na	na	na	294.00	0.00	na	na		|
|na	na	na	na	132.00	na	-nan	na	0.03	na		|
|9.00	126.82	na	na	496.00	na	475.00	na	na	0.00		|

Predicted Path Delay Matrix :
|0	100	10000000	93	10000000	10	10000000	10000000	10000000	10000000		|
|10000000	0	10000000	98	10000000	10000000	10000000	10000000	10000000	10000000		|
|10000000	94	0	192	10000000	10000000	10000000	10000000	10000000	10000000		|
|10000000	7	10000000	0	10000000	10000000	10000000	10000000	10000000	10000000		|
|10000000	101	90	94	0	10000000	193	95	10000000	10000000		|
|10000000	98	10000000	91	10000000	0	10000000	10000000	10000000	10000000		|
|10000000	184	90	282	10000000	10000000	0	10000000	10000000	10000000		|
|10000000	282	188	380	10000000	10000000	98	0	10000000	10000000		|
|10000000	200	189	193	99	10000000	292	194	0	10000000		|
|2	93	183	95	93	12	95	188	10000000	0		|

Congestion Actual Delay Matrix :
|0.00	209.67	-4434247680.00	175.67	-4434247680.00	-nan	-nan	-nan	-nan	-4434247680.00		|
|-4434247680.00	0.00	-4434247680.00	-nan	-4434247680.00	-3879966720.00	-6651371520.00	-6651371520.00	-7205652480.00	-8868495360.00		|
|-nan	-554277056.00	0.00	2595.33	-4434247680.00	-nan	-6097090560.00	-6651371520.00	-7205652480.00	-8868495360.00		|
|-4434247680.00	-1108561920.00	-nan	-nan	-4434247680.00	-nan	-nan	-nan	-nan	-nan		|
|-4434247680.00	-1662842624.00	432.00	195.83	0.00	-4434247680.00	-1662842496.00	113.00	-4434247680.00	-6097090560.00		|
|-4434247680.00	-2217123584.00	-4434247680.00	-nan	-4434247680.00	-2217123840.00	-4434247680.00	-5542809600.00	-7205652480.00	-8868495360.00		|
|-4434247680.00	-2771401728.00	1096.36	-nan	-4434247680.00	-6097090560.00	-2217123840.00	-nan	-6097090560.00	-8868495360.00		|
|-4434247680.00	-3325682176.00	-3325684224.00	3985.70	-4434247680.00	-6651371520.00	-2771404544.00	0.00	-4434247680.00	-7759933440.00		|
|-4434247680.00	-3879966720.00	-1108561408.00	327.83	132.00	-4434247680.00	-nan	-1108561664.00	0.03	-4434247680.00		|
|9.00	126.82	928.00	184.67	496.00	9.00	475.00	609.00	-4434247680.00	-4434247680.00		|
*****************Final Output :*****************

Shorest Path between source 8 and destination 2 is: 282.


Shorest Path between source 8 and destination 2 is: -3325682176.00.


Hop Count for source 8 and destination 2 is: 10.

Total Running Time of the Algorithm in Seconds is 0.0012960


Total no.of Key-Basic Operations are : 2429

***********************************

