Final Congestion Actual Delay Matrix :
|0.00	13.92	17.92	27.89	34.89	41.64	50.03	58.10	63.87	69.46	77.34	83.42	107.71	105.74	119.60	125.24	130.82	141.96	153.30	161.46	169.82	178.19	186.47	197.72	200.31	211.65	217.23	234.15	231.15236.72	247.71	250.65	261.78	264.56	270.12	278.40	286.85	292.43	300.80	306.37	320.53	325.89	331.47	345.30	350.89	361.98	364.85	373.35	381.49	392.73		|
|8.40	0.00	0.00	13.96	20.96	27.72	36.10	44.17	49.95	55.54	63.41	69.50	93.79	91.82	105.68	111.32	116.89	128.04	139.38	147.54	155.90	164.27	172.55	183.80	186.39	197.73	203.30	220.23	217.23222.80	233.79	236.72	247.86	250.63	256.20	264.47	272.93	278.50	286.87	292.45	306.61	311.97	317.55	331.38	336.96	348.06	350.92	359.42	367.57	378.81		|
|16.78	8.38	0.00	13.92	20.92	27.67	36.06	44.13	49.90	55.49	63.37	69.46	93.74	91.78	105.63	111.27	116.85	127.99	139.34	147.50	155.86	164.23	172.50	183.76	186.34	197.69	203.26	220.18	217.19222.76	233.74	236.68	247.82	250.59	256.16	264.43	272.88	278.46	286.83	292.41	306.57	311.93	317.50	331.34	336.92	348.02	350.88	359.38	367.52	378.77		|
|22.17	13.77	17.77	0.00	7.00	13.75	22.14	30.21	35.98	41.57	49.45	55.54	79.82	77.86	91.71	97.35	102.93	114.07	125.41	133.57	141.94	150.31	158.58	169.83	172.42	183.77	189.34	206.26	203.26208.84	219.82	222.76	233.90	236.67	242.24	250.51	258.96	264.54	272.91	278.49	292.64	298.00	303.58	317.42	323.00	334.09	336.96	345.46	353.60	364.84		|
|33.18	24.78	16.40	5.31	0.00	11.14	19.52	27.59	33.37	38.96	46.84	52.92	77.21	75.24	89.10	94.74	100.31	111.46	122.80	130.96	139.32	147.69	155.97	167.22	169.81	181.15	186.72	203.65	200.65206.22	217.21	220.14	231.28	234.06	239.62	247.90	256.35	261.92	270.29	275.87	290.03	295.39	300.97	314.80	320.39	331.48	334.34	342.84	350.99	362.23		|
|41.87	33.47	21.40	19.70	0.00	0.00	8.39	16.45	22.23	27.82	35.70	41.78	66.07	64.10	77.96	83.60	89.17	100.32	111.66	119.82	128.18	136.55	144.83	156.08	158.67	170.01	175.59	192.51	189.51195.08	206.07	209.01	220.14	222.92	228.48	236.76	245.21	250.79	259.15	264.73	278.89	284.25	289.83	303.66	309.25	320.34	323.21	331.71	339.85	351.09		|
|52.65	44.24	35.87	24.77	19.46	10.00	0.00	26.45	13.84	19.44	27.31	33.40	57.68	55.72	69.57	75.21	80.79	91.94	103.28	111.44	119.80	128.17	136.44	147.70	150.28	161.63	167.20	184.12	181.13186.70	197.68	200.62	211.76	214.53	220.10	228.37	236.82	242.40	250.77	256.35	270.51	275.87	281.45	295.28	300.86	311.96	314.82	323.32	331.46	342.71		|
|58.68	50.28	44.30	36.51	27.90	16.80	8.44	0.00	5.20	16.70	18.67	30.66	54.95	52.98	66.84	72.48	78.05	89.20	100.54	108.70	117.06	125.43	133.71	144.96	147.55	158.89	164.47	181.39	178.39183.96	194.95	197.89	209.02	211.80	217.36	225.64	234.09	239.67	248.03	253.61	267.77	273.13	278.71	292.54	298.13	309.22	312.09	320.59	328.73	339.97		|
|72.14	63.74	55.36	44.26	38.95	29.49	19.49	22.05	0.00	5.59	13.47	19.56	43.84	41.88	55.73	61.37	66.95	78.09	89.43	97.59	105.96	114.32	122.60	133.85	136.44	147.78	153.36	170.28	167.28172.86	183.84	186.78	197.92	200.69	206.26	214.53	222.98	228.56	236.93	242.51	256.66	262.02	267.60	281.44	287.02	298.11	300.98	309.48	317.62	328.86		|
|75.14	66.74	60.76	52.97	44.36	33.26	24.90	16.46	0.00	0.00	0.00	13.96	38.25	36.28	50.14	55.78	61.35	72.50	83.84	92.00	100.36	108.73	117.01	128.26	130.85	142.19	147.76	164.69	161.69167.26	178.25	181.19	192.32	195.10	200.66	208.94	217.39	222.96	231.33	236.91	251.07	256.43	262.01	275.84	281.43	292.52	295.38	303.88	312.03	323.27		|
|86.06	77.65	69.28	58.18	52.87	43.41	33.41	30.05	13.92	13.59	0.00	5.56	33.47	27.88	41.74	47.38	52.96	64.10	75.44	83.60	91.96	100.33	108.61	119.86	122.45	133.79	139.37	156.29	153.29158.86	169.85	172.79	183.92	186.70	192.26	200.54	208.99	214.57	222.93	228.51	242.67	248.03	253.61	267.44	273.03	284.12	286.99	295.49	303.63	314.87		|
|97.55	89.14	83.17	75.38	66.77	55.67	47.31	38.87	19.32	22.41	5.40	0.00	27.91	22.32	36.17	41.82	47.39	58.54	69.88	78.04	86.40	94.77	103.04	114.30	116.88	128.23	133.80	150.72	147.73153.30	164.28	167.22	178.36	181.13	186.70	194.97	203.42	209.00	217.37	222.95	237.11	242.47	248.05	261.88	267.46	278.56	281.42	289.92	298.07	309.31		|
|102.79	94.38	86.01	80.97	69.60	61.27	50.14	44.47	30.65	28.01	16.73	5.60	0.00	23.98	12.84	18.18	23.76	34.90	46.25	54.41	62.77	71.14	79.41	90.67	93.25	104.60	110.17	127.09	124.10129.67	140.65	143.59	154.73	157.50	163.07	171.34	179.79	185.37	193.74	199.32	213.48	218.84	224.41	238.25	243.83	254.93	257.79	266.29	274.43	285.68		|
|108.37	99.97	91.59	86.56	75.19	66.86	55.73	50.05	36.23	33.59	22.32	11.19	5.59	0.00	13.86	19.50	25.07	36.22	47.56	55.72	64.08	72.45	80.73	91.98	94.57	105.91	111.48	128.41	125.41130.98	141.97	144.90	156.04	158.81	164.38	172.65	181.11	186.68	195.05	200.63	214.79	220.15	225.73	239.56	245.14	256.24	259.10	267.60	275.75	286.99		|
|119.51	111.11	102.73	97.70	86.33	78.00	66.87	61.19	47.37	44.73	33.46	22.33	16.73	11.14	0.00	5.34	10.92	22.06	33.41	41.57	49.93	58.30	66.57	77.83	80.41	91.76	97.33	114.25	111.26116.83	127.81	130.75	141.89	144.66	150.23	158.50	166.95	172.53	180.90	186.48	200.64	206.00	211.57	225.41	230.99	242.09	244.95	253.45	261.59	272.84		|
|122.34	113.94	105.56	100.53	89.16	80.83	69.70	64.02	50.20	47.56	36.29	25.16	19.56	13.97	5.55	0.00	5.57	16.72	28.06	36.22	44.58	52.95	61.23	72.48	75.07	86.41	91.98	108.91	105.91111.48	122.47	125.41	136.54	139.32	144.88	153.16	161.61	167.19	175.55	181.13	195.29	200.65	206.23	220.06	225.65	236.74	239.60	248.10	256.25	267.49		|
|127.93	119.53	111.15	106.12	94.75	86.42	75.29	69.62	55.80	53.16	41.88	30.75	25.15	19.56	11.14	5.59	0.00	11.15	22.49	30.65	39.01	47.38	55.65	66.91	69.49	80.84	86.41	103.33	100.34105.91	116.89	119.83	130.97	133.74	139.31	147.58	156.03	161.61	169.98	175.56	189.72	195.08	200.66	214.49	220.07	231.17	234.03	242.53	250.68	261.92		|
|141.79	133.38	125.01	119.97	108.60	100.27	89.14	83.47	69.65	67.01	55.73	44.60	39.00	33.41	24.99	19.44	13.85	0.00	10.81	19.50	27.86	36.23	44.51	55.76	58.35	69.69	75.26	92.19	89.19	94.76	105.75	108.69	119.82	122.60	128.16	136.44	144.89	150.46	158.83	164.41	178.57	183.93	189.51	203.34	208.93	220.02	222.88	231.38	239.53	250.77		|
|147.42	139.02	130.64	125.60	114.23	105.90	94.77	89.10	75.28	72.64	61.36	50.23	44.63	39.04	30.62	25.07	19.48	30.63	0.00	11.16	19.52	27.89	36.16	47.42	50.00	61.35	66.92	83.84	80.85	86.42	97.40	100.34	111.48	114.25	119.82	128.09	136.54	142.12	150.49	156.07	170.23	175.59	181.16	195.00	200.58	211.68	214.54	223.04	231.18	242.43		|
|161.40	152.99	144.61	139.58	128.21	119.88	108.75	103.08	89.26	86.62	75.34	64.21	58.61	53.02	44.60	39.05	33.46	21.03	13.98	0.00	8.36	16.73	25.01	36.26	38.85	50.19	55.76	72.69	69.69	75.26	86.25	89.18	100.32	103.10	108.66	116.94	125.39	130.96	139.33	144.91	159.07	164.43	170.01	183.84	189.42	200.52	203.38	211.88	220.03	231.27		|
|166.98	158.58	150.20	145.17	133.80	125.46	114.33	108.66	94.84	92.20	80.92	69.79	64.19	58.61	50.18	44.64	39.04	26.61	19.56	5.58	0.00	8.35	16.62	27.88	30.46	41.81	47.38	64.30	61.31	66.88	77.86	80.80	91.94	94.71	100.28	108.55	117.00	122.58	130.95	136.53	150.69	156.05	161.63	175.46	181.04	192.14	195.00	203.50	211.64	222.89		|
|224.40	215.99	207.61	202.58	191.21	182.88	171.75	166.08	152.26	149.62	138.34	127.21	121.61	116.02	107.60	102.05	96.46	84.03	76.98	63.00	8.64	0.00	8.28	19.53	22.12	33.46	39.03	55.96	52.96	58.53	69.52	72.45	83.59	86.36	91.93	100.20	108.66	114.23	122.60	128.18	142.34	147.70	153.28	167.11	172.69	183.79	186.65	195.15	203.30	214.54		|
|180.87	172.47	164.09	159.06	147.68	139.35	128.22	122.55	108.73	106.09	94.81	83.68	78.08	72.49	64.07	58.53	52.93	40.50	33.45	19.47	13.89	13.97	0.00	13.85	13.84	27.78	33.36	50.28	47.28	52.85	63.84	66.78	77.91	80.69	86.25	94.53	102.98	108.56	116.93	122.50	136.66	142.02	147.60	161.43	167.02	178.11	180.98	189.48	197.62	208.86		|
|192.04	183.64	175.26	170.23	158.86	150.53	139.40	133.72	119.90	117.26	105.99	94.85	89.26	83.67	75.25	69.70	64.11	51.67	44.62	30.65	25.06	25.14	11.17	0.00	0.00	13.93	19.50	36.43	33.43	39.00	49.99	52.92	64.06	66.84	72.40	80.68	89.13	94.70	103.07	108.65	122.81	128.17	133.75	147.58	153.16	164.26	167.12	175.62	183.77	195.01		|
|225.34	216.94	208.56	203.53	192.15	183.82	172.69	167.02	153.20	150.56	139.28	128.15	122.55	116.96	108.54	102.99	97.40	84.97	77.92	63.94	58.36	45.05	44.47	33.30	0.00	13.83	19.40	36.32	33.33	38.90	49.88	52.82	63.96	66.73	72.30	80.57	89.02	94.60	102.97	108.55	122.70	128.07	133.64	147.48	153.06	164.16	167.02	175.52	183.66	194.90		|
|211.51	203.11	194.73	189.70	178.33	170.00	158.87	153.19	139.37	136.73	125.46	114.32	108.73	103.14	94.72	89.17	83.58	71.14	64.10	50.12	44.53	44.61	30.64	19.47	8.32	0.00	5.57	22.50	19.50	25.07	36.06	38.99	50.13	52.91	58.47	66.74	75.20	80.77	89.14	94.72	108.88	114.24	119.82	133.65	139.23	150.33	153.19	161.69	169.84	181.08		|
|219.91	211.50	203.12	198.09	186.72	178.39	167.26	161.59	147.77	145.13	133.85	122.72	117.12	111.53	103.11	97.56	91.97	79.54	72.49	58.51	52.93	53.00	39.04	27.86	16.72	8.39	0.00	19.58	13.93	19.50	30.48	33.42	44.56	47.33	52.90	61.17	69.62	75.20	83.57	89.15	103.31	108.67	114.25	128.08	133.66	144.76	147.62	156.12	164.26	175.51		|
|228.08	219.68	211.30	206.27	194.90	186.57	175.44	169.77	155.95	153.31	142.03	130.90	125.30	119.71	111.29	105.74	100.15	87.72	80.67	66.69	61.11	61.18	47.22	36.04	24.90	16.57	9.95	0.00	11.37	16.94	27.92	30.86	42.00	44.77	50.34	58.61	67.06	72.64	81.01	86.59	100.75	106.11	111.69	125.52	131.10	142.20	145.06	153.56	161.71	172.95		|
|233.89	225.49	217.11	212.08	200.71	192.38	181.25	175.58	161.76	159.12	147.84	136.71	131.11	125.52	117.10	111.55	105.96	93.53	86.48	72.50	66.91	66.99	53.03	41.85	30.71	22.38	13.99	5.65	0.00	5.57	16.56	19.49	30.63	33.41	38.97	47.25	55.70	61.27	69.64	75.22	89.38	94.74	100.32	114.15	119.73	130.83	133.69	142.19	150.34	161.58		|
|242.27	233.87	225.49	220.46	209.09	200.76	189.63	183.95	170.14	167.50	156.22	145.09	139.49	133.90	125.48	119.93	114.34	101.91	94.86	80.88	75.29	75.37	61.41	50.23	39.09	30.76	22.37	14.03	8.38	0.00	0.00	13.92	25.06	27.83	33.40	41.67	50.12	55.70	64.07	69.65	83.81	89.17	94.75	108.58	114.16	125.26	128.12	136.62	144.77	156.01		|
|250.70	242.29	233.92	228.88	217.51	209.18	198.05	192.38	178.56	175.92	164.64	153.51	147.91	142.32	133.90	128.35	122.76	110.33	103.28	89.30	83.72	83.80	69.83	58.65	47.51	39.18	30.79	22.45	16.80	0.00	0.00	8.25	19.39	22.16	27.73	36.00	44.45	50.03	58.40	63.98	78.14	83.50	89.08	102.91	108.49	119.59	122.45	130.95	139.09	150.34		|
|256.30	247.90	239.52	234.49	223.12	214.79	203.66	197.98	184.16	181.52	170.25	159.11	153.51	147.93	139.51	133.96	128.37	115.93	108.88	94.91	89.32	89.40	75.43	64.26	53.11	44.79	36.40	28.06	22.41	16.72	5.60	0.00	11.14	13.91	19.48	27.75	36.20	41.78	50.15	55.73	69.89	75.25	80.82	94.66	100.24	111.34	114.20	122.70	130.84	142.09		|
|261.88	253.48	245.10	240.07	228.70	220.37	209.24	203.56	189.74	187.10	175.83	164.70	159.10	153.51	145.09	139.54	133.95	121.52	114.47	100.49	94.90	94.98	81.01	69.84	58.69	50.37	41.98	33.64	27.99	22.30	11.19	5.58	0.00	5.84	11.40	19.68	28.13	33.70	42.07	47.65	61.81	67.17	72.75	86.58	92.16	103.26	106.12	114.62	122.77	134.01		|
|267.49	259.09	250.71	245.68	234.31	225.98	214.85	209.17	195.36	192.71	181.44	170.31	164.71	159.12	150.70	145.15	139.56	127.13	120.08	106.10	100.51	100.59	86.63	75.45	64.31	55.98	47.59	39.25	33.60	27.91	16.80	11.19	5.61	0.00	5.57	13.84	22.29	27.87	36.24	41.82	55.97	61.33	66.91	80.75	86.33	97.42	100.29	108.79	116.93	128.17		|
|278.70	270.30	261.92	256.89	245.51	237.18	226.05	220.38	206.56	203.92	192.64	181.51	175.91	170.33	161.90	156.36	150.76	138.33	131.28	117.30	111.72	111.80	97.83	86.66	75.51	67.19	58.79	50.46	44.80	39.12	28.00	22.40	16.82	0.00	0.00	8.27	16.72	22.30	30.67	36.25	50.41	55.77	61.35	75.18	80.76	91.86	94.72	103.22	111.37	122.61		|
|281.53	273.13	264.75	259.72	248.35	240.02	228.89	223.21	209.39	206.75	195.48	184.35	178.75	173.16	164.74	159.19	153.60	141.17	134.12	120.14	114.55	114.63	100.66	89.49	78.34	70.02	61.63	53.29	47.64	41.95	30.84	25.23	19.65	14.04	8.42	0.00	11.22	16.80	25.17	30.75	44.90	50.26	55.84	69.68	75.26	86.36	89.22	97.72	105.86	117.10		|
|287.15	278.75	270.37	265.34	253.96	245.63	234.50	228.83	215.01	212.37	201.09	189.96	184.36	178.78	170.35	164.81	159.21	146.78	139.73	125.75	120.17	120.25	106.28	95.11	83.96	75.64	67.24	58.91	53.25	47.57	36.45	30.85	25.27	19.65	14.04	5.62	0.00	5.58	13.95	19.53	33.68	39.04	44.62	58.46	64.04	75.13	78.00	86.50	94.64	105.88		|
|295.51	287.11	278.73	273.70	262.33	254.00	242.87	237.19	223.38	220.73	209.46	198.33	192.73	187.14	178.72	173.17	167.58	155.15	148.10	134.12	128.53	128.61	114.65	103.47	92.33	84.00	75.61	67.27	61.62	55.93	44.82	39.21	33.63	28.02	22.41	13.98	8.37	0.00	8.37	13.95	28.11	33.47	39.05	52.88	58.46	69.56	72.42	80.92	89.06	100.31		|
|309.46	301.06	292.68	287.65	276.28	267.95	256.82	251.14	237.32	234.68	223.41	212.28	206.68	201.09	192.67	187.12	181.53	169.10	162.05	148.07	142.48	142.56	128.59	117.42	106.27	97.95	89.56	81.22	75.57	69.88	58.77	53.16	47.58	41.97	36.35	27.93	22.31	9.75	0.00	5.58	19.74	25.10	30.68	44.51	50.09	61.19	64.05	72.55	80.70	91.94		|
|315.20	306.80	298.42	293.39	282.02	273.69	262.56	256.89	243.07	240.43	229.15	218.02	212.42	206.83	198.41	192.86	187.27	174.84	167.79	153.81	148.23	148.30	134.34	123.16	112.02	103.69	95.30	86.96	81.31	75.62	64.51	58.90	53.32	47.71	42.10	33.67	28.06	19.69	0.00	0.00	14.16	19.52	25.10	38.93	44.51	55.61	58.47	66.97	75.12	86.36		|
|323.63	315.23	306.85	301.82	290.45	282.12	270.99	265.31	251.49	248.85	237.58	226.44	220.85	215.26	206.84	201.29	195.70	183.26	176.22	162.24	156.65	156.73	142.76	131.59	120.44	112.12	103.73	95.39	89.74	84.05	72.94	67.33	61.75	56.14	50.52	42.10	36.48	28.12	18.09	8.43	0.00	13.70	19.28	33.11	38.69	49.79	52.65	61.15	69.30	80.54		|
|329.26	320.86	312.48	307.45	296.08	287.75	276.62	270.94	257.12	254.48	243.21	232.07	226.48	220.89	212.47	206.92	201.33	188.89	181.84	167.87	162.28	162.36	148.39	137.22	126.07	117.75	109.36	101.02	95.37	89.68	78.57	72.96	67.38	61.77	56.15	47.73	42.11	33.75	23.72	14.06	5.63	0.00	5.58	19.41	24.99	36.09	38.95	47.45	55.60	66.84		|
|337.64	329.24	320.86	315.83	304.46	296.12	284.99	279.32	265.50	262.86	251.58	240.45	234.85	229.27	220.84	215.30	209.71	197.27	190.22	176.24	170.66	170.74	156.77	145.60	134.45	126.13	117.73	109.40	103.7598.06	86.94	81.34	75.76	70.15	64.53	56.11	50.49	42.13	32.10	22.44	14.01	10.93	0.00	13.83	19.42	30.51	33.37	41.87	50.02	61.26		|
|345.94	337.54	329.16	324.13	312.76	304.43	293.30	287.62	273.80	271.16	259.89	248.75	243.16	237.57	229.15	223.60	218.01	205.57	198.53	184.55	178.96	179.04	165.07	153.90	142.75	134.43	126.04	117.70	112.05106.36	95.25	89.64	84.06	78.45	72.83	64.41	58.79	50.43	40.40	30.74	22.31	16.68	0.00	0.00	5.58	16.68	19.54	28.04	36.19	47.43		|
|351.69	343.29	334.91	329.88	318.51	310.18	299.05	293.38	279.56	276.92	265.64	254.51	248.91	243.32	234.90	229.35	223.76	211.33	204.28	190.30	184.71	184.79	170.83	159.65	148.51	140.18	131.79	123.45	117.80112.11	101.00	95.39	89.81	84.20	78.59	70.16	64.55	56.18	46.15	36.49	28.06	24.98	14.05	10.82	0.00	7.86	13.96	22.46	30.60	41.85		|
|357.25	348.85	340.47	335.44	324.07	315.74	304.61	298.94	285.12	282.48	271.20	260.07	254.47	248.88	240.46	234.91	229.32	216.89	209.84	195.86	190.27	190.35	176.39	165.21	154.07	145.74	137.35	129.01	123.36117.67	106.56	100.95	95.37	89.76	84.15	75.72	70.11	61.74	51.71	42.05	33.62	30.54	19.61	16.38	5.56	0.00	0.00	0.00	21.64	32.89		|
|371.37	362.97	354.59	349.55	338.18	329.85	318.72	313.05	299.23	296.59	285.31	274.18	268.58	262.99	254.57	249.02	243.43	231.00	223.95	209.97	204.39	204.47	190.50	179.33	168.18	159.85	151.46	143.13	137.47131.79	120.67	115.07	109.48	103.87	98.26	89.83	84.22	75.85	65.82	56.16	47.74	44.65	33.73	30.49	19.67	27.54	0.00	8.50	16.64	27.89		|
|382.22	373.82	365.44	360.41	349.04	340.71	329.58	323.90	310.08	307.44	296.17	285.03	279.44	273.85	265.43	259.88	254.29	241.85	234.80	220.83	215.24	215.32	201.35	190.18	179.03	170.71	162.32	153.98	148.33142.64	131.53	125.92	120.34	114.73	109.11	100.69	95.07	86.71	76.68	67.02	58.59	55.51	44.58	41.34	30.53	38.39	10.85	0.00	0.00	0.00		|
|392.20	383.79	375.42	370.38	359.01	350.68	339.55	333.88	320.06	317.42	306.14	295.01	289.41	283.82	275.40	269.85	264.26	251.83	244.78	230.80	225.22	225.30	211.33	200.15	189.01	180.68	172.29	163.95	158.30152.61	141.50	135.89	130.31	124.70	119.09	110.66	105.05	96.68	86.65	76.99	68.56	65.48	54.56	51.32	40.50	27.44	20.83	0.00	0.00	11.24		|
|396.29	387.89	379.51	374.48	363.10	354.77	343.64	337.97	324.15	321.51	310.23	299.10	293.50	287.91	279.49	273.94	268.35	255.92	248.87	234.89	229.31	229.39	215.42	204.25	193.10	184.78	176.38	168.05	162.39156.71	145.59	139.99	134.40	128.79	123.18	114.75	109.14	100.77	90.74	81.08	72.66	69.57	58.65	55.41	44.59	36.33	24.92	14.07	8.89	0.00		|
*****************Final Output :*****************

Shorest Path between source 2 and destination 14 is: 33.


Shorest Path between source 2 and destination 14 is: 91.82.

Hop Count for source 2 and destination 14 is: 7.

Total Running Time of the Algorithm in Seconds is 0.0248250


Total no.of Key-Basic Operations are : 189867

*********************************************

Congestion Actual Delay Matrix :
|0.00	1091.25	1095.25	3869.58	3876.58	4231.01	8898.01	5941.01	9456.48	12280.48	9485.50	30287.98	12980.48	100151.98	101606.98	122124.98	129466.32	144262.31	130282.32	171062.98	171351.98	188468.98	189402.73	214427.31	190211.06	245314.81	257579.81	246130.81	278171.47	302457.47	279735.47	322525.81	323719.81	342212.47	348040.97	351514.97	377770.97	397052.97	405931.97	422925.97	425360.97	439583.62	446144.62	446745.44	450946.44	452541.44	459451.44	459963.44	463861.44	465229.44		|
|531.00	0.00	0.00	2778.33	2785.33	3139.76	7806.76	4849.76	8365.23	11189.23	8394.25	29196.73	11889.23	99060.73	100515.73	121033.73	128375.07	143171.06	129191.07	169971.73	170260.73	187377.73	188311.48	213336.06	189119.81	244223.56	256488.56	245039.56	277080.22	301366.22	278644.22	321434.56	322628.56	341121.22	346949.72	350423.72	376679.72	395961.72	404840.72	421834.72	424269.72	438492.38	445053.38	445654.19	449855.19	451450.19	458360.19	458872.19	462770.19	464138.19		|
|2045.00	1514.00	0.00	4795.00	4802.00	5156.43	9823.43	6866.43	10381.90	13205.90	10410.92	31213.40	13905.90	101077.40	102532.40	123050.40	130391.73	145187.73	131207.73	171988.41	172277.41	189394.41	190328.16	215352.73	191136.48	246240.23	258505.23	247056.23	279096.91	303382.91	280660.91	323451.25	324645.25	343137.91	348966.41	352440.41	378696.41	397978.41	406857.41	423851.41	426286.41	440509.06	447070.06	447670.88	451871.88	453466.88	460376.88	460888.88	464786.88	466154.88		|
|859.33	328.33	332.33	0.00	7.00	361.43	5028.43	2071.43	5586.90	8410.90	5615.92	26418.40	9110.90	96282.40	97737.40	118255.40	125596.73	140392.73	126412.73	167193.41	167482.41	184599.41	185533.16	210557.73	186341.48	241445.23	253710.23	242261.23	274301.91	298587.91	275865.91	318656.25	319850.25	338342.91	344171.41	347645.41	373901.41	393183.41	402062.41	419056.41	421491.41	435714.06	442275.06	442875.88	447076.88	448671.88	455581.88	456093.88	459991.88	461359.88		|
|2400.47	1869.47	355.47	5.31	0.00	1742.00	6409.00	3452.00	6967.47	9791.47	6996.49	27798.97	10491.47	97662.97	99117.97	119635.97	126977.30	141773.31	127793.30	168573.98	168862.98	185979.98	186913.73	211938.31	187722.06	242825.81	255090.81	243641.81	275682.47	299968.47	277246.47	320036.81	321230.81	339723.47	345551.97	349025.97	375281.97	394563.97	403442.97	420436.97	422871.97	437094.62	443655.62	444256.44	448457.44	450052.44	456962.44	457474.44	461372.44	462740.44		|
|3242.83	2711.83	360.47	2383.50	0.00	0.00	4667.00	1710.00	5225.47	8049.47	5254.49	26056.97	8749.47	95920.97	97375.97	117893.97	125235.30	140031.31	126051.30	166831.98	167120.98	184237.98	185171.73	210196.31	185980.06	241083.81	253348.81	241899.81	273940.47	298226.47	275504.47	318294.81	319488.81	337981.47	343809.97	347283.97	373539.97	392821.97	401700.97	418694.97	421129.97	435352.62	441913.62	442514.44	446715.44	448310.44	455220.44	455732.44	459630.44	460998.44		|
|8943.72	8412.72	6898.72	6548.56	6543.25	10.00	0.00	1720.00	558.47	3382.47	587.49	21389.97	4082.47	91253.97	92708.97	113226.97	120568.30	135364.31	121384.30	162164.98	162453.98	179570.98	180504.73	205529.31	181313.06	236416.81	248681.81	237232.81	269273.47	293559.47	270837.47	313627.81	314821.81	333314.47	339142.97	342616.97	368872.97	388154.97	397033.97	414027.97	416462.97	430685.62	437246.62	437847.44	442048.44	443643.44	450553.44	451065.44	454963.44	456331.44		|
|5306.83	4775.83	7222.72	4447.50	6867.25	2064.00	324.00	0.00	5.20	1041.00	34.22	19048.50	1741.00	88912.50	90367.50	110885.50	118226.84	133022.84	119042.84	159823.52	160112.52	177229.52	178163.27	203187.84	178971.59	234075.34	246340.34	234891.34	266932.00	291218.00	268496.00	311286.34	312480.34	330973.00	336801.50	340275.50	366531.50	385813.50	394692.50	411686.50	414121.50	428344.16	434905.16	435505.97	439706.97	441301.97	448211.97	448723.97	452621.97	453989.97		|
|23759.22	23228.22	21714.22	21364.06	21358.75	14825.50	14815.50	3059.59	0.00	2824.00	29.02	20831.50	3524.00	90695.50	92150.50	112668.50	120009.84	134805.84	120825.84	161606.52	161895.52	179012.52	179946.27	204970.84	180754.59	235858.34	248123.34	236674.34	268715.00	293001.00	270279.00	313069.34	314263.34	332756.00	338584.50	342058.50	368314.50	387596.50	396475.50	413469.50	415904.50	430127.16	436688.16	437288.97	441489.97	443084.97	449994.97	450506.97	454404.97	455772.97		|
|5542.43	5011.43	7458.31	4683.09	7102.84	2299.59	559.59	235.59	0.00	0.00	0.00	18007.50	700.00	87871.50	89326.50	109844.50	117185.84	131981.84	118001.84	158782.52	159071.52	176188.52	177122.27	202146.84	177930.59	233034.34	245299.34	233850.34	265891.00	290177.00	267455.00	310245.34	311439.34	329932.00	335760.50	339234.50	365490.50	384772.50	393651.50	410645.50	413080.50	427303.16	433864.16	434464.97	438665.97	440260.97	447170.97	447682.97	451580.97	452948.97		|
|30000.47	29469.47	27955.47	27605.31	27600.00	21066.75	21056.75	720.59	6241.25	485.00	0.00	341.50	79146.50	70205.50	71660.50	92178.50	99519.84	114315.84	100335.84	141116.50	141405.50	158522.50	159456.25	184480.83	160264.58	215368.33	227633.33	216184.33	248225.00	272511.00	249789.00	292579.34	293773.34	312266.00	318094.50	321568.50	347824.50	367106.50	375985.50	392979.50	395414.50	409637.16	416198.16	416798.97	420999.97	422594.97	429504.97	430016.97	433914.97	435282.97		|
|12617.09	12086.09	14532.98	11757.76	14177.51	9374.26	7634.26	7310.26	6246.66	7074.67	5.41	0.00	78805.00	69864.00	71319.00	91837.00	99178.34	113974.34	99994.34	140775.00	141064.00	158181.00	159114.75	184139.33	159923.08	215026.83	227291.83	215842.83	247883.50	272169.50	249447.50	292237.84	293431.84	311924.50	317753.00	321227.00	347483.00	366765.00	375644.00	392638.00	395073.00	409295.66	415856.66	416457.47	420658.47	422253.47	429163.47	429675.47	433573.47	434941.47		|
|45897.47	45366.47	43852.47	13922.42	43497.00	11538.92	36953.75	9474.92	22138.25	9239.33	15897.00	2164.67	0.00	320.73	56.73	91.92	7433.25	22229.25	8249.2549029.92	49318.92	66435.92	67369.67	92394.25	68178.01	123281.75	135546.75	124097.75	156138.42	180424.42	157702.42	200492.75	201686.75	220179.42	226007.92	229481.92	255737.92	275019.94	283898.94	300892.94	303327.94	317550.59	324111.59	324712.41	328913.41	330508.41	337418.41	337930.41	341828.41	343196.41		|
|54838.47	54307.47	52793.47	22863.43	52438.00	20479.93	45894.75	18415.93	31079.25	18180.33	24838.00	11105.67	8941.00	0.00	1455.00	21973.00	29314.33	44110.34	30130.33	70911.00	71200.00	88317.00	89250.75	114275.33	90059.09	145162.83	157427.83	145978.83	178019.50	202305.50	179583.50	222373.83	223567.83	242060.50	247889.00	251363.00	277619.00	296901.00	305780.00	322774.00	325209.00	339431.66	345992.66	346593.47	350794.47	352389.47	359299.47	359811.47	363709.47	365077.47		|
|55102.47	54571.47	53057.47	23127.43	52702.00	20743.93	46158.75	18679.93	31343.25	18444.33	25102.00	11369.67	9205.00	264.00	0.00	35.18	7376.5222172.52	8192.52	48973.19	49262.19	66379.19	67312.94	92337.52	68121.27	123225.02	135490.02	124041.02	156081.69	180367.69	157645.69	200436.02	201630.02	220122.69	225951.19	229425.19	255681.19	274963.19	283842.19	300836.19	303271.19	317493.84	324054.84	324655.66	328856.66	330451.66	337361.66	337873.66	341771.66	343139.66		|
|69883.47	69352.47	67838.47	37908.43	67483.00	35524.93	60939.75	33460.93	46124.25	33225.33	39883.00	26150.67	23986.00	15045.00	782.000.00	7341.33	22137.33	8157.33	48938.00	49227.00	66344.00	67277.75	92302.33	68086.09	123189.83	135454.83	124005.83	156046.50	180332.50	157610.50	200400.83	201594.83	220087.50	225916.00	229390.00	255646.00	274928.00	283807.00	300801.00	303236.00	317458.66	324019.66	324620.47	328821.47	330416.47	337326.47	337838.47	341736.47	343104.47		|
|89723.47	89192.47	87678.47	57748.43	87323.00	55364.93	80779.75	53300.93	65964.25	53065.34	59723.00	45990.67	43826.00	34885.00	20622.00	19840.00	0.00	14796.00	816.00	41596.67	41885.67	59002.67	59936.42	84961.00	60744.75	115848.50	128113.50	116664.50	148705.17	172991.17	150269.17	193059.50	194253.50	212746.17	218574.67	222048.67	248304.67	267586.69	276465.69	293459.69	295894.69	310117.34	316678.34	317279.16	321480.16	323075.16	329985.16	330497.16	334395.16	335763.16		|
|91748.47	91217.47	89703.47	59773.43	89348.00	57389.93	82804.75	55325.93	67989.25	55090.34	61748.00	48015.67	45851.00	36910.00	22647.00	21865.00	2025.00	0.00	368.00	26800.67	27089.67	44206.67	45140.42	70165.00	45948.75	101052.50	113317.50	101868.50	133909.17	158195.17	135473.17	178263.50	179457.50	197950.17	203778.67	207252.67	233508.67	252790.67	261669.67	278663.69	281098.69	295321.34	301882.34	302483.16	306684.16	308279.16	315189.16	315701.16	319599.16	320967.16		|
|91129.33	90598.33	89084.33	59154.29	88728.86	56770.79	82185.61	54706.79	67370.11	54471.20	61128.86	47396.53	45231.86	36290.86	22027.86	21245.86	1405.86	16201.86	0.00	2320.00	2609.00	19726.00	20659.75	45684.33	21468.08	76571.83	88836.83	77387.83	109428.50	133714.50	110992.50	153782.83	154976.83	173469.50	179298.00	182772.00	209028.00	228310.00	237189.00	254183.00	256618.00	270840.66	277401.66	278002.47	282203.47	283798.47	290708.47	291220.47	295118.47	296486.47		|
|142014.33	141483.33	139969.33	110039.28	139613.86	107655.78	133070.61	105591.78	118255.11	105356.19	112013.86	98281.52	96116.86	87175.86	72912.86	72130.86	52290.86	164.90	50885.00	0.00	289.00	17406.00	18339.75	43364.33	19148.08	74251.83	86516.83	75067.83	107108.50	131394.50	108672.50	151462.83	152656.83	171149.50	176978.00	180452.00	206708.00	225990.00	234869.00	251863.00	254298.00	268520.66	275081.66	275682.47	279883.47	281478.47	288388.47	288900.47	292798.47	294166.47		|
|149381.66	148850.66	147336.66	117406.61	146981.19	115023.11	140437.94	112959.11	125622.44	112723.52	119381.19	105648.85	103484.19	94543.19	80280.19	79498.19	59658.19	7532.23	58252.33	7367.33	0.00	1770.00	2703.75	27728.33	3512.08	58615.83	70880.83	59431.83	91472.50	115758.50	93036.50	135826.83	137020.83	155513.50	161342.00	164816.00	191072.00	210354.00	219233.00	236227.00	238662.00	252884.67	259445.67	260046.48	264247.50	265842.50	272752.50	273264.50	277162.50	278530.50		|
|142077.33	141546.33	140032.33	110102.28	139676.86	107718.78	133133.61	105654.78	118318.11	105419.19	112076.86	98344.52	96179.86	87238.86	72975.86	72193.86	52353.86	227.90	50948.00	63.00	10.00	0.00	933.75	25958.33	1742.08	56845.83	69110.83	57661.83	89702.50	113988.50	91266.50	134056.83	135250.83	153743.50	159572.00	163046.00	189302.00	208584.00	217463.00	234457.00	236892.00	251114.67	257675.67	258276.48	262477.50	264072.50	270982.50	271494.50	275392.50	276760.50		|
|150561.77	150030.77	148516.77	118586.72	148161.30	116203.22	141618.05	114139.22	126802.55	113903.62	120561.30	106828.96	104664.30	95723.30	81460.30	80678.30	60838.29	8712.33	59432.44	8547.44	1180.10	658.33	0.00	1472.50	808.33	32360.00	44625.00	33176.00	65216.67	89502.67	66780.67	109571.01	110765.01	129257.67	135086.17	138560.17	164816.17	184098.17	192977.17	209971.17	212406.17	226628.84	233189.84	233790.66	237991.66	239586.66	246496.66	247008.66	250906.66	252274.66		|
|173809.77	173278.77	171764.77	141834.72	171409.30	139451.22	164866.05	137387.22	150050.55	137151.62	143809.30	130076.96	127912.30	118971.30	104708.30	103926.30	84086.30	31960.33	82680.44	31795.44	24428.10	23906.33	23248.00	0.00	0.00	30887.50	43152.50	31703.50	63744.17	88030.17	65308.17	108098.51	109292.51	127785.17	133613.67	137087.67	163343.67	182625.67	191504.67	208498.67	210933.67	225156.34	231717.34	232318.16	236519.16	238114.16	245024.16	245536.16	249434.16	250802.16		|
|182316.91	181785.91	180271.91	150341.88	179916.44	147958.38	173373.19	145894.38	158557.69	145658.78	152316.44	138584.11	136419.44	127478.44	113215.44	112433.44	92593.44	40467.48	91187.58	40302.58	32935.25	561.00	31755.14	8507.14	0.00	6840.00	19105.00	7656.00	39696.67	63982.67	41260.67	84051.00	85245.00	103737.66	109566.16	113040.16	139296.16	158578.16	167457.16	184451.16	186886.16	201108.83	207669.83	208270.64	212471.64	214066.64	220976.64	221488.64	225386.64	226754.64		|
|175476.91	174945.91	173431.91	143501.88	173076.44	141118.38	166533.19	139054.38	151717.69	138818.78	145476.44	131744.11	129579.44	120638.44	106375.44	105593.44	85753.44	33627.48	84347.58	33462.58	26095.24	25573.48	24915.14	1667.14	479.00	0.00	12265.00	816.00	32856.67	57142.67	34420.67	77211.00	78405.00	96897.66	102726.16	106200.16	132456.16	151738.16	160617.16	177611.16	180046.16	194268.83	200829.83	201430.64	205631.64	207226.64	214136.64	214648.64	218546.64	219914.64		|
|186033.91	185502.91	183988.91	154058.88	183633.44	151675.38	177090.19	149611.38	162274.69	149375.78	156033.44	142301.11	140136.44	131195.44	116932.44	116150.44	96310.44	44184.47	94904.58	44019.57	36652.24	36130.47	35472.14	12224.14	11036.00	10557.00	0.00	20692.17	20591.67	44877.67	22155.67	64946.00	66140.00	84632.66	90461.16	93935.16	120191.16	139473.16	148352.16	165346.16	167781.16	182003.83	188564.83	189165.64	193366.64	194961.64	201871.64	202383.64	206281.64	207649.64		|
|176345.41	175814.41	174300.41	144370.38	173944.94	141986.88	167401.69	139922.88	152586.19	139687.28	146344.94	132612.61	130447.94	121506.94	107243.94	106461.94	86621.94	34495.98	85216.08	34331.08	26963.74	26441.98	25783.64	2535.64	1347.50	868.50	24.00	0.00	422.00	24708.00	1986.00	44776.34	45970.34	64463.00	70291.50	73765.50	100021.50	119303.50	128182.50	145176.50	147611.50	161834.17	168395.17	168995.98	173196.98	174791.98	181701.98	182213.98	186111.98	187479.98		|
|203435.56	202904.56	201390.56	171460.53	201035.09	169077.03	194491.84	167013.03	179676.34	166777.44	173435.09	159702.77	157538.09	148597.09	134334.09	133552.09	113712.10	61586.14	112306.24	61421.24	54053.91	53532.14	52873.81	29625.81	28437.67	27958.67	17401.67	100.50	0.00	24286.00	1564.00	44354.34	45548.34	64041.00	69869.50	73343.50	99599.50	118881.50	127760.50	144754.50	147189.50	161412.17	167973.17	168573.98	172774.98	174369.98	181279.98	181791.98	185689.98	187057.98		|
|203733.31	203202.31	201688.31	171758.28	201332.84	169374.78	194789.59	167310.78	179974.09	167075.19	173732.84	160000.52	157835.84	148894.84	134631.84	133849.84	114009.85	61883.89	112603.99	61718.99	54351.66	53829.89	53171.56	29923.56	28735.42	28256.42	17699.42	398.25	297.75	0.00	0.00	20068.33	21262.33	39755.00	45583.50	49057.50	75313.50	94595.50	103474.50	120468.50	122903.50	137126.17	143687.17	144287.98	148488.98	150083.98	156993.98	157505.98	161403.98	162771.98		|
|223367.58	222836.58	221322.58	191392.55	220967.11	189009.05	214423.86	186945.05	199608.36	186709.45	193367.11	179634.78	177470.11	168529.11	154266.11	153484.11	133644.11	81518.15	132238.25	81353.25	73985.91	73464.15	72805.81	49557.81	48369.66	47890.66	37333.66	20032.50	19932.00	0.00	0.00	572.00	1766.00	20258.67	26087.17	29561.17	55817.16	75099.16	83978.16	100972.16	103407.16	117629.83	124190.83	124791.64	128992.64	130587.64	137497.64	138009.64	141907.64	143275.64		|
|229700.91	229169.91	227655.91	197725.88	227300.44	195342.38	220757.19	193278.38	205941.69	193042.78	199700.44	185968.11	183803.44	174862.44	160599.44	159817.44	139977.44	87851.48	138571.58	87686.58	80319.24	79797.48	79139.14	55891.14	54703.00	54224.00	43667.00	26365.83	26265.33	933.00	6333.33	0.00	1194.00	19686.67	25515.17	28989.17	55245.16	74527.16	83406.16	100400.16	102835.16	117057.83	123618.83	124219.64	128420.64	130015.64	136925.64	137437.64	141335.64	142703.64		|
|230083.44	229552.44	228038.44	198108.41	227682.97	195724.91	221139.72	193660.91	206324.22	193425.31	200082.97	186350.64	184185.97	175244.97	160981.97	160199.97	140359.97	88234.01	138954.11	88069.11	80701.77	80180.01	79521.67	56273.68	55085.53	54606.53	44049.53	26748.36	26647.86	1315.53	6715.86	382.53	0.00	226.00	6054.50	9528.50	35784.50	55066.50	63945.50	80939.50	83374.50	97597.17	104158.17	104758.98	108959.98	110554.98	117464.98	117976.98	121874.98	123242.98		|
|235767.44	235236.44	233722.44	203792.41	233366.97	201408.91	226823.72	199344.91	212008.22	199109.31	205766.97	192034.64	189869.97	180928.97	166665.97	165883.97	146043.97	93918.01	144638.11	93753.11	86385.77	85864.01	85205.67	61957.68	60769.53	60290.53	49733.53	32432.36	32331.86	6999.53	12399.86	6066.53	5684.00	0.00	5828.50	9302.50	35558.50	54840.50	63719.50	80713.50	83148.50	97371.17	103932.17	104532.98	108733.98	110328.98	117238.98	117750.98	121648.98	123016.98		|
|231565.44	231034.44	229520.44	199590.41	229164.97	197206.91	222621.72	195142.91	207806.22	194907.31	201564.97	187832.64	185667.97	176726.97	162463.97	161681.97	141841.97	89716.01	140436.11	89551.11	82183.77	81662.01	81003.67	57755.68	56567.53	56088.53	45531.53	28230.36	28129.86	2797.53	8197.86	1864.53	1482.00	0.00	0.00	3474.00	29730.00	49012.00	57891.00	74885.00	77320.00	91542.67	98103.67	98704.48	102905.48	104500.48	111410.48	111922.48	115820.48	117188.48		|
|249147.44	248616.44	247102.44	217172.41	246746.97	214788.91	240203.72	212724.91	225388.22	212489.31	219146.97	205414.64	203249.97	194308.97	180045.97	179263.97	159423.97	107298.01	158018.11	107133.11	99765.77	99244.01	98585.67	75337.67	74149.53	73670.53	63113.53	45812.37	45711.87	20379.53	25779.87	19446.53	19064.00	13380.00	633.00	0.00	104.00	19386.00	28265.00	45259.00	47694.00	61916.67	68477.67	69078.48	73279.48	74874.48	81784.48	82296.48	86194.48	87562.48		|
|253066.44	252535.44	251021.44	221091.41	250665.97	218707.91	244122.72	216643.91	229307.22	216408.31	223065.97	209333.64	207168.97	198227.97	183964.97	183182.97	163342.97	111217.01	161937.11	111052.11	103684.77	103163.01	102504.67	79256.67	78068.53	77589.53	67032.53	49731.37	49630.87	24298.53	29698.87	23365.53	22983.00	17299.00	4552.00	3919.00	0.00	19282.00	28161.00	45155.00	47590.00	61812.67	68373.67	68974.48	73175.48	74770.48	81680.48	82192.48	86090.48	87458.48		|
|253493.30	252962.30	251448.30	221518.27	251092.83	219134.77	244549.58	217070.77	229734.08	216835.17	223492.83	209760.50	207595.83	198654.83	184391.83	183609.83	163769.83	111643.87	162363.97	111478.97	104111.63	103589.87	102931.53	79683.53	78495.39	78016.39	67459.39	50158.22	50057.72	24725.39	30125.72	23792.39	23409.86	17725.86	4978.86	4345.86	426.86	0.00	8879.00	25873.00	28308.00	42530.67	49091.67	49692.48	53893.48	55488.48	62398.48	62910.48	66808.48	68176.48		|
|254711.77	254180.77	252666.77	222736.73	252311.30	220353.23	245768.05	218289.23	230952.55	218053.64	224711.30	210978.97	208814.30	199873.30	185610.30	184828.30	164988.30	112862.34	163582.44	112697.45	105330.11	104808.34	104150.01	80902.01	79713.87	79234.87	68677.87	51376.70	51276.20	25943.87	31344.20	25010.87	24628.33	18944.33	6197.33	5564.33	1645.33	13.33	0.00	16994.00	19429.00	33651.67	40212.67	40813.48	45014.48	46609.48	53519.48	54031.48	57929.48	59297.48		|
|264418.56	263887.56	262373.56	232443.52	262018.08	230060.02	255474.83	227996.02	240659.33	227760.42	234418.08	220685.75	218521.08	209580.08	195317.08	194535.08	174695.08	122569.12	173289.22	122404.22	115036.88	114515.12	113856.78	90608.78	89420.64	88941.64	78384.64	61083.47	60982.97	35650.64	41050.97	34717.64	34335.11	28651.11	15904.11	15271.11	11352.11	10925.25	0.00	0.00	2435.00	16657.67	23218.67	23819.48	28020.48	29615.48	36525.48	37037.48	40935.48	42303.48		|
|273484.53	272953.53	271439.53	241509.50	271084.06	239126.00	264540.81	237062.00	249725.31	236826.41	243484.06	229751.73	227587.06	218646.06	204383.06	203601.06	183761.06	131635.09	182355.20	131470.20	124102.88	123581.11	122922.77	99674.77	98486.63	98007.63	87450.63	70149.47	70048.97	44716.64	50116.97	43783.64	43401.11	37717.11	24970.11	24337.11	20418.11	19991.25	39.84	9066.00	0.00	325.00	6886.00	7486.82	11687.82	13282.82	20192.82	20704.82	24602.82	25970.82		|
|274646.53	274115.53	272601.53	242671.50	272246.06	240288.00	265702.81	238224.00	250887.31	237988.41	244646.06	230913.73	228749.06	219808.06	205545.06	204763.06	184923.06	132797.09	183517.20	132632.20	125264.88	124743.11	124084.77	100836.77	99648.63	99169.63	88612.63	71311.47	71210.97	45878.64	51278.97	44945.64	44563.11	38879.11	26132.11	25499.11	21580.11	21153.25	1201.84	10228.00	1162.00	0.00	6561.00	7161.82	11362.82	12957.82	19867.82	20379.82	24277.82	25645.82		|
|285624.53	285093.53	283579.53	253649.52	283224.06	251266.02	276680.81	249202.02	261865.33	248966.42	255624.08	241891.75	239727.08	230786.08	216523.08	215741.08	195901.08	143775.11	194495.22	143610.22	136242.89	135721.11	135062.78	111814.77	110626.63	110147.63	99590.63	82289.47	82188.97	56856.64	62256.97	55923.64	55541.11	49857.11	37110.11	36477.11	32558.11	32131.25	12179.84	21206.00	12140.00	141.33	0.00	600.82	4801.82	6396.82	13306.82	13818.82	17716.82	19084.82		|
|277235.53	276704.53	275190.53	245260.50	274835.06	242877.00	268291.81	240813.00	253476.31	240577.41	247235.06	233502.73	231338.06	222397.06	208134.06	207352.06	187512.06	135386.09	186106.20	135221.20	127853.88	127332.11	126673.77	103425.77	102237.63	101758.63	91201.63	73900.47	73799.97	48467.64	53867.97	47534.64	47152.11	41468.11	28721.11	28088.11	24169.11	23742.25	3790.84	12817.00	3751.00	2589.00	0.00	0.00	4201.00	5796.00	12706.00	13218.00	17116.00	18484.00		|
|295429.53	294898.53	293384.53	263454.50	293029.06	261071.02	286485.81	259007.02	271670.31	258771.42	265429.06	251696.75	249532.08	240591.08	226328.08	225546.08	205706.08	153580.11	204300.22	153415.22	146047.89	145526.11	144867.78	121619.77	120431.63	119952.63	109395.63	92094.47	91993.97	66661.63	72061.97	65728.63	65346.11	59662.11	46915.11	46282.11	42363.11	41936.25	21984.84	31011.00	21945.00	9946.33	9805.00	198.00	0.00	12.08	8505.009017.00	12915.00	14283.00		|
|297385.53	296854.53	295340.53	265410.50	294985.06	263027.00	288441.81	260963.02	273626.31	260727.42	267385.06	253652.75	251488.08	242547.08	228284.08	227502.08	207662.08	155536.11	206256.22	155371.22	148003.89	147482.11	146823.78	123575.78	122387.64	121908.64	111351.64	94050.48	93949.98	68617.64	74017.98	67684.64	67302.11	61618.11	48871.11	48238.11	44319.11	43892.25	23940.84	32967.00	23901.00	11902.33	11761.00	2154.00	1956.000.00	0.00	0.00	4415.00	5783.00		|
|300207.03	299676.03	298162.03	268232.00	297806.56	265848.50	291263.31	263784.50	276447.81	263548.91	270206.56	256474.25	254309.58	245368.58	231105.58	230323.58	210483.58	158357.61	209077.72	158192.72	150825.39	150303.61	149645.28	126397.28	125209.14	124730.14	114173.14	96871.98	96771.48	71439.14	76839.48	70506.14	70123.61	64439.61	51692.61	51059.61	47140.61	46713.75	26762.34	35788.50	26722.50	14723.83	14582.50	4975.50	4777.504789.58	0.00	512.00	4410.00	5778.00		|
|300330.53	299799.53	298285.53	268355.50	297930.06	265972.00	291386.81	263908.00	276571.31	263672.41	270330.06	256597.75	254433.08	245492.08	231229.08	230447.08	210607.08	158481.11	209201.22	158316.22	150948.89	150427.11	149768.78	126520.78	125332.64	124853.64	114296.64	96995.48	96894.98	71562.64	76962.98	70629.64	70247.11	64563.11	51816.11	51183.11	47264.11	46837.26	26885.85	35912.01	26846.01	14847.34	14706.01	5099.01	4901.014913.09	123.51	0.00	0.00	0.00		|
|300309.72	299778.72	298264.72	268334.69	297909.25	265951.19	291366.00	263887.19	276550.50	263651.59	270309.25	256576.94	254412.27	245471.27	231208.27	230426.27	210586.27	158460.30	209180.41	158295.41	150928.08	150406.30	149747.97	126499.97	125311.83	124832.83	114275.83	96974.66	96874.16	71541.83	76942.16	70608.83	70226.30	64542.30	51795.30	51162.30	47243.30	46816.45	26865.03	35891.20	26825.19	14826.53	14685.19	5078.19	4880.1932.67	102.69	0.00	0.00	1368.00		|
|303710.53	303179.53	301665.53	271735.50	301310.06	269352.00	294766.81	267288.00	279951.31	267052.41	273710.06	259977.75	257813.08	248872.08	234609.08	233827.08	213987.08	161861.11	212581.22	161696.22	154328.89	153807.11	153148.78	129900.78	128712.64	128233.64	117676.64	100375.48	100274.98	74942.64	80342.98	74009.64	73627.11	67943.11	55196.11	54563.11	50644.11	50217.26	30265.85	39292.01	30226.01	18227.34	18086.01	8479.01	8281.0142.67	3503.51	3380.00	10.00	0.00		|
*****************Final Output :*****************

Shorest Path between source 2 and destination 14 is: 33.


Shorest Path between source 2 and destination 14 is: 99060.73.


Hop Count for source 2 and destination 14 is: 7.

Total Running Time of the Algorithm in Seconds is 0.0325410


Total no.of Key-Basic Operations are : 95759

***********************************


