 15, 15, 1

 F, 1, 2, 5

 F, 1, 3, 0

 E, 1, 4, 4

 C, 1, 4, 20

 F, 1, 4, 3

 F, 1, 5, 2

 E, 1, 6, 10

 C, 1, 6, 9

 F, 1, 6, 9

 F, 1, 7, 6

 E, 1, 8, 7

 C, 1, 8, 15

 F, 1, 8, 3

 E, 1, 9, 3

 C, 1, 9, 91

 F, 1, 9, 10

 F, 1, 10, 5

 F, 1, 11, 2

 E, 1, 12, 9

 C, 1, 12, 62

 F, 1, 12, 7

 F, 1, 13, 10

 F, 1, 14, 4

 F, 1, 15, 4

 F, 2, 1, 4

 F, 2, 3, 0

 E, 2, 4, 4

 C, 2, 4, 120

 F, 2, 4, 2

 E, 2, 5, 2

 C, 2, 5, 109

 F, 2, 5, 3

 E, 2, 6, 5

 C, 2, 6, 25

 F, 2, 6, 6

 F, 2, 7, 0

 E, 2, 8, 6

 C, 2, 8, 19

 F, 2, 8, 4

 F, 2, 9, 7

 F, 2, 10, 2

 F, 2, 11, 4

 F, 2, 12, 0

 F, 2, 13, 3

 F, 2, 14, 5

 E, 2, 15, 10

 C, 2, 15, 5

 F, 2, 15, 8

 F, 3, 1, 6

 F, 3, 2, 3

 F, 3, 4, 3

 F, 3, 5, 7

 F, 3, 6, 9

 E, 3, 7, 1

 C, 3, 7, 74

 F, 3, 7, 9

 F, 3, 8, 9

 E, 3, 9, 8

 C, 3, 9, 10

 F, 3, 9, 8

 F, 3, 10, 0

 E, 3, 11, 7

 C, 3, 11, 6

 F, 3, 11, 1

 E, 3, 12, 8

 C, 3, 12, 50

 F, 3, 12, 5

 E, 3, 13, 5

 C, 3, 13, 31

 F, 3, 13, 3

 F, 3, 14, 2

 E, 3, 15, 2

 C, 3, 15, 231

 F, 3, 15, 2

 F, 4, 1, 5

 F, 4, 2, 2

 F, 4, 3, 9

 F, 4, 5, 5

 F, 4, 6, 0

 E, 4, 7, 2

 C, 4, 7, 296

 F, 4, 7, 2

 F, 4, 8, 10

 F, 4, 9, 94

 F, 4, 10, 6

 F, 4, 11, 3

 F, 4, 12, 5

 F, 4, 13, 7

 F, 4, 14, 8

 F, 4, 15, 95

 E, 5, 1, 1

 C, 5, 1, 236

 F, 5, 1, 10

 F, 5, 2, 0

 E, 5, 3, 6

 C, 5, 3, 21

 F, 5, 3, 2

 F, 5, 4, 10

 F, 5, 6, 4

 F, 5, 7, 7

 E, 5, 8, 6

 C, 5, 8, 153

 F, 5, 8, 90

 F, 5, 9, 0

 F, 5, 10, 5

 F, 5, 11, 8

 F, 5, 12, 5

 F, 5, 13, 0

 F, 5, 14, 6

 E, 5, 15, 9

 C, 5, 15, 8

 F, 5, 15, 0

 F, 6, 1, 6

 F, 6, 2, 4

 F, 6, 3, 3

 F, 6, 4, 2

 F, 6, 5, 9

 F, 6, 7, 1

 E, 6, 8, 10

 C, 6, 8, 5

 F, 6, 8, 0

 F, 6, 9, 4

 F, 6, 10, 2

 F, 6, 11, 3

 F, 6, 12, 5

 F, 6, 13, 0

 E, 6, 14, 2

 C, 6, 14, 72

 F, 6, 14, 7

 E, 6, 15, 4

 C, 6, 15, 75

 F, 6, 15, 4

 F, 7, 1, 9

 F, 7, 2, 0

 E, 7, 3, 4

 C, 7, 3, 82

 F, 7, 3, 8

 F, 7, 4, 0

 E, 7, 5, 6

 C, 7, 5, 95

 F, 7, 5, 7

 F, 7, 6, 9

 F, 7, 8, 99

 E, 7, 9, 8

 C, 7, 9, 144

 F, 7, 9, 0

 F, 7, 10, 4

 E, 7, 11, 4

 C, 7, 11, 37

 F, 7, 11, 2

 F, 7, 12, 93

 E, 7, 13, 7

 C, 7, 13, 19

 F, 7, 13, 10

 F, 7, 14, 3

 E, 7, 15, 5

 C, 7, 15, 328

 F, 7, 15, 1

 F, 8, 1, 3

 E, 8, 2, 7

 C, 8, 2, 6

 F, 8, 2, 0

 F, 8, 3, 9

 F, 8, 4, 8

 E, 8, 5, 3

 C, 8, 5, 41

 F, 8, 5, 2

 F, 8, 6, 99

 E, 8, 7, 3

 C, 8, 7, 21

 F, 8, 7, 7

 E, 8, 9, 10

 C, 8, 9, 8

 F, 8, 9, 9

 F, 8, 10, 9

 E, 8, 11, 2

 C, 8, 11, 189

 F, 8, 11, 10

 F, 8, 12, 0

 F, 8, 13, 0

 F, 8, 14, 9

 F, 8, 15, 9

 E, 9, 1, 5

 C, 9, 1, 9

 F, 9, 1, 2

 E, 9, 2, 10

 C, 9, 2, 8

 F, 9, 2, 9

 E, 9, 3, 2

 C, 9, 3, 187

 F, 9, 3, 5

 F, 9, 4, 3

 F, 9, 5, 6

 E, 9, 6, 4

 C, 9, 6, 105

 F, 9, 6, 10

 E, 9, 7, 8

 C, 9, 7, 5

 F, 9, 7, 7

 F, 9, 8, 7

 F, 9, 10, 7

 F, 9, 11, 10

 F, 9, 12, 2

 F, 9, 13, 6

 F, 9, 14, 8

 E, 9, 15, 8

 C, 9, 15, 6

 F, 9, 15, 6

 F, 10, 1, 10

 F, 10, 2, 6

 E, 10, 3, 4

 C, 10, 3, 15

 F, 10, 3, 6

 F, 10, 4, 5

 F, 10, 5, 0

 F, 10, 6, 4

 F, 10, 7, 2

 F, 10, 8, 1

 F, 10, 9, 9

 E, 10, 11, 1

 C, 10, 11, 145

 F, 10, 11, 1

 E, 10, 12, 4

 C, 10, 12, 10

 F, 10, 12, 4

 F, 10, 13, 5

 F, 10, 14, 98

 E, 10, 15, 3

 C, 10, 15, 50

 F, 10, 15, 9

 F, 11, 1, 92

 F, 11, 2, 7

 F, 11, 3, 5

 F, 11, 4, 2

 E, 11, 5, 2

 C, 11, 5, 125

 F, 11, 5, 1

 F, 11, 6, 6

 E, 11, 7, 9

 C, 11, 7, 5

 F, 11, 7, 9

 E, 11, 8, 9

 C, 11, 8, 7

 F, 11, 8, 8

 F, 11, 9, 6

 E, 11, 10, 4

 C, 11, 10, 37

 F, 11, 10, 8

 F, 11, 12, 90

 E, 11, 13, 9

 C, 11, 13, 5

 F, 11, 13, 3

 F, 11, 14, 3

 E, 11, 15, 1

 C, 11, 15, 428

 F, 11, 15, 5

 F, 12, 1, 9

 F, 12, 2, 2

 E, 12, 3, 9

 C, 12, 3, 5

 F, 12, 3, 92

 F, 12, 4, 4

 F, 12, 5, 10

 F, 12, 6, 99

 E, 12, 7, 9

 C, 12, 7, 5

 F, 12, 7, 4

 F, 12, 8, 3

 F, 12, 9, 1

 E, 12, 10, 7

 C, 12, 10, 17

 F, 12, 10, 8

 E, 12, 11, 4

 C, 12, 11, 14

 F, 12, 11, 5

 F, 12, 13, 9

 E, 12, 14, 1

 C, 12, 14, 386

 F, 12, 14, 97

 F, 12, 15, 6

 F, 13, 1, 10

 F, 13, 2, 3

 E, 13, 3, 1

 C, 13, 3, 176

 F, 13, 3, 3

 F, 13, 4, 10

 E, 13, 5, 6

 C, 13, 5, 17

 F, 13, 5, 2

 E, 13, 6, 6

 C, 13, 6, 104

 F, 13, 6, 6

 E, 13, 7, 8

 C, 13, 7, 10

 F, 13, 7, 1

 F, 13, 8, 4

 F, 13, 9, 0

 F, 13, 10, 3

 F, 13, 11, 8

 F, 13, 12, 7

 E, 13, 14, 3

 C, 13, 14, 59

 F, 13, 14, 6

 E, 13, 15, 5

 C, 13, 15, 5

 F, 13, 15, 90

 F, 14, 1, 4

 E, 14, 2, 1

 C, 14, 2, 214

 F, 14, 2, 3

 F, 14, 3, 6

 F, 14, 4, 97

 E, 14, 5, 4

 C, 14, 5, 10

 F, 14, 5, 4

 E, 14, 6, 4

 C, 14, 6, 231

 F, 14, 6, 0

 E, 14, 7, 9

 C, 14, 7, 6

 F, 14, 7, 8

 F, 14, 8, 10

 E, 14, 9, 4

 C, 14, 9, 118

 F, 14, 9, 5

 E, 14, 10, 10

 C, 14, 10, 5

 F, 14, 10, 2

 F, 14, 11, 10

 F, 14, 12, 5

 E, 14, 13, 10

 C, 14, 13, 59

 F, 14, 13, 0

 E, 14, 15, 3

 C, 14, 15, 92

 F, 14, 15, 6

 F, 15, 1, 8

 E, 15, 2, 5

 C, 15, 2, 50

 F, 15, 2, 8

 F, 15, 3, 6

 E, 15, 4, 2

 C, 15, 4, 58

 F, 15, 4, 3

 E, 15, 5, 6

 C, 15, 5, 5

 F, 15, 5, 8

 F, 15, 6, 0

 F, 15, 7, 3

 E, 15, 8, 2

 C, 15, 8, 206

 F, 15, 8, 8

 E, 15, 9, 7

 C, 15, 9, 7

 F, 15, 9, 2

 E, 15, 10, 5

 C, 15, 10, 30

 F, 15, 10, 2

 F, 15, 11, 8

 E, 15, 12, 5

 C, 15, 12, 222

 F, 15, 12, 9

 F, 15, 13, 1

 E, 15, 14, 2

 C, 15, 14, 290

 F, 15, 14, 8

